filename,mfcc1,mfcc2,mfcc3,mfcc4,mfcc5,mfcc6,mfcc7,mfcc8,mfcc9,mfcc10,mfcc11,mfcc12,mfcc13,mfcc14,mfcc15,mfcc16,mfcc17,mfcc18,mfcc19,mfcc20,mfcc21,mfcc22,mfcc23,mfcc24,mfcc25,mfcc26,mfcc27,mfcc28,mfcc29,mfcc30,mfcc31,mfcc32,mfcc33,mfcc34,mfcc35,mfcc36,mfcc37,mfcc38,mfcc39,mfcc40,rms,cqt1,cqt2,cqt3,cqt4,cqt5,cqt6,cqt7,cqt8,cqt9,cqt10,cqt11,cqt12,cqt13,cqt14,cqt15,cqt16,cqt17,cqt18,cqt19,cqt20,cqt21,cqt22,cqt23,cqt24,cqt25,cqt26,cqt27,cqt28,cqt29,cqt30,cqt31,cqt32,cqt33,cqt34,cqt35,cqt36,cqt37,cqt38,cqt39,cqt40,cqt41,cqt42,cqt43,cqt44,cqt45,cqt46,cqt47,cqt48,cqt49,cqt50,cqt51,cqt52,cqt53,cqt54,cqt55,cqt56,cqt57,cqt58,cqt59,cqt60,label
../data/DWT_NEW/MVP/New_MVP_062.wav,84.9763412475586,-25.007577896118164,10.39367961883545,6.55728006362915,-6.1068572998046875,13.128814697265625,-13.42255973815918,7.904685020446777,-0.2861972451210022,-1.9961434602737427,6.410635948181152,-6.187475204467773,2.2942583560943604,-2.533411741256714,1.9036695957183838,1.4882419109344482,-5.115087985992432,-6.549695014953613,-2.732133388519287,5.826122283935547,2.374906539916992,-1.8819005489349365,-4.611357688903809,1.0851129293441772,0.28437089920043945,-1.218961238861084,2.235898017883301,2.189584732055664,-0.5265601873397827,-1.9639196395874023,3.2842702865600586,2.8880910873413086,2.8608202934265137,-0.17512142658233643,1.0435935258865356,1.0012062788009644,0.8747586011886597,1.3310202360153198,0.4013594388961792,0.15654850006103516,0.183786541223526,0.26075196266174316,0.3055320382118225,0.3335387110710144,0.33545979857444763,0.3050193786621094,0.24643154442310333,0.16981130838394165,0.09437689930200577,0.04340742528438568,0.016087235882878304,0.058611489832401276,0.146287739276886,0.23019438982009888,0.279560387134552,0.2635726034641266,0.19326850771903992,0.11043767631053925,0.068461574614048,0.0504283532500267,0.08854998648166656,0.17744973301887512,0.19387103617191315,0.1380862593650818,0.11528142541646957,0.28386998176574707,0.4589029550552368,0.42200836539268494,0.21587708592414856,0.22635897994041443,0.31162548065185547,0.22933794558048248,0.10670613497495651,0.09706322848796844,0.0966401919722557,0.18667404353618622,0.25031349062919617,0.18619579076766968,0.11733295768499374,0.07500234991312027,0.1542992740869522,0.24308037757873535,0.26589566469192505,0.21374648809432983,0.20475205779075623,0.2996145188808441,0.32730311155319214,0.26437342166900635,0.22573255002498627,0.24709627032279968,0.213365837931633,0.16920965909957886,0.16348715126514435,0.26115259528160095,0.38651543855667114,0.35551542043685913,0.25601476430892944,0.18795105814933777,0.18296991288661957,0.2891775369644165,0.4007457494735718,MVP
../data/DWT_NEW/MVP/New_MVP_109.wav,149.9329833984375,-21.3955020904541,-7.707365036010742,1.314143180847168,8.173463821411133,10.627166748046875,-28.095911026000977,-22.310054779052734,-6.763113021850586,0.2040392905473709,4.593304634094238,3.656822681427002,1.1685221195220947,-4.382264614105225,-12.373414993286133,-0.836616575717926,1.8443586826324463,-1.9060065746307373,3.3338143825531006,1.0108273029327393,-2.784893035888672,-5.655984878540039,3.209655284881592,-2.005539894104004,1.043776512145996,5.341141700744629,-3.7055087089538574,3.2018918991088867,-5.465181350708008,3.3924918174743652,-3.2879908084869385,3.6327414512634277,-1.2634999752044678,1.8181414604187012,-1.3476839065551758,-0.6953312158584595,0.37188422679901123,-0.5996443629264832,-0.2848866581916809,1.8332633972167969,0.31089797616004944,0.151511549949646,0.1862584352493286,0.2099359929561615,0.21542233228683472,0.19759860634803772,0.1578119397163391,0.10156658291816711,0.04665113613009453,0.06091637909412384,0.10186843574047089,0.124087393283844,0.12869593501091003,0.14167115092277527,0.18433335423469543,0.2434118092060089,0.27726829051971436,0.24539458751678467,0.14912308752536774,0.09017127752304077,0.1253911554813385,0.13813480734825134,0.2720694839954376,0.33593666553497314,0.27052849531173706,0.14213407039642334,0.10634860396385193,0.29934900999069214,0.42997053265571594,0.372791588306427,0.21385528147220612,0.3027260899543762,0.3945446014404297,0.2925875186920166,0.30731189250946045,0.5094364285469055,0.4313720762729645,0.35303837060928345,0.3984675109386444,0.3807666301727295,0.5089927911758423,0.43262815475463867,0.3776910603046417,0.46628862619400024,0.5036942362785339,0.4082033932209015,0.4620203673839569,0.49590766429901123,0.3841894865036011,0.4136415421962738,0.37268760800361633,0.2934158742427826,0.24124540388584137,0.15491807460784912,0.08012381196022034,0.13962219655513763,0.2658322751522064,0.42235875129699707,0.5971368551254272,0.7562519311904907,0.8915148973464966,MVP
../data/DWT_NEW/MVP/New_MVP_009.wav,65.77418518066406,-24.115318298339844,35.11597442626953,-13.81173324584961,-24.43682098388672,16.81601333618164,-15.949690818786621,11.562213897705078,-6.0495805740356445,1.8040473461151123,3.3015193939208984,-1.493710994720459,3.609384536743164,-2.869570016860962,2.237523078918457,-2.59017014503479,2.9707436561584473,-2.8626961708068848,0.46774691343307495,-1.9074159860610962,3.863276481628418,0.3441796898841858,1.303404450416565,0.36579394340515137,1.1116886138916016,0.7309155464172363,1.3157228231430054,0.10336172580718994,0.13253998756408691,-0.6987277865409851,-4.325222015380859,-2.708306074142456,-2.6079704761505127,1.2016665935516357,1.1816561222076416,-0.3985631465911865,1.9677283763885498,2.0656416416168213,-0.022946715354919434,3.402937889099121,0.20304231345653534,0.13510245084762573,0.14569197595119476,0.15932096540927887,0.17524975538253784,0.19146761298179626,0.20639486610889435,0.21552103757858276,0.21306386590003967,0.19707271456718445,0.16763976216316223,0.12914633750915527,0.09449242800474167,0.08437514305114746,0.10172314941883087,0.1427198052406311,0.18543195724487305,0.19846397638320923,0.16841745376586914,0.11104734987020493,0.0683874562382698,0.06499121338129044,0.0710422545671463,0.10720900446176529,0.12089792639017105,0.08003412187099457,0.043615370988845825,0.17493107914924622,0.2706443667411804,0.23325788974761963,0.10770370811223984,0.09392767399549484,0.11769764870405197,0.07839161157608032,0.11721920967102051,0.2033749520778656,0.21536538004875183,0.2598148286342621,0.2402324080467224,0.12793612480163574,0.09356016665697098,0.2427326738834381,0.35370951890945435,0.3489868640899658,0.1997973918914795,0.12793946266174316,0.3472540080547333,0.40789639949798584,0.2900034785270691,0.2955411672592163,0.39643698930740356,0.2776033580303192,0.28437191247940063,0.3819548487663269,0.30031391978263855,0.27485066652297974,0.3344162702560425,0.34279829263687134,0.2474733591079712,0.2007681429386139,0.2399655133485794,MVP
../data/DWT_NEW/MVP/New_MVP_177.wav,138.6407012939453,-21.288923263549805,14.827322006225586,-0.6915594339370728,2.28926157951355,-3.71720027923584,3.3317928314208984,5.692724227905273,1.0637056827545166,-1.9367270469665527,1.0664396286010742,-0.9655402898788452,0.9495741724967957,7.020474433898926,0.9373594522476196,3.075105667114258,6.840619087219238,5.814488887786865,-7.7952141761779785,-5.909820556640625,-0.6678396463394165,2.017988681793213,-6.157145977020264,-1.5807061195373535,-0.885732114315033,1.1452786922454834,3.0439982414245605,4.121560573577881,2.42714262008667,0.2812839150428772,-0.3719050884246826,1.80368971824646,-6.89677619934082,1.2290246486663818,0.7628194689750671,-0.8683529496192932,4.358337879180908,0.047032833099365234,1.1093626022338867,1.274059772491455,0.2921845018863678,0.18829557299613953,0.06393515318632126,0.10260976850986481,0.23269104957580566,0.33363014459609985,0.3779081404209137,0.34438425302505493,0.22615423798561096,0.07391130179166794,0.21612516045570374,0.40739405155181885,0.5129322409629822,0.48772168159484863,0.32002735137939453,0.14897248148918152,0.3294530510902405,0.4739225208759308,0.42882663011550903,0.2586567997932434,0.30539989471435547,0.4422302842140198,0.4005522131919861,0.3162636160850525,0.390011727809906,0.35617193579673767,0.326097697019577,0.3715115487575531,0.3875195384025574,0.3709433078765869,0.30485376715660095,0.26480913162231445,0.3047870397567749,0.34894463419914246,0.31690531969070435,0.29880768060684204,0.3305910527706146,0.36404362320899963,0.40964168310165405,0.46981504559516907,0.5483492612838745,0.6165608167648315,0.6292421817779541,0.6175475120544434,0.5690582990646362,0.40367019176483154,0.20070268213748932,0.2000831663608551,0.33520156145095825,0.3685868978500366,0.4124930799007416,0.33678656816482544,0.4259389638900757,0.5252570509910583,0.3781358301639557,0.2644343972206116,0.45413053035736084,0.549431324005127,0.5081130862236023,0.4424216151237488,0.38866013288497925,MVP
../data/DWT_NEW/MVP/New_MVP_069.wav,76.68418884277344,-20.415687561035156,-5.215241432189941,-27.863414764404297,-19.611936569213867,23.119773864746094,-28.824798583984375,12.820046424865723,-4.512275695800781,-6.043374538421631,4.1619462966918945,-5.754786491394043,0.018901318311691284,-1.2975916862487793,-0.08342194557189941,-1.7208054065704346,0.16616836190223694,-4.495281219482422,-3.195718765258789,1.4068013429641724,3.427609443664551,6.391879558563232,-0.7471573948860168,0.32814890146255493,0.3339952528476715,2.692720890045166,-5.292483806610107,-0.3903564214706421,1.7514171600341797,0.55291748046875,-1.8716157674789429,5.19660758972168,2.6459171772003174,0.6172888278961182,-1.4402706623077393,-0.5107547044754028,-0.27860602736473083,1.3184031248092651,0.045110076665878296,0.2522251009941101,0.19839441776275635,0.10071194171905518,0.1164790540933609,0.12077626585960388,0.10969805717468262,0.08209362626075745,0.04367593675851822,0.02130156382918358,0.05001021921634674,0.06378167867660522,0.049373164772987366,0.019801383838057518,0.06037859618663788,0.09991598129272461,0.11511173844337463,0.08824676275253296,0.03972692787647247,0.03622952103614807,0.04469062387943268,0.027960091829299927,0.03826180845499039,0.060184866189956665,0.060482315719127655,0.035833071917295456,0.03845420852303505,0.13146868348121643,0.1829977035522461,0.14253199100494385,0.07923056185245514,0.1269448697566986,0.1372482180595398,0.08207479119300842,0.07995115220546722,0.14968708157539368,0.17654503881931305,0.2257944792509079,0.2658604085445404,0.23171082139015198,0.16540485620498657,0.06810228526592255,0.12066949903964996,0.21736465394496918,0.24092325568199158,0.1628257781267166,0.15599116683006287,0.35979026556015015,0.458591490983963,0.37231042981147766,0.21397344768047333,0.3839966058731079,0.2969514727592468,0.24972757697105408,0.5148757100105286,0.44503235816955566,0.5338878035545349,0.6023740172386169,0.3616335391998291,0.4070419371128082,0.5228187441825867,0.6253842115402222,0.4414752125740051,MVP
../data/DWT_NEW/MVP/New_MVP_187.wav,155.78408813476562,-1.3475773334503174,7.794834136962891,10.588521957397461,0.8999632000923157,-3.8030171394348145,6.557060241699219,-1.8907305002212524,-1.7725143432617188,-4.121035575866699,3.653998374938965,-3.4436123371124268,3.5195980072021484,-0.4883211553096771,-8.602865219116211,3.5668210983276367,3.374810218811035,1.44288170337677,4.925151824951172,-3.6464898586273193,2.5934510231018066,7.624476909637451,2.920440912246704,-0.9563848972320557,-1.112296462059021,2.636878728866577,0.6569637060165405,4.676239013671875,3.5883960723876953,-2.6808156967163086,3.543163537979126,-0.574333131313324,-2.847764015197754,4.092272758483887,-1.2121217250823975,-2.2755773067474365,4.419482231140137,-0.6438712477684021,-3.4219493865966797,1.1788723468780518,0.2971753180027008,0.6118837594985962,0.5670222640037537,0.416792094707489,0.1767614483833313,0.18595942854881287,0.499232679605484,0.7477627992630005,0.8350560665130615,0.7137410640716553,0.4036642909049988,0.18128007650375366,0.49252384901046753,0.6450979113578796,0.49750596284866333,0.21958434581756592,0.4264254570007324,0.49976664781570435,0.31557732820510864,0.3955378234386444,0.5453937649726868,0.428419291973114,0.34846967458724976,0.38501039147377014,0.3939053416252136,0.49592137336730957,0.5586515665054321,0.6695830821990967,0.6398876905441284,0.6106215715408325,0.8593933582305908,0.9124735593795776,0.7660238742828369,0.948032557964325,0.9429888725280762,0.8512234687805176,0.9076132774353027,0.8429434895515442,0.8228667974472046,0.8131648302078247,0.7993079423904419,0.8053181767463684,0.7975718975067139,0.7807912230491638,0.7516125440597534,0.7317337393760681,0.721268355846405,0.7159383296966553,0.711097240447998,0.7006423473358154,0.6646022796630859,0.6152728199958801,0.623283326625824,0.6809239387512207,0.7016710638999939,0.6333081722259521,0.5234684944152832,0.5847915410995483,0.6412781476974487,0.5115057229995728,0.4636527895927429,MVP
../data/DWT_NEW/MVP/New_MVP_028.wav,70.76126098632812,-13.819793701171875,31.164541244506836,-5.96703577041626,-16.960906982421875,16.006465911865234,-16.073259353637695,14.792780876159668,-9.032600402832031,3.54978346824646,2.0035903453826904,-2.2736053466796875,2.410456895828247,-1.608005404472351,2.3210878372192383,-1.9391326904296875,-0.26608550548553467,-4.365628242492676,1.0112515687942505,-2.765544891357422,-1.0041054487228394,-1.88474702835083,2.1070988178253174,-0.47914382815361023,-1.9617903232574463,1.0220098495483398,1.634228229522705,-2.246696949005127,0.43976861238479614,0.6783632040023804,-4.535432815551758,1.7841062545776367,-1.1939095258712769,-3.1377487182617188,2.6620354652404785,2.1372222900390625,-0.731916606426239,1.2046167850494385,-1.3357439041137695,2.303530693054199,0.18474407494068146,0.10764524340629578,0.09111335873603821,0.11775580048561096,0.18557758629322052,0.2639288306236267,0.32955360412597656,0.360343337059021,0.33706384897232056,0.2571852207183838,0.13726745545864105,0.05589040368795395,0.13153176009655,0.14493873715400696,0.07982469350099564,0.13894665241241455,0.27269476652145386,0.31734156608581543,0.2472059726715088,0.12249119579792023,0.09334829449653625,0.1655913144350052,0.20325800776481628,0.15944384038448334,0.14028441905975342,0.13883914053440094,0.23585085570812225,0.24259646236896515,0.3203703463077545,0.28518736362457275,0.16608589887619019,0.14798761904239655,0.15050406754016876,0.05977579578757286,0.18834102153778076,0.30122828483581543,0.3436972200870514,0.3717326521873474,0.32989776134490967,0.1897977590560913,0.034928616136312485,0.1910407543182373,0.32007545232772827,0.3342348337173462,0.22648203372955322,0.19480744004249573,0.3315344452857971,0.36100128293037415,0.2304244190454483,0.28908640146255493,0.39026013016700745,0.2932535409927368,0.1417493373155594,0.240876242518425,0.2983965575695038,0.32730820775032043,0.2605289816856384,0.23984214663505554,0.21468700468540192,0.1449975222349167,0.1765318661928177,MVP
../data/DWT_NEW/MVP/New_MVP_007.wav,40.175933837890625,-20.676681518554688,42.724586486816406,-14.87249755859375,-16.524017333984375,14.24658489227295,-14.488232612609863,12.083547592163086,-5.366511344909668,0.9239006638526917,4.832284927368164,-1.7233160734176636,2.461528778076172,-2.4952523708343506,1.2029485702514648,-0.6376301646232605,1.8003860712051392,-3.988590717315674,-4.276768207550049,-4.467157363891602,1.9990154504776,1.757524013519287,-0.04644183814525604,-1.4873220920562744,0.15386152267456055,1.9704402685165405,1.8574035167694092,-2.3595497608184814,0.8026989698410034,8.671220779418945,2.2972707748413086,-4.666383743286133,1.7179760932922363,1.8120547533035278,0.4519283175468445,3.6484246253967285,-2.550541400909424,1.2109043598175049,6.342230319976807,-2.703519582748413,0.15139637887477875,0.11070778965950012,0.07216009497642517,0.043613094836473465,0.07867400348186493,0.1347673535346985,0.18201002478599548,0.20523738861083984,0.19317907094955444,0.14617764949798584,0.07985405623912811,0.06526599824428558,0.10956588387489319,0.11433424055576324,0.07003664970397949,0.058788567781448364,0.13195106387138367,0.16501978039741516,0.13929298520088196,0.08521084487438202,0.07407158613204956,0.10611669719219208,0.10139761865139008,0.10147476196289062,0.14209866523742676,0.15650448203086853,0.19705215096473694,0.22836768627166748,0.2994668483734131,0.28709840774536133,0.20215505361557007,0.17247161269187927,0.15662233531475067,0.08056797832250595,0.06260140240192413,0.14046546816825867,0.18278156220912933,0.22266602516174316,0.20328310132026672,0.11844363063573837,0.0979992151260376,0.21193188428878784,0.30179399251937866,0.2976205348968506,0.18192778527736664,0.13222870230674744,0.2948172688484192,0.34450435638427734,0.22956864535808563,0.15031878650188446,0.22968441247940063,0.19044211506843567,0.22912517189979553,0.3078051805496216,0.24753110110759735,0.22245144844055176,0.23136162757873535,0.2105218470096588,0.1733793467283249,0.18247370421886444,0.1978064477443695,MVP
../data/DWT_NEW/MVP/New_MVP_049.wav,100.02040100097656,-12.229829788208008,5.243439674377441,1.1335127353668213,-4.450113773345947,9.960735321044922,-12.16677474975586,7.924929141998291,0.0096549391746521,-4.880701065063477,6.26078987121582,-6.919209003448486,3.3126678466796875,-1.7976081371307373,-2.7896063327789307,-3.974062919616699,-7.864631652832031,-7.292026519775391,-1.6930955648422241,11.40594482421875,7.015439033508301,1.2553482055664062,-5.845760822296143,1.3791172504425049,2.8442440032958984,-2.3979570865631104,-2.6089658737182617,3.9926528930664062,0.179979145526886,-3.5678138732910156,4.085458755493164,1.2604844570159912,0.6455065011978149,4.92117977142334,0.7380316257476807,-0.836003303527832,2.8451929092407227,1.7204090356826782,0.1646362841129303,-3.8256618976593018,0.1844610571861267,0.07465359568595886,0.1310567706823349,0.2011854350566864,0.27234092354774475,0.33035042881965637,0.36212021112442017,0.35371726751327515,0.29593998193740845,0.19652731716632843,0.08422793447971344,0.09677136689424515,0.15919360518455505,0.15656408667564392,0.08832035213708878,0.12306270003318787,0.21800488233566284,0.23699522018432617,0.17520493268966675,0.09346826374530792,0.10030889511108398,0.18571878969669342,0.22835132479667664,0.17796403169631958,0.08981256932020187,0.28348308801651,0.4177922010421753,0.33966171741485596,0.09580352902412415,0.24706077575683594,0.3382546901702881,0.18718212842941284,0.1633845865726471,0.24972255527973175,0.26223263144493103,0.32527583837509155,0.3419845402240753,0.28326454758644104,0.2343415468931198,0.19882676005363464,0.20499345660209656,0.22826528549194336,0.2050565779209137,0.1413928121328354,0.20946946740150452,0.33719146251678467,0.3757897615432739,0.3331390619277954,0.342335045337677,0.34267789125442505,0.24052482843399048,0.1506473869085312,0.2069876492023468,0.2832184135913849,0.38297051191329956,0.3613734245300293,0.2241300344467163,0.17238351702690125,0.2755851149559021,0.3413265347480774,0.30676794052124023,MVP
../data/DWT_NEW/MVP/New_MVP_036.wav,79.23434448242188,-18.134262084960938,21.70068359375,-8.035699844360352,-1.364166021347046,11.041176795959473,-16.44281005859375,13.334518432617188,-2.8347747325897217,-5.849430084228516,7.487757682800293,-6.280368328094482,2.659883975982666,0.33803433179855347,-1.8643828630447388,-3.6696534156799316,-9.377273559570312,-0.24260616302490234,4.177524089813232,6.970500946044922,-2.308274745941162,-2.333649158477783,-1.8197115659713745,4.395957946777344,-1.4467953443527222,-1.1364340782165527,3.657158136367798,1.5259745121002197,-1.3313108682632446,1.6605446338653564,4.882108688354492,1.685987949371338,2.3542990684509277,3.3539867401123047,2.032301425933838,0.6308640241622925,-0.020121872425079346,-0.5958451628684998,2.2810287475585938,1.1787686347961426,0.18162725865840912,0.1540994942188263,0.18944935500621796,0.22677069902420044,0.25301593542099,0.25714296102523804,0.23438414931297302,0.18290428817272186,0.10735753178596497,0.03292844444513321,0.08783869445323944,0.16229042410850525,0.21297672390937805,0.22616896033287048,0.2147030532360077,0.1835779845714569,0.13493497669696808,0.08194167912006378,0.06692025065422058,0.09794576466083527,0.11485186219215393,0.09716673195362091,0.1597326397895813,0.2104111909866333,0.23999884724617004,0.3746543526649475,0.4006900191307068,0.3439791798591614,0.3149317502975464,0.36436840891838074,0.341244101524353,0.23290826380252838,0.17412009835243225,0.23725387454032898,0.2534387409687042,0.27130359411239624,0.31697583198547363,0.28635042905807495,0.218885600566864,0.1823316067457199,0.1785786896944046,0.2535691261291504,0.2578490078449249,0.18954887986183167,0.2129732370376587,0.3618440330028534,0.4099036753177643,0.34111732244491577,0.3312268853187561,0.3443049490451813,0.2673168480396271,0.24066945910453796,0.25884610414505005,0.21498152613639832,0.2960391938686371,0.3552592098712921,0.4211115837097168,0.31093159317970276,0.15677028894424438,0.24249324202537537,0.32715535163879395,MVP
../data/DWT_NEW/MVP/New_MVP_162.wav,13.888692855834961,-96.80474090576172,29.31905746459961,-19.638622283935547,10.90799331665039,-9.17789363861084,0.364529550075531,-7.998908996582031,-7.1483869552612305,-3.9357330799102783,0.49412834644317627,3.7145841121673584,-3.728588581085205,3.773441791534424,9.7014799118042,5.611502647399902,5.961112022399902,1.2151415348052979,1.324453592300415,4.642293930053711,2.571201801300049,-2.413750648498535,1.0489366054534912,-2.0584373474121094,-2.1337571144104004,2.860121726989746,-2.7654008865356445,-1.9099557399749756,-5.296065330505371,-2.8842716217041016,-3.7492613792419434,-4.461612224578857,-3.4673354625701904,-5.469940185546875,0.27098411321640015,-2.254718780517578,-0.4388545751571655,-3.719876289367676,-3.0105602741241455,-1.0297095775604248,0.30757179856300354,0.021049633622169495,0.028803285211324692,0.03625029698014259,0.04188193008303642,0.04405521973967552,0.04167158156633377,0.033820971846580505,0.02112763747572899,0.01332737598568201,0.029705513268709183,0.048677925020456314,0.06179796904325485,0.06549389660358429,0.0562550388276577,0.03667723387479782,0.01686595194041729,0.02615588903427124,0.029301779344677925,0.01985674723982811,0.0278983972966671,0.046082258224487305,0.04714858531951904,0.03137936443090439,0.01614578254520893,0.01506711170077324,0.013113182038068771,0.013006897643208504,0.012578340247273445,0.015549197793006897,0.021835822612047195,0.02669558674097061,0.03606770932674408,0.044408537447452545,0.05132409930229187,0.05852990970015526,0.06690149009227753,0.07123260200023651,0.0766027569770813,0.07335035502910614,0.05805642902851105,0.03760424256324768,0.054835714399814606,0.06297443807125092,0.058407433331012726,0.048961859196424484,0.04283776134252548,0.032943952828645706,0.01845686137676239,0.022756332531571388,0.02702343463897705,0.024667298421263695,0.02985522709786892,0.035179443657398224,0.030578281730413437,0.02735581248998642,0.02577998861670494,0.015013495460152626,0.013574080541729927,0.024869155138731003,0.024482592940330505,MVP
../data/DWT_NEW/MVP/New_MVP_026.wav,71.46327209472656,-18.641075134277344,30.189395904541016,-5.129846096038818,-18.03577423095703,15.308185577392578,-16.14966583251953,15.576353073120117,-9.272491455078125,2.02119517326355,1.1755969524383545,-2.9019761085510254,2.8485171794891357,0.3820462226867676,1.8695781230926514,-0.8525373935699463,4.218471527099609,2.4518930912017822,2.9146125316619873,-6.477602481842041,-4.288599967956543,-0.2827540934085846,3.077155828475952,-3.7699356079101562,0.24144688248634338,2.551875591278076,-0.9863722324371338,-0.43622109293937683,1.5769953727722168,-4.236769676208496,-2.518641710281372,2.040745973587036,-0.5372851490974426,-0.840243935585022,-0.1847618818283081,3.3425960540771484,1.3277322053909302,-2.3985211849212646,0.11478817462921143,1.218473196029663,0.1944517195224762,0.06824560463428497,0.06154142692685127,0.12057717144489288,0.20405204594135284,0.28608667850494385,0.34721291065216064,0.3667277991771698,0.3272668421268463,0.2297956943511963,0.0980844795703888,0.07903779298067093,0.1604948341846466,0.16204681992530823,0.09744947403669357,0.18391144275665283,0.2880920171737671,0.28884509205818176,0.18891683220863342,0.06696068495512009,0.04009110480546951,0.13084760308265686,0.1589401662349701,0.13252632319927216,0.1675005406141281,0.19703909754753113,0.2504734396934509,0.2803088128566742,0.32464081048965454,0.30483168363571167,0.2306355983018875,0.1645667403936386,0.11525583267211914,0.04322335869073868,0.15703365206718445,0.2742210030555725,0.310707688331604,0.3408834934234619,0.2782137989997864,0.14639164507389069,0.10902751982212067,0.28910526633262634,0.41462910175323486,0.41134947538375854,0.2852397561073303,0.23620644211769104,0.37554222345352173,0.38736993074417114,0.2017037570476532,0.2391432523727417,0.4167705178260803,0.3668981194496155,0.2522721290588379,0.32912832498550415,0.3150796890258789,0.34938299655914307,0.2678804099559784,0.2112163007259369,0.2892071604728699,0.224589541554451,0.1805461347103119,MVP
../data/DWT_NEW/MVP/New_MVP_188.wav,146.86724853515625,-7.023876667022705,-7.371490955352783,9.61572551727295,-2.011368751525879,1.0118911266326904,6.392338752746582,-4.290407657623291,-4.215479373931885,-2.5116190910339355,-1.7662144899368286,-6.654788494110107,2.042642116546631,2.348820209503174,1.5433073043823242,6.7963361740112305,-4.743987083435059,0.6208339929580688,3.4789786338806152,-2.3959412574768066,3.173887252807617,6.332787990570068,-0.43931007385253906,4.271689414978027,6.242995262145996,4.167133808135986,1.182477593421936,2.1052818298339844,-3.0100319385528564,-1.6708478927612305,2.1820008754730225,-1.4753392934799194,1.648404598236084,2.809903144836426,-2.78769850730896,-1.5854387283325195,4.802837371826172,-4.991247653961182,-2.2863821983337402,3.0897560119628906,0.2737240195274353,0.5524195432662964,0.5221303701400757,0.4436125159263611,0.32471537590026855,0.1994064450263977,0.17602533102035522,0.26430970430374146,0.3369736075401306,0.3690377473831177,0.3888393044471741,0.417527437210083,0.42185699939727783,0.348624050617218,0.20216068625450134,0.11437935382127762,0.18265074491500854,0.2795538008213043,0.4024648070335388,0.4020628333091736,0.24745088815689087,0.12752294540405273,0.14563892781734467,0.29629814624786377,0.30503222346305847,0.24673046171665192,0.2524550259113312,0.3456362187862396,0.43314462900161743,0.5479294061660767,0.5578742027282715,0.5568768978118896,0.7318507432937622,0.7390264272689819,0.6134271621704102,0.695069432258606,0.5915346145629883,0.5002450346946716,0.47087937593460083,0.39227741956710815,0.4040655195713043,0.4340737760066986,0.5201574563980103,0.6000714302062988,0.6339086294174194,0.602696418762207,0.5193639993667603,0.41962242126464844,0.3684757351875305,0.4297226071357727,0.5572127103805542,0.6491682529449463,0.677323579788208,0.6347289085388184,0.6040236949920654,0.6523653864860535,0.6506096720695496,0.5920191407203674,0.5019294023513794,0.5576111078262329,0.7023105025291443,MVP
../data/DWT_NEW/MVP/New_MVP_200.wav,136.81790161132812,-26.435808181762695,-10.695343017578125,8.965566635131836,0.4047074317932129,-8.987140655517578,-3.066666603088379,4.825374603271484,2.7479515075683594,3.733339309692383,-2.1128158569335938,0.5911945104598999,-4.648171424865723,-1.9504985809326172,2.0758349895477295,-2.8665378093719482,-1.5546188354492188,0.2385212630033493,1.723783016204834,0.07299947738647461,1.077261209487915,1.1474552154541016,-2.276538133621216,1.662980079650879,0.013816427439451218,2.1754422187805176,3.6973750591278076,-0.023778900504112244,3.8981823921203613,1.2860738039016724,-0.39421582221984863,-2.6056885719299316,-1.5025171041488647,-0.6718690395355225,0.31287872791290283,-0.6413291096687317,-4.756458282470703,-2.5415549278259277,-4.080647945404053,-2.6219494342803955,0.2617187201976776,0.09425210952758789,0.12892837822437286,0.17465372383594513,0.21664971113204956,0.2432962954044342,0.24771131575107574,0.22596058249473572,0.18354040384292603,0.15066787600517273,0.17626872658729553,0.2445831000804901,0.3111330270767212,0.35083162784576416,0.35177895426750183,0.30840879678726196,0.22518396377563477,0.1259409785270691,0.07556203007698059,0.1412486582994461,0.2467557191848755,0.3024851083755493,0.2449369579553604,0.14284566044807434,0.14156624674797058,0.15618300437927246,0.21287688612937927,0.2357376217842102,0.22593146562576294,0.1489739716053009,0.2494560331106186,0.4024161696434021,0.35781803727149963,0.24625645577907562,0.3142440915107727,0.30995965003967285,0.21963897347450256,0.2058669924736023,0.23753386735916138,0.3268851339817047,0.3959749639034271,0.4019107222557068,0.34562233090400696,0.25618037581443787,0.1667218655347824,0.11336325109004974,0.20332153141498566,0.34860002994537354,0.47107645869255066,0.48737436532974243,0.3736778199672699,0.261780321598053,0.3097324073314667,0.4008941054344177,0.436539888381958,0.36747270822525024,0.24201646447181702,0.28202998638153076,0.369387149810791,0.39968836307525635,0.2578030824661255,MVP
../data/DWT_NEW/MVP/New_MVP_070.wav,67.8223648071289,-16.66140365600586,0.5375989675521851,-22.687450408935547,-23.42742919921875,26.348804473876953,-24.232269287109375,10.055259704589844,-3.555245876312256,-1.3525173664093018,1.3217133283615112,-4.689232349395752,1.748745322227478,-3.590934991836548,-0.9175951480865479,-2.923866033554077,2.515658378601074,-1.104534387588501,3.457191228866577,4.876442909240723,5.879631996154785,0.8661338090896606,-0.4910721480846405,2.9854650497436523,0.3350474238395691,-1.526426076889038,-0.5657051205635071,0.5291224122047424,-3.184795379638672,-0.6665525436401367,-0.2440127730369568,0.2861747741699219,0.5506587028503418,2.0562403202056885,-1.1385104656219482,-2.2943711280822754,-2.8416013717651367,1.0295735597610474,1.3000433444976807,-3.114625930786133,0.17558930814266205,0.08172710984945297,0.08252350986003876,0.08580544590950012,0.0923357754945755,0.09973622858524323,0.10375058650970459,0.09831499308347702,0.07859382778406143,0.04751880466938019,0.04507172480225563,0.09459857642650604,0.14090478420257568,0.1572456955909729,0.13548371195793152,0.0939822569489479,0.07763805985450745,0.0772625058889389,0.050832122564315796,0.040568798780441284,0.0617034025490284,0.05851283669471741,0.03953031450510025,0.05685628205537796,0.07368384301662445,0.09558039903640747,0.14156635105609894,0.13866370916366577,0.10768440365791321,0.11056719720363617,0.12298819422721863,0.09245090186595917,0.09297028183937073,0.13415473699569702,0.15014111995697021,0.21419629454612732,0.257012277841568,0.22054268419742584,0.16300258040428162,0.06974256038665771,0.07877251505851746,0.17447605729103088,0.20391155779361725,0.12803666293621063,0.13363511860370636,0.2903665006160736,0.3611762225627899,0.25409623980522156,0.2434512823820114,0.41860824823379517,0.37371957302093506,0.1925373524427414,0.36556529998779297,0.27520236372947693,0.46172264218330383,0.49330002069473267,0.3125918507575989,0.4348013997077942,0.32568490505218506,0.4000577926635742,0.38020268082618713,MVP
../data/DWT_NEW/MVP/New_MVP_118.wav,130.14373779296875,-22.956165313720703,1.8168389797210693,4.523021697998047,-3.8895957469940186,-3.87138295173645,4.520183563232422,-8.520730972290039,-5.361477851867676,-3.1592111587524414,0.14629989862442017,-5.333259582519531,-0.3977733254432678,1.8310363292694092,-1.6118377447128296,6.692009925842285,2.540282964706421,3.419769763946533,6.800737380981445,1.3714146614074707,4.847829818725586,8.140966415405273,-0.5569677352905273,-0.4773506820201874,3.0794098377227783,3.1007723808288574,-0.3907600939273834,5.491990089416504,3.631946086883545,-3.558609962463379,0.2942551374435425,0.7529839277267456,1.3155524730682373,2.8882341384887695,-3.3742878437042236,0.19380265474319458,5.639759063720703,-5.877366542816162,-2.972687244415283,3.7792916297912598,0.2549174129962921,0.1422247290611267,0.11822591722011566,0.12133133411407471,0.15295544266700745,0.19411182403564453,0.2309698760509491,0.2579260766506195,0.2771547734737396,0.29798123240470886,0.31902575492858887,0.32016634941101074,0.2841342091560364,0.2134755551815033,0.13859370350837708,0.12126481533050537,0.1403900384902954,0.16598695516586304,0.19517682492733002,0.19470611214637756,0.15211297571659088,0.09205403178930283,0.06281636655330658,0.11545516550540924,0.1411503255367279,0.1045072004199028,0.12078473716974258,0.2655150294303894,0.30276891589164734,0.18363186717033386,0.28044912219047546,0.4235990047454834,0.3498251140117645,0.3632025122642517,0.5111724138259888,0.4423638582229614,0.5062235593795776,0.5618913769721985,0.5300953388214111,0.5633276700973511,0.5278717875480652,0.5031701326370239,0.4645773470401764,0.4378022849559784,0.409557580947876,0.38900578022003174,0.3870553970336914,0.41055038571357727,0.4291728734970093,0.42234355211257935,0.4238251745700836,0.3834991455078125,0.21607521176338196,0.22494050860404968,0.32151415944099426,0.347688764333725,0.43949049711227417,0.4820745587348938,0.38823431730270386,0.316115140914917,0.44235068559646606,MVP
../data/DWT_NEW/MVP/New_MVP_091.wav,74.09248352050781,-30.728696823120117,-8.722417831420898,-20.74407196044922,-23.983667373657227,21.436769485473633,-20.196269989013672,9.028186798095703,-3.005650758743286,-0.6388686895370483,1.6612317562103271,-1.922167181968689,1.798713207244873,-2.9232661724090576,0.0913691520690918,0.22119140625,0.5302643775939941,1.9187302589416504,1.9172697067260742,2.9445323944091797,-0.3350921869277954,0.42370039224624634,-2.33756947517395,2.783547878265381,-1.2573082447052002,-0.4617568254470825,-1.8678418397903442,2.997041940689087,0.3655681014060974,0.9047179222106934,1.664923906326294,4.519304275512695,0.921802818775177,2.2590208053588867,-0.4149380028247833,-3.424351692199707,0.491890013217926,3.4636058807373047,-0.9451766014099121,0.781438946723938,0.18897631764411926,0.09454041719436646,0.09954047948122025,0.09831605851650238,0.08930481970310211,0.07258046418428421,0.051891520619392395,0.03292078152298927,0.02229081094264984,0.02047116309404373,0.03254703804850578,0.062173277139663696,0.09664572775363922,0.1186714768409729,0.12334098666906357,0.10312282294034958,0.06670357286930084,0.03049713745713234,0.015564057976007462,0.019498802721500397,0.016963263973593712,0.03742509335279465,0.04999198764562607,0.03977089002728462,0.05861339718103409,0.11839646100997925,0.13602307438850403,0.0867709070444107,0.04020591080188751,0.09697732329368591,0.09645062685012817,0.04476568475365639,0.026703564450144768,0.07480312138795853,0.07940317690372467,0.12681575119495392,0.15170824527740479,0.11427941918373108,0.07126528024673462,0.08695106208324432,0.17678187787532806,0.24072514474391937,0.2395283579826355,0.1515246480703354,0.09234077483415604,0.2512710988521576,0.2989029288291931,0.2027740776538849,0.241629958152771,0.3878629207611084,0.2724806070327759,0.289054274559021,0.4906468689441681,0.3687658905982971,0.38202059268951416,0.3961086869239807,0.38098442554473877,0.4136229157447815,0.3926563262939453,0.46565359830856323,0.36195260286331177,MVP
../data/DWT_NEW/MVP/New_MVP_174.wav,41.033164978027344,-76.99626159667969,30.980436325073242,-15.139627456665039,13.6033353805542,-2.9780282974243164,5.08123779296875,-2.542515277862549,5.502388000488281,-7.551100730895996,-4.127150058746338,0.9417858719825745,4.900223731994629,2.8489837646484375,-3.283869743347168,-0.689682126045227,2.5352091789245605,-4.457733154296875,-7.530242919921875,-9.19904899597168,-4.701314926147461,-1.9530582427978516,1.138498067855835,1.5204472541809082,0.010619085282087326,1.4937446117401123,-3.013991355895996,0.7304569482803345,-1.0536086559295654,1.2111384868621826,0.17925220727920532,0.7281638383865356,-1.315446376800537,-2.126183032989502,4.430075645446777,-4.293558120727539,-2.67362380027771,-0.807144284248352,-1.4944121837615967,-0.402774453163147,0.3168114423751831,0.05548844486474991,0.05160713195800781,0.04538126662373543,0.037339963018894196,0.02931833639740944,0.026036344468593597,0.03054627776145935,0.03818352520465851,0.043598711490631104,0.04382559284567833,0.039464980363845825,0.0416952446103096,0.06336420774459839,0.09128716588020325,0.11267943680286407,0.11666321754455566,0.09666907787322998,0.058186497539281845,0.03186691552400589,0.05879254266619682,0.07526141405105591,0.08256330341100693,0.10398013889789581,0.114206463098526,0.09607889503240585,0.06922480463981628,0.07531873881816864,0.08759456872940063,0.07483157515525818,0.0554373525083065,0.051998913288116455,0.054384730756282806,0.0421435572206974,0.04409412294626236,0.052739329636096954,0.05053006112575531,0.04200392961502075,0.02986910194158554,0.017036639153957367,0.034264251589775085,0.05386834591627121,0.06746777892112732,0.07258975505828857,0.06841086596250534,0.05719137564301491,0.060923077166080475,0.05545782670378685,0.036359354853630066,0.028860360383987427,0.020118702203035355,0.03567642718553543,0.04895375669002533,0.03964649513363838,0.019676610827445984,0.010293691419064999,0.028934933245182037,0.03222677856683731,0.01896953023970127,0.0050214435905218124,0.027779772877693176,MVP
../data/DWT_NEW/MVP/New_MVP_149.wav,22.31645965576172,-79.18711853027344,36.15348815917969,-9.667078018188477,9.154525756835938,-12.13829231262207,8.674736976623535,3.402824640274048,7.516151428222656,6.349037170410156,-1.3965718746185303,0.41693609952926636,-4.724252700805664,1.0849686861038208,3.130493640899658,0.5662903785705566,1.5785658359527588,5.260908126831055,1.4550576210021973,-2.730550527572632,6.771373748779297,3.4329118728637695,0.24642717838287354,-3.604410171508789,-0.6151384115219116,1.0180938243865967,-0.4772440195083618,1.380418062210083,-0.3618541359901428,0.1902448534965515,-2.0563039779663086,2.892956256866455,-2.2401928901672363,-1.9254823923110962,1.907968521118164,-2.005251884460449,0.06392455101013184,-3.5492348670959473,2.4338786602020264,-2.1955604553222656,0.2604721784591675,0.03299900144338608,0.012077420018613338,0.010732527822256088,0.03281201049685478,0.051316048949956894,0.06273701786994934,0.06320179253816605,0.04945279657840729,0.021469907835125923,0.022853048518300056,0.06982503831386566,0.11302758753299713,0.13774976134300232,0.14020177721977234,0.11418280005455017,0.06663574278354645,0.02442457713186741,0.042348671704530716,0.05109037458896637,0.030620474368333817,0.027650032192468643,0.06411056965589523,0.08019772171974182,0.0652066171169281,0.03411134332418442,0.026879416778683662,0.03580327332019806,0.050575029104948044,0.05906277894973755,0.0412333607673645,0.02741243503987789,0.0570698156952858,0.06000879779458046,0.0359078086912632,0.03712787479162216,0.039133280515670776,0.030963730067014694,0.025780541822314262,0.026862232014536858,0.025637861341238022,0.03190424665808678,0.03819199651479721,0.03694582358002663,0.01969468593597412,0.016469856724143028,0.05731116980314255,0.07935623824596405,0.06813101470470428,0.029596153646707535,0.04569607228040695,0.05332295969128609,0.02056567743420601,0.020541734993457794,0.029345935210585594,0.011519850231707096,0.005088726989924908,0.0264370609074831,0.06374751776456833,0.07696054875850677,0.04631234332919121,MVP
../data/DWT_NEW/MVP/New_MVP_137.wav,33.94211196899414,-81.9325942993164,34.05037307739258,-2.4462695121765137,12.43171501159668,-6.607940196990967,8.987546920776367,0.7559909820556641,-1.7958394289016724,-8.499842643737793,-7.004920959472656,7.5645976066589355,9.841955184936523,3.4069719314575195,-8.31776237487793,0.47124409675598145,11.453388214111328,3.6394240856170654,0.4924699664115906,-1.9248154163360596,0.44395631551742554,9.860025405883789,-2.4842920303344727,-1.5912046432495117,6.518962860107422,3.6024460792541504,-0.8370305299758911,-1.4346429109573364,1.9196443557739258,-8.793462753295898,1.3901422023773193,2.0459766387939453,-1.2379260063171387,0.9838681221008301,2.1337013244628906,-2.7421164512634277,-0.8179608583450317,2.074627161026001,-0.6745765209197998,-0.46852177381515503,0.2645918130874634,0.10076684504747391,0.09400945901870728,0.08247818797826767,0.06526225060224533,0.0420265831053257,0.014413908123970032,0.015798648819327354,0.04450085386633873,0.06752447783946991,0.08061230182647705,0.08020976930856705,0.07117132097482681,0.06932426989078522,0.08686255663633347,0.11151669174432755,0.12127399444580078,0.10327727347612381,0.05982612073421478,0.006666569039225578,0.03425240516662598,0.0477791391313076,0.03954699635505676,0.027203068137168884,0.020669465884566307,0.03956909850239754,0.04741285368800163,0.0594521090388298,0.08840645104646683,0.09154676645994186,0.0711110532283783,0.06336532533168793,0.06866025179624557,0.0457814559340477,0.014516608789563179,0.019252248108386993,0.04876470938324928,0.057856135070323944,0.04612729698419571,0.035623401403427124,0.029144449159502983,0.011129180900752544,0.017345542088150978,0.03380221500992775,0.041670963168144226,0.0443265363574028,0.04608633369207382,0.04572068527340889,0.035323984920978546,0.01922595128417015,0.02982308901846409,0.04373353719711304,0.04519318789243698,0.029654650017619133,0.018728120252490044,0.062136489897966385,0.08426248282194138,0.077555812895298,0.05223176255822182,0.030328188091516495,0.02987081930041313,MVP
../data/DWT_NEW/MVP/New_MVP_065.wav,69.87214660644531,-22.0655517578125,-1.66387140750885,-32.76828384399414,-19.39666748046875,22.27835464477539,-25.571332931518555,7.820137023925781,0.32334816455841064,-4.257617950439453,3.989496946334839,-2.022326946258545,2.9534003734588623,-1.306213617324829,1.9162976741790771,-1.0870957374572754,1.5944466590881348,1.4011629819869995,1.5530856847763062,-0.7815157771110535,-2.712986946105957,-1.0158859491348267,-0.192481130361557,2.102652072906494,-1.9227266311645508,0.3686302602291107,0.25887852907180786,2.0037355422973633,-0.24780040979385376,0.8014129996299744,2.2659318447113037,4.001035690307617,0.7174105644226074,2.7857680320739746,0.9066746234893799,-2.495441436767578,0.5153853893280029,0.7878333330154419,-2.6257028579711914,0.1294153928756714,0.17603792250156403,0.0416107103228569,0.03810761496424675,0.042949773371219635,0.0529305636882782,0.06174929812550545,0.0643199235200882,0.05606083199381828,0.034245770424604416,0.01563780941069126,0.0574028305709362,0.10397346317768097,0.1365911364555359,0.1426384150981903,0.11931632459163666,0.07162085175514221,0.025688093155622482,0.01891944371163845,0.017952149733901024,0.04014658182859421,0.05656019598245621,0.04525650292634964,0.03474360331892967,0.050104446709156036,0.05837630853056908,0.1072864830493927,0.13117028772830963,0.11120078712701797,0.08631843328475952,0.12077328562736511,0.13417375087738037,0.09561359882354736,0.04402673989534378,0.054455529898405075,0.08249059319496155,0.14889952540397644,0.18702027201652527,0.17048290371894836,0.1212652400135994,0.07489077746868134,0.14507737755775452,0.2418501079082489,0.2735671401023865,0.19334544241428375,0.11195986717939377,0.2654811143875122,0.3606640100479126,0.265880286693573,0.1926194280385971,0.4006872773170471,0.378081738948822,0.21496136486530304,0.42925000190734863,0.3256458044052124,0.43760862946510315,0.4957568645477295,0.34975019097328186,0.4752189517021179,0.3555259108543396,0.3911854326725006,0.45994681119918823,MVP
../data/DWT_NEW/MVP/New_MVP_199.wav,105.60118103027344,2.0303666591644287,14.33005428314209,-5.421272277832031,-7.375057220458984,-0.6909483671188354,-0.13850122690200806,5.3239617347717285,-6.410996437072754,0.5057255029678345,2.3647754192352295,0.775585412979126,-1.6926465034484863,-1.354029655456543,0.1466580331325531,5.3826141357421875,-1.0895897150039673,-4.516574382781982,-0.005273234099149704,3.0663866996765137,-2.0246801376342773,-1.8693701028823853,1.241628885269165,1.2585177421569824,-3.4149646759033203,-1.3852386474609375,-3.872673988342285,-3.4090566635131836,2.3220462799072266,-0.8253208994865417,-1.004884958267212,1.0393784046173096,0.17397645115852356,1.5110926628112793,0.6241373419761658,-0.9521009922027588,0.8550761938095093,-0.597927987575531,-0.45813077688217163,0.09591300785541534,0.16795596480369568,0.311876505613327,0.36421993374824524,0.40063363313674927,0.40830710530281067,0.3756312131881714,0.30099189281463623,0.1897825449705124,0.07311350107192993,0.12061147391796112,0.19809381663799286,0.19662106037139893,0.10705696791410446,0.14573535323143005,0.34479355812072754,0.4785941541194916,0.4541809856891632,0.27579087018966675,0.18145088851451874,0.29630547761917114,0.270065575838089,0.2601707875728607,0.40893012285232544,0.38722893595695496,0.2878156304359436,0.32627224922180176,0.3072066009044647,0.342549592256546,0.3278478682041168,0.2589537501335144,0.23897071182727814,0.29253917932510376,0.30178743600845337,0.2824379801750183,0.32920026779174805,0.3952602744102478,0.43810051679611206,0.4761292338371277,0.5165661573410034,0.5388365983963013,0.5419435501098633,0.5195733308792114,0.4828208088874817,0.46208661794662476,0.48613250255584717,0.5377949476242065,0.5724011659622192,0.572359561920166,0.5502152442932129,0.5007944703102112,0.4245151877403259,0.3787446916103363,0.40011823177337646,0.427900105714798,0.44410473108291626,0.3981531858444214,0.3692588210105896,0.3568617105484009,0.24292029440402985,0.16396379470825195,0.18381521105766296,MVP
../data/DWT_NEW/MVP/New_MVP_058.wav,84.38079833984375,-15.797423362731934,3.4173340797424316,-1.763911247253418,-8.063305854797363,13.197187423706055,-19.285789489746094,11.502548217773438,0.7078152298927307,-8.009641647338867,9.455194473266602,-5.733956336975098,2.8052005767822266,-2.5391838550567627,-0.8477068543434143,0.8605272769927979,0.7785016298294067,2.862240791320801,-1.0684717893600464,3.966250419616699,1.0497512817382812,10.138708114624023,2.5569496154785156,1.3873318433761597,0.19306910037994385,4.032976150512695,0.1789226531982422,-1.4581494331359863,0.5495994687080383,-2.4259228706359863,-1.1909314393997192,-1.1388099193572998,-1.62032151222229,-2.3701751232147217,1.0174336433410645,1.508331537246704,-1.0045777559280396,-0.7228075265884399,-0.9703420996665955,-0.8643423318862915,0.1752886176109314,0.2147178053855896,0.23506280779838562,0.2481287717819214,0.2506321668624878,0.24056176841259003,0.22104710340499878,0.19528236985206604,0.16888874769210815,0.153400257229805,0.16153693199157715,0.19490718841552734,0.23964042961597443,0.2760252058506012,0.286013662815094,0.25671473145484924,0.19565173983573914,0.12706013023853302,0.08392901718616486,0.07050412148237228,0.07564882934093475,0.08342640101909637,0.0863584354519844,0.08206705003976822,0.11771483719348907,0.14691665768623352,0.11804002523422241,0.08900556713342667,0.12187923491001129,0.1819910705089569,0.17914938926696777,0.15976741909980774,0.16678684949874878,0.20245227217674255,0.23651401698589325,0.19890771806240082,0.18289433419704437,0.15818560123443604,0.16321969032287598,0.1749061942100525,0.18690432608127594,0.22619962692260742,0.22446222603321075,0.2450224608182907,0.3172932267189026,0.37537363171577454,0.3434613347053528,0.22355882823467255,0.24260692298412323,0.26605138182640076,0.24739427864551544,0.37357187271118164,0.46212685108184814,0.43113166093826294,0.39448046684265137,0.31864577531814575,0.3222402334213257,0.4275510907173157,0.4773734211921692,0.4994046092033386,0.3477233648300171,MVP
../data/DWT_NEW/MVP/New_MVP_011.wav,54.389503479003906,-20.23192596435547,45.811767578125,-10.598027229309082,-23.79932975769043,21.14183807373047,-17.073068618774414,13.893099784851074,-5.398126125335693,-0.079566091299057,5.514543533325195,-1.8291130065917969,3.0759410858154297,-1.326828956604004,1.9892892837524414,-6.831125736236572,-1.3177826404571533,-4.629563808441162,5.65065860748291,3.6039750576019287,2.1474854946136475,-3.132935047149658,2.953627109527588,2.5488853454589844,0.33118298649787903,-0.566066324710846,-0.31883686780929565,3.201082706451416,2.2650084495544434,-3.099365711212158,-4.655865669250488,2.0856728553771973,-1.264390468597412,0.022031843662261963,0.7077418565750122,4.260463714599609,2.2076802253723145,-0.16817376017570496,1.5436631441116333,2.5474741458892822,0.19704650342464447,0.19126208126544952,0.17999455332756042,0.16846932470798492,0.16675251722335815,0.18197785317897797,0.20917552709579468,0.2317817509174347,0.23378677666187286,0.21184572577476501,0.17848485708236694,0.16393157839775085,0.17753490805625916,0.17803877592086792,0.15230891108512878,0.14271730184555054,0.19029748439788818,0.21070647239685059,0.16765788197517395,0.09182988107204437,0.046817515045404434,0.06612613052129745,0.08072970807552338,0.11026240140199661,0.17366546392440796,0.15129980444908142,0.15403571724891663,0.16477800905704498,0.30634254217147827,0.29470711946487427,0.1773357093334198,0.14357364177703857,0.14648669958114624,0.08204041421413422,0.07296273857355118,0.20298871397972107,0.23953287303447723,0.28887131810188293,0.2888239026069641,0.18404076993465424,0.06940009444952011,0.15852245688438416,0.2763042747974396,0.2928772270679474,0.17678429186344147,0.13515445590019226,0.3279350996017456,0.38702964782714844,0.2641142010688782,0.22252820432186127,0.35196295380592346,0.2915632724761963,0.2227317839860916,0.2532600164413452,0.2147502601146698,0.2940625548362732,0.2872953414916992,0.21841982007026672,0.21674905717372894,0.18163570761680603,0.12912218272686005,MVP
../data/DWT_NEW/MVP/New_MVP_154.wav,13.424949645996094,-78.148681640625,25.568754196166992,-24.608388900756836,9.060566902160645,-9.573890686035156,2.8297085762023926,-10.155426025390625,-5.54517936706543,-3.2699975967407227,-0.9293810129165649,1.7173799276351929,-2.2481584548950195,2.7579612731933594,2.344886302947998,-3.4367761611938477,0.31601494550704956,-0.7510136961936951,-1.0539188385009766,5.386988639831543,2.274834394454956,-3.8593106269836426,1.4258002042770386,-3.8245363235473633,-6.150818824768066,-1.1729844808578491,-0.6074970960617065,-1.317123532295227,-5.202303409576416,-0.4586641788482666,-4.009170055389404,-4.3701701164245605,-1.5860419273376465,-0.19663038849830627,1.2429338693618774,0.8007047772407532,0.1255267858505249,-0.3353029489517212,0.5971944332122803,-2.1846132278442383,0.23159091174602509,0.014136557467281818,0.011488793417811394,0.008763838559389114,0.006867168936878443,0.007804363965988159,0.011646143160760403,0.017016373574733734,0.023148639127612114,0.029770197346806526,0.03644070774316788,0.04217802360653877,0.04575032368302345,0.044634029269218445,0.04220745712518692,0.035820797085762024,0.026322823017835617,0.016061943024396896,0.010606682859361172,0.020845670253038406,0.038284242153167725,0.05066550895571709,0.045728541910648346,0.0215854961425066,0.009047902189195156,0.01995144784450531,0.011305581778287888,0.01356763020157814,0.01664580963551998,0.02109333500266075,0.025336677208542824,0.02281620353460312,0.016407204791903496,0.032755013555288315,0.04508307948708534,0.03505878895521164,0.02886304259300232,0.05408520624041557,0.057832181453704834,0.05124671384692192,0.053463246673345566,0.047744255512952805,0.02783089503645897,0.017246775329113007,0.03837396949529648,0.049827028065919876,0.04124828428030014,0.014753244817256927,0.030030691996216774,0.05787733569741249,0.06461937725543976,0.04393331706523895,0.012626535259187222,0.05914542078971863,0.08031737804412842,0.06462337076663971,0.04961299151182175,0.03627806901931763,0.018346231430768967,0.04270615056157112,0.04847869649529457,MVP
../data/DWT_NEW/MVP/New_MVP_061.wav,80.31924438476562,-29.872947692871094,17.57314682006836,3.2086758613586426,-4.792496681213379,12.183454513549805,-14.040544509887695,6.8172454833984375,3.1930465698242188,-5.435807228088379,6.77485990524292,-5.51011848449707,3.8884756565093994,-2.793980121612549,-0.8185184597969055,-1.3330957889556885,0.7819662094116211,3.6474874019622803,4.704992771148682,0.575476884841919,-4.427453517913818,-0.42084047198295593,0.4844084084033966,-0.5774770379066467,-0.5955600738525391,0.14717712998390198,2.2775096893310547,-1.0075390338897705,-1.0361456871032715,1.987760066986084,3.3396525382995605,-1.7484155893325806,1.8820395469665527,-0.34442493319511414,-2.2316126823425293,-0.5022140741348267,-0.18159741163253784,-1.6872750520706177,2.9814558029174805,-1.0717685222625732,0.19019600749015808,0.2889997661113739,0.3249031901359558,0.33725813031196594,0.3171916604042053,0.2611808180809021,0.1806919127702713,0.1059180200099945,0.10066713392734528,0.12139023840427399,0.09371042251586914,0.058304060250520706,0.18700182437896729,0.3099052906036377,0.36908650398254395,0.31526583433151245,0.17666387557983398,0.0756462886929512,0.11681760102510452,0.10760882496833801,0.066665880382061,0.09783671796321869,0.1544187068939209,0.1362484097480774,0.08623716980218887,0.17938366532325745,0.3043130040168762,0.2830924689769745,0.11636324226856232,0.13740599155426025,0.19093188643455505,0.09293107688426971,0.058311644941568375,0.1685519516468048,0.2020617127418518,0.2653106451034546,0.33545947074890137,0.280765563249588,0.19005334377288818,0.10776198655366898,0.1618303656578064,0.26675885915756226,0.301215261220932,0.228104829788208,0.11632896214723587,0.17901435494422913,0.23892217874526978,0.1605176478624344,0.24200233817100525,0.37947285175323486,0.3442505896091461,0.186808243393898,0.24413719773292542,0.1885940432548523,0.13390517234802246,0.15667647123336792,0.2703884243965149,0.30407148599624634,0.19931982457637787,0.2405322641134262,0.2676970064640045,MVP
../data/DWT_NEW/MVP/New_MVP_044.wav,88.07939910888672,-25.849170684814453,12.818618774414062,4.635244369506836,-2.7078003883361816,9.726224899291992,-12.48747730255127,10.239847183227539,-0.6038585901260376,-4.923370361328125,5.319563865661621,-3.2340784072875977,7.644522666931152,-2.5466809272766113,-0.2721806764602661,3.443478584289551,6.372592926025391,7.17923641204834,-2.7732067108154297,-7.684077262878418,-1.7483422756195068,7.054224967956543,-4.10286283493042,-3.7520015239715576,2.1227731704711914,3.83392333984375,-1.2659168243408203,-1.2580851316452026,2.8231091499328613,1.6785378456115723,-0.03198835253715515,3.2958836555480957,2.160616636276245,-5.785614013671875,-0.9610819816589355,0.7640787363052368,-2.206852674484253,1.2230894565582275,-0.9153324961662292,-0.18279054760932922,0.1916385293006897,0.2753503918647766,0.22449836134910583,0.16123750805854797,0.1184299886226654,0.1443360596895218,0.19557619094848633,0.21559643745422363,0.17698341608047485,0.08485275506973267,0.12062288075685501,0.27355876564979553,0.38385656476020813,0.39783596992492676,0.2996171712875366,0.14558196067810059,0.09320531785488129,0.13428471982479095,0.10262319445610046,0.06939558684825897,0.13583427667617798,0.2051781564950943,0.20949484407901764,0.1461600512266159,0.10764501988887787,0.208012655377388,0.29357969760894775,0.2667493522167206,0.1765158474445343,0.14405575394630432,0.15101967751979828,0.13237984478473663,0.13346855342388153,0.1913447380065918,0.245944082736969,0.29771605134010315,0.32200777530670166,0.25864100456237793,0.15778568387031555,0.21243290603160858,0.35610881447792053,0.43733441829681396,0.42288392782211304,0.3051537871360779,0.18739023804664612,0.21560755372047424,0.19407302141189575,0.07964056730270386,0.21942199766635895,0.3502349257469177,0.3118441700935364,0.27668869495391846,0.35868972539901733,0.25381922721862793,0.1450350284576416,0.13927778601646423,0.14618347585201263,0.2716194987297058,0.23053935170173645,0.29057514667510986,0.20917785167694092,MVP
../data/DWT_NEW/MVP/New_MVP_004.wav,56.866119384765625,-17.814117431640625,29.534318923950195,-9.094766616821289,-19.062671661376953,14.925786972045898,-18.06915855407715,13.169900894165039,-6.221138954162598,-0.01758851855993271,4.2374372482299805,-2.3461358547210693,3.910606622695923,-0.6563470363616943,3.64530348777771,-2.440215587615967,2.340151786804199,-1.5459072589874268,5.628519535064697,1.2638338804244995,0.9736731648445129,0.39857912063598633,3.0456900596618652,-1.3390328884124756,-1.5962735414505005,3.4550180435180664,2.3830032348632812,-2.6344244480133057,-0.536033034324646,2.7182610034942627,-4.438784122467041,-1.5000214576721191,-1.1120413541793823,-5.5244855880737305,1.611190676689148,5.094167709350586,-2.9073081016540527,1.0985926389694214,1.2762281894683838,-0.3741101622581482,0.16595777869224548,0.13864460587501526,0.13781218230724335,0.13965414464473724,0.15114620327949524,0.17552778124809265,0.2084687352180481,0.2379235327243805,0.24997133016586304,0.23733949661254883,0.19877889752388,0.14234820008277893,0.09181006997823715,0.08487322926521301,0.09547100961208344,0.1288907527923584,0.18846604228019714,0.2324530929327011,0.22578036785125732,0.16730359196662903,0.09433167427778244,0.07271797955036163,0.06572911888360977,0.06624691188335419,0.07165898382663727,0.0787774920463562,0.09757716208696365,0.1753660887479782,0.25467830896377563,0.22227290272712708,0.13187991082668304,0.1301044523715973,0.14754003286361694,0.10916037112474442,0.09982866048812866,0.19484728574752808,0.2080167829990387,0.2510215640068054,0.23859722912311554,0.137709379196167,0.09519924223423004,0.1946491301059723,0.2976186275482178,0.30529046058654785,0.19352152943611145,0.11237834393978119,0.31251639127731323,0.3775510787963867,0.28304052352905273,0.2840421795845032,0.3472931683063507,0.21964284777641296,0.17591533064842224,0.31541088223457336,0.3130180239677429,0.30215024948120117,0.29183998703956604,0.2573087215423584,0.15432608127593994,0.16350489854812622,0.22814607620239258,MVP
../data/DWT_NEW/MVP/New_MVP_146.wav,15.517433166503906,-78.42504119873047,27.055240631103516,-23.83683204650879,13.870991706848145,-5.9607834815979,8.424742698669434,-0.05178523063659668,6.666558265686035,6.930630683898926,0.930831253528595,0.7016563415527344,-0.06000426411628723,3.4641048908233643,-0.31608283519744873,-6.693413734436035,0.2887616753578186,9.620820045471191,-3.081292152404785,-2.996762275695801,-5.072436332702637,-5.706534385681152,3.074152946472168,-0.3699595034122467,-3.0510082244873047,0.5341761112213135,6.221996307373047,3.3514437675476074,-2.8312368392944336,7.243671417236328,-0.6411018371582031,-5.2215657234191895,-2.795985460281372,2.4266724586486816,-1.167519450187683,-0.7310192584991455,-1.043923020362854,1.8825335502624512,1.059019684791565,-4.248453617095947,0.253916472196579,0.07510128617286682,0.0778014212846756,0.0777495950460434,0.07419227063655853,0.06668749451637268,0.05622777342796326,0.04363458603620529,0.030171897262334824,0.017952028661966324,0.010377911850810051,0.013966862112283707,0.02218889631330967,0.031569305807352066,0.04377792030572891,0.05727890878915787,0.06999561190605164,0.07657447457313538,0.07306763529777527,0.05811459571123123,0.037351708859205246,0.03459229692816734,0.04307905584573746,0.0404813289642334,0.0394989475607872,0.046635910868644714,0.038897860795259476,0.037970926612615585,0.04917095974087715,0.042373619973659515,0.029393766075372696,0.030860567465424538,0.045970335602760315,0.04659436270594597,0.039324887096881866,0.034685760736465454,0.033692773431539536,0.028469741344451904,0.022447984665632248,0.019165750592947006,0.025511376559734344,0.04059657081961632,0.04484746977686882,0.040194980800151825,0.03501782566308975,0.023791763931512833,0.01411368977278471,0.0220656581223011,0.045063719153404236,0.051312703639268875,0.035452648997306824,0.02429356798529625,0.028644947335124016,0.022795841097831726,0.01936252973973751,0.010398508049547672,0.01570919156074524,0.02596662938594818,0.01853906363248825,0.018736854195594788,0.030093640089035034,MVP
../data/DWT_NEW/MVP/New_MVP_056.wav,91.38584899902344,-24.263851165771484,18.39628028869629,6.3315582275390625,-3.8603312969207764,9.642890930175781,-14.748544692993164,8.09837532043457,0.9556237459182739,-3.5168299674987793,5.64680290222168,-5.320894718170166,1.6236121654510498,1.316197395324707,-1.1190757751464844,0.9296202659606934,-7.351988792419434,-6.012450218200684,-4.766054630279541,5.9020490646362305,4.217929840087891,1.6801691055297852,-3.2319512367248535,0.3725278377532959,1.1472201347351074,-1.9843660593032837,1.328343152999878,1.5739009380340576,-1.4243147373199463,-1.6617498397827148,0.24747049808502197,-0.518277108669281,-0.06964033842086792,-2.0988850593566895,-2.353240489959717,0.32017412781715393,-1.0427852869033813,-0.08566838502883911,2.3438501358032227,-1.326969027519226,0.1975189447402954,0.3126702308654785,0.36232900619506836,0.3871920704841614,0.37473201751708984,0.3164491057395935,0.2172676920890808,0.09347645938396454,0.05982819199562073,0.1484598070383072,0.18188579380512238,0.14658541977405548,0.1309388279914856,0.23525330424308777,0.33514273166656494,0.3371618092060089,0.23210938274860382,0.13420280814170837,0.21940284967422485,0.22407467663288116,0.15950433909893036,0.14192292094230652,0.11349713802337646,0.20275241136550903,0.199231818318367,0.2911539077758789,0.3849015235900879,0.2843586206436157,0.1989864706993103,0.2316403090953827,0.24340656399726868,0.16340288519859314,0.20021739602088928,0.29657062888145447,0.3122096657752991,0.3602260947227478,0.4034460783004761,0.3147689402103424,0.1991371512413025,0.09335757046937943,0.15251702070236206,0.21166464686393738,0.23456960916519165,0.18608568608760834,0.15255460143089294,0.33280354738235474,0.4213375449180603,0.37029388546943665,0.26147547364234924,0.353651225566864,0.26360487937927246,0.046858079731464386,0.15371009707450867,0.20777606964111328,0.2985367178916931,0.29137206077575684,0.2147405445575714,0.15490369498729706,0.11706195026636124,0.19272908568382263,0.2740958333015442,MVP
../data/DWT_NEW/MVP/New_MVP_171.wav,28.42718505859375,-83.20936584472656,23.258874893188477,-15.624980926513672,13.123494148254395,-13.165544509887695,4.871436595916748,-2.4426803588867188,3.0137338638305664,11.02408504486084,5.616945743560791,1.668613076210022,-5.7040205001831055,1.8026751279830933,2.2276151180267334,-3.0727169513702393,6.329869270324707,8.066131591796875,3.003502607345581,-0.8284090161323547,4.033892631530762,4.7474164962768555,5.130838871002197,3.234393835067749,-1.3711737394332886,2.6552324295043945,0.1235916018486023,-5.15342903137207,-5.214236259460449,3.346735715866089,-5.196071147918701,-7.270637512207031,-1.5686945915222168,1.292400598526001,0.21785271167755127,1.1335866451263428,2.3113746643066406,-2.5522079467773438,-0.8739789724349976,1.7739715576171875,0.2771562933921814,0.06975869089365005,0.07355321198701859,0.07547745108604431,0.0736846774816513,0.06650219857692719,0.05381101369857788,0.03617074340581894,0.017813270911574364,0.02165026217699051,0.03894960880279541,0.04954514652490616,0.049066923558712006,0.04381841793656349,0.04911758005619049,0.072149857878685,0.09099780768156052,0.08838915824890137,0.061786383390426636,0.030433377251029015,0.034565072506666183,0.04053526371717453,0.031333960592746735,0.03288569673895836,0.02830365300178528,0.021673785522580147,0.021275227889418602,0.028328362852334976,0.03729093074798584,0.03374961018562317,0.02276778593659401,0.017701152712106705,0.032446447759866714,0.04384384676814079,0.057225145399570465,0.07071664929389954,0.06998970359563828,0.06184472143650055,0.05354579538106918,0.04162859916687012,0.03217532858252525,0.03286770358681679,0.035238225013017654,0.03601159527897835,0.04154210165143013,0.04185573384165764,0.03417115658521652,0.02012118697166443,0.018743319436907768,0.035817526280879974,0.04241108149290085,0.033739570528268814,0.016534939408302307,0.017970211803913116,0.038471244275569916,0.03602650389075279,0.03280261531472206,0.03346449136734009,0.02250014618039131,0.024768903851509094,0.030618172138929367,MVP
../data/DWT_NEW/MVP/New_MVP_015.wav,48.58985137939453,-19.669761657714844,41.328311920166016,-10.241561889648438,-25.441097259521484,20.848339080810547,-17.720783233642578,15.140355110168457,-9.127402305603027,2.1970953941345215,4.0133538246154785,-3.0532870292663574,2.227609634399414,0.8240647315979004,1.6646409034729004,-2.231332778930664,2.1019132137298584,-2.702834367752075,2.085646629333496,-1.6016778945922852,0.6164847016334534,-1.7775517702102661,-0.5210762023925781,-0.10127240419387817,3.4109668731689453,-1.907639741897583,-0.9815692901611328,5.379119873046875,3.819622039794922,-1.929436445236206,-3.680182695388794,-4.189573287963867,-3.763702630996704,1.039428949356079,0.7868180274963379,1.7221474647521973,-0.008463084697723389,0.11013519763946533,1.804298996925354,1.1926616430282593,0.18205523490905762,0.13588416576385498,0.14982640743255615,0.16677647829055786,0.18554052710533142,0.20383358001708984,0.21980994939804077,0.22816208004951477,0.22182464599609375,0.19806301593780518,0.15777166187763214,0.10920017212629318,0.07111716270446777,0.05838356167078018,0.07731091976165771,0.14188870787620544,0.2127295732498169,0.23806633055210114,0.19273948669433594,0.10550637543201447,0.08254238963127136,0.10405517369508743,0.09517861157655716,0.09289351850748062,0.09628123044967651,0.09892550110816956,0.07262105494737625,0.1563132256269455,0.253160297870636,0.23540133237838745,0.11892332881689072,0.09092244505882263,0.12816666066646576,0.09942828118801117,0.06502988189458847,0.14160865545272827,0.16453346610069275,0.2147950828075409,0.21821725368499756,0.12932193279266357,0.07811328768730164,0.20222580432891846,0.32640522718429565,0.35490667819976807,0.2501576244831085,0.10039444267749786,0.2457069605588913,0.3076162338256836,0.1783658117055893,0.16806979477405548,0.3229159712791443,0.2836911678314209,0.23609629273414612,0.3163168430328369,0.2503659129142761,0.22913885116577148,0.21499183773994446,0.20046670734882355,0.22093047201633453,0.21390047669410706,0.1665274202823639,MVP
../data/DWT_NEW/MVP/New_MVP_053.wav,85.37370300292969,-23.602344512939453,11.543498992919922,-3.887401580810547,-6.0185160636901855,14.902240753173828,-16.968353271484375,8.296772003173828,1.7758522033691406,-4.955693244934082,3.376284122467041,-2.6247267723083496,2.844528913497925,1.4759514331817627,-0.005549103021621704,2.3926000595092773,-1.279606580734253,2.6514978408813477,-3.1784698963165283,-1.508530616760254,-6.240118980407715,-0.4797036647796631,-3.516270160675049,-0.609829843044281,-2.2591724395751953,1.7170679569244385,2.6992969512939453,-0.9094663262367249,-0.989570140838623,1.592534065246582,2.340299606323242,4.026927947998047,2.7122151851654053,0.157248392701149,0.5451731085777283,1.1883113384246826,-0.9666701555252075,-0.15981444716453552,-2.95914888381958,-1.172733187675476,0.18475425243377686,0.17397335171699524,0.16836032271385193,0.16988393664360046,0.18689805269241333,0.21499967575073242,0.23950627446174622,0.24107563495635986,0.20357365906238556,0.12525470554828644,0.045970410108566284,0.143255352973938,0.2406465858221054,0.2739154100418091,0.23714616894721985,0.14660418033599854,0.09878574311733246,0.13815756142139435,0.11709262430667877,0.07365015149116516,0.13006670773029327,0.12207482755184174,0.1426873505115509,0.1886240839958191,0.1909797191619873,0.2913711965084076,0.3165072202682495,0.23445773124694824,0.21599015593528748,0.2551957666873932,0.2483891248703003,0.14675453305244446,0.07167547196149826,0.13435916602611542,0.17221803963184357,0.20193979144096375,0.1896054744720459,0.1877373903989792,0.1807738095521927,0.252188116312027,0.3739473223686218,0.4387418031692505,0.4062543511390686,0.2820662260055542,0.19755741953849792,0.26145532727241516,0.27696484327316284,0.1697106659412384,0.16143694519996643,0.2931531071662903,0.3424842059612274,0.35383403301239014,0.3243790864944458,0.22798818349838257,0.1994474232196808,0.1502213329076767,0.33651483058929443,0.3460456132888794,0.2881489098072052,0.2665964365005493,0.262344092130661,MVP
../data/DWT_NEW/MVP/New_MVP_032.wav,76.19737243652344,-17.77716827392578,8.440129280090332,5.363742828369141,-9.151031494140625,12.153751373291016,-19.728208541870117,11.494292259216309,-1.0969431400299072,-6.0416669845581055,6.586829662322998,-5.05580472946167,2.2178282737731934,-0.06687390804290771,-2.9580655097961426,1.4140777587890625,-2.914257526397705,1.1486914157867432,-4.041616439819336,5.284859657287598,2.148167610168457,5.879385948181152,-4.378283500671387,-3.039515972137451,-0.6982699632644653,2.729294538497925,-2.4738216400146484,-4.347290515899658,3.480700969696045,1.8726222515106201,-2.217830181121826,-0.2310965657234192,2.508354902267456,0.8151230812072754,2.1679227352142334,0.308368980884552,-0.6919242739677429,2.2659425735473633,-0.01567128300666809,0.20684432983398438,0.16625477373600006,0.17293810844421387,0.16322997212409973,0.15754780173301697,0.1672004908323288,0.19277255237102509,0.22033482789993286,0.22821319103240967,0.19676391780376434,0.12042742967605591,0.04711558669805527,0.15255948901176453,0.2565429210662842,0.2882669270038605,0.22719460725784302,0.1099681705236435,0.08807836472988129,0.13611945509910583,0.1121644377708435,0.052115485072135925,0.03666418790817261,0.11349634826183319,0.19114364683628082,0.1939263641834259,0.1509314328432083,0.23366478085517883,0.27834829688072205,0.25692087411880493,0.2437467873096466,0.24507857859134674,0.22274675965309143,0.1483929604291916,0.05452907085418701,0.14703667163848877,0.20324982702732086,0.28279316425323486,0.3604985475540161,0.3349992632865906,0.2467772662639618,0.13631980121135712,0.19935111701488495,0.2625504732131958,0.27604085206985474,0.18302011489868164,0.10063888132572174,0.2794570028781891,0.38776159286499023,0.3367612361907959,0.25646892189979553,0.3148308992385864,0.23775143921375275,0.21668821573257446,0.29143255949020386,0.2624185383319855,0.3234497904777527,0.3859550356864929,0.338137149810791,0.32117363810539246,0.22921913862228394,0.29311615228652954,0.2621234059333801,MVP
../data/DWT_NEW/MVP/New_MVP_064.wav,61.612648010253906,-24.5465145111084,-4.2830095291137695,-27.381357192993164,-23.523984909057617,23.799013137817383,-27.107837677001953,7.179409980773926,-3.473134994506836,-2.2743632793426514,1.324458122253418,-2.1214942932128906,3.2537174224853516,-0.8742024898529053,0.4589376449584961,-2.1396002769470215,2.091553211212158,2.234333038330078,3.813295602798462,0.4241393804550171,-3.4850521087646484,-6.643232822418213,-0.9289458990097046,4.830524444580078,0.30343639850616455,-1.391455888748169,4.486091136932373,4.7624125480651855,-2.301692485809326,0.07316070795059204,5.978951930999756,-0.04217100143432617,-1.8873518705368042,4.441340446472168,0.18971076607704163,-5.223437786102295,0.7169984579086304,2.039799690246582,0.5473875403404236,0.5264394879341125,0.16982290148735046,0.07766219973564148,0.08730655908584595,0.08675752580165863,0.07287751138210297,0.04500512778759003,0.012125804089009762,0.042487241327762604,0.07733006775379181,0.0933685451745987,0.08199141174554825,0.044412046670913696,0.02659442648291588,0.06164209544658661,0.07873356342315674,0.06378486752510071,0.039786018431186676,0.05169926583766937,0.050847433507442474,0.03195083513855934,0.01607307232916355,0.024913538247346878,0.0289003886282444,0.051611125469207764,0.07035564631223679,0.09288746118545532,0.12043750286102295,0.12036921083927155,0.11003760248422623,0.10135575383901596,0.09731356054544449,0.06649556756019592,0.04072564095258713,0.063823401927948,0.1055467501282692,0.15439942479133606,0.18594178557395935,0.16363096237182617,0.11749309301376343,0.09093102812767029,0.19351552426815033,0.27768126130104065,0.2978024482727051,0.21457654237747192,0.08708710968494415,0.19126783311367035,0.2822893261909485,0.21786800026893616,0.21647681295871735,0.4042997658252716,0.3745347857475281,0.2549876868724823,0.4019981622695923,0.2790975570678711,0.3131480813026428,0.3875596523284912,0.4162790775299072,0.49101951718330383,0.30618351697921753,0.3348766565322876,0.33216094970703125,MVP
../data/DWT_NEW/MVP/New_MVP_191.wav,35.06589126586914,-67.56717681884766,3.2355990409851074,-21.236698150634766,0.33398959040641785,4.602379322052002,3.808924913406372,0.6329089999198914,1.5795328617095947,2.651790142059326,-5.915565490722656,0.7892177104949951,-5.3029913902282715,0.21794819831848145,-3.0046677589416504,1.3412768840789795,-1.3157633543014526,1.431602954864502,0.08461546897888184,2.622581958770752,-1.207007646560669,-4.900612831115723,-5.311301231384277,1.472449779510498,-3.9505584239959717,0.10251593589782715,-1.4369392395019531,-0.6386656761169434,0.351932168006897,-1.1471378803253174,-0.21040630340576172,-1.443965196609497,-2.692729949951172,-0.8111462593078613,-0.22552704811096191,3.63789701461792,2.4048714637756348,-1.3572332859039307,-1.3042545318603516,-4.310858726501465,0.15833164751529694,0.0223772544413805,0.019249770790338516,0.014559184201061726,0.010342542082071304,0.013295437209308147,0.024079831317067146,0.03804703801870346,0.05252854898571968,0.06581621617078781,0.07583263516426086,0.07936599850654602,0.07512316852807999,0.06052468344569206,0.03756788745522499,0.014409779570996761,0.028096335008740425,0.04999268800020218,0.05888696759939194,0.04868136718869209,0.019769469276070595,0.019869662821292877,0.052869897335767746,0.06535385549068451,0.056739822030067444,0.05141585320234299,0.06422912329435349,0.07200378179550171,0.05068760737776756,0.004803005140274763,0.03420022130012512,0.04813377186655998,0.05621708557009697,0.05045415088534355,0.028146468102931976,0.017571622505784035,0.047814808785915375,0.05806461721658707,0.0346808061003685,0.015584648586809635,0.023748936131596565,0.0019669942557811737,0.035268403589725494,0.04508856683969498,0.04746421054005623,0.061509497463703156,0.06518152356147766,0.06614794582128525,0.061491914093494415,0.06048569828271866,0.053641244769096375,0.034217435866594315,0.01931680552661419,0.04669695720076561,0.07682376354932785,0.09342169016599655,0.08254259824752808,0.06651339679956436,0.1006150096654892,0.14120841026306152,0.15636426210403442,MVP
../data/DWT_NEW/MVP/New_MVP_139.wav,30.473552703857422,-82.04591369628906,18.218544006347656,-23.913074493408203,8.186635971069336,-5.150229454040527,1.4563205242156982,-4.530947685241699,-3.4970664978027344,-5.371221542358398,-2.2366881370544434,-1.9625279903411865,-7.018868923187256,0.2594345510005951,-1.6408567428588867,-3.771860361099243,8.969924926757812,3.3421144485473633,-1.7508134841918945,-3.2986819744110107,-3.897829055786133,-7.023058891296387,4.706919193267822,1.6618313789367676,-2.5789551734924316,5.947027206420898,-1.1424195766448975,1.3012897968292236,-2.7733192443847656,-1.7259396314620972,-1.0509192943572998,-2.1787829399108887,-0.27855950593948364,-3.240818977355957,1.8789218664169312,-2.3554744720458984,1.1323820352554321,-0.9281212687492371,-3.7220230102539062,-3.852343797683716,0.2596031129360199,0.012297773733735085,0.017449285835027695,0.02446296438574791,0.03118036314845085,0.03567703068256378,0.03658829629421234,0.03302308917045593,0.025935523211956024,0.022022634744644165,0.03041280247271061,0.04350066930055618,0.052793070673942566,0.05581701546907425,0.048854321241378784,0.03684471175074577,0.03136909008026123,0.03625631704926491,0.035947397351264954,0.024799928069114685,0.018232077360153198,0.030932415276765823,0.033703986555337906,0.024978434666991234,0.034347906708717346,0.0390327051281929,0.034144043922424316,0.03644262254238129,0.040954943746328354,0.048779603093862534,0.04809582233428955,0.05055588483810425,0.05451375991106033,0.05194225534796715,0.05313827842473984,0.05548059567809105,0.05402335524559021,0.053317729383707047,0.061842180788517,0.060987867414951324,0.044876158237457275,0.03759345784783363,0.03486132249236107,0.03857068717479706,0.04130018502473831,0.03517541289329529,0.032054655253887177,0.024023383855819702,0.04261229932308197,0.036231979727745056,0.03351980820298195,0.06359009444713593,0.06034471094608307,0.02206706814467907,0.025535332038998604,0.04194902628660202,0.04681922122836113,0.011258453130722046,0.04528358206152916,0.04570829123258591,0.012034458108246326,MVP
../data/DWT_NEW/MVP/New_MVP_088.wav,69.00393676757812,-21.725635528564453,-4.788638114929199,-23.113487243652344,-22.449716567993164,23.37418556213379,-21.743040084838867,8.598358154296875,-1.8415606021881104,-1.1955636739730835,3.497966766357422,-4.391482353210449,3.6271557807922363,-1.7890245914459229,0.6400721073150635,-2.2913665771484375,2.4273462295532227,2.037315845489502,0.5694442987442017,-1.4042887687683105,-0.9958275556564331,3.621467351913452,-1.8819409608840942,-0.34071338176727295,-0.6369421482086182,3.218845844268799,-3.4041056632995605,1.7234406471252441,1.9432294368743896,1.9649763107299805,0.6840447187423706,5.203828811645508,0.4918626546859741,0.43195271492004395,-2.6570658683776855,-3.508861780166626,1.7386950254440308,1.1409697532653809,-2.511843204498291,0.8930503726005554,0.1747639924287796,0.09374766051769257,0.08835971355438232,0.0774284303188324,0.06414816528558731,0.055906668305397034,0.05849263072013855,0.06272153556346893,0.0548674538731575,0.030341386795043945,0.033954087644815445,0.08430707454681396,0.12434239685535431,0.12766560912132263,0.09707212448120117,0.04524653032422066,0.04152827709913254,0.0518888384103775,0.033791642636060715,0.042264342308044434,0.044036850333213806,0.05357525870203972,0.07859709113836288,0.0640362799167633,0.022858891636133194,0.09080202877521515,0.15349417924880981,0.1384606659412384,0.08039841800928116,0.10114717483520508,0.11747944355010986,0.08091007173061371,0.029441101476550102,0.053806617856025696,0.08104455471038818,0.13874301314353943,0.17824923992156982,0.1414661556482315,0.09812414646148682,0.08578790724277496,0.19684436917304993,0.27909350395202637,0.2885233759880066,0.19107279181480408,0.12297612428665161,0.26722684502601624,0.32120347023010254,0.2060529738664627,0.2203638106584549,0.4020392894744873,0.3442033529281616,0.29820600152015686,0.5036420822143555,0.36788511276245117,0.3704547882080078,0.3954893946647644,0.38862067461013794,0.48486244678497314,0.3885846734046936,0.41924571990966797,0.3727686405181885,MVP
../data/DWT_NEW/MVP/New_MVP_099.wav,34.69874954223633,-61.992942810058594,27.599441528320312,0.7501654624938965,3.128953456878662,2.8943755626678467,5.496783256530762,5.072443962097168,-2.4425039291381836,-1.8837882280349731,0.5218799114227295,2.0538501739501953,-0.5283350944519043,3.5359063148498535,-4.136542320251465,1.40422785282135,0.963713526725769,0.23085623979568481,-4.256512641906738,-4.9736785888671875,-0.17581701278686523,3.021803379058838,-1.4922969341278076,1.3307602405548096,-2.79708194732666,2.633265495300293,2.4009008407592773,-2.0833840370178223,-0.39980024099349976,-2.7606263160705566,-4.7469706535339355,-2.6492528915405273,-1.8786170482635498,-2.8616156578063965,2.166577100753784,7.2210564613342285,5.232654571533203,4.304316520690918,3.8947505950927734,-1.134767770767212,0.16046501696109772,0.07058165222406387,0.06664630770683289,0.06292107701301575,0.06001925840973854,0.05849546566605568,0.05993536114692688,0.06446478515863419,0.07091941684484482,0.07782316952943802,0.08282987028360367,0.0827023833990097,0.07552377134561539,0.05818469449877739,0.04411065950989723,0.05551564320921898,0.09056758880615234,0.12545567750930786,0.1458277851343155,0.14060012996196747,0.10692401230335236,0.06964235752820969,0.08708885312080383,0.1170639619231224,0.10484440624713898,0.06466668844223022,0.10255399346351624,0.1462220996618271,0.12924408912658691,0.0724126547574997,0.03255979344248772,0.017452485859394073,0.05594983324408531,0.07082389295101166,0.07063440978527069,0.04636009782552719,0.047345519065856934,0.08953388780355453,0.09037308394908905,0.05301808565855026,0.012493138201534748,0.00639622425660491,0.02724752575159073,0.06222161278128624,0.06794307380914688,0.061218637973070145,0.03680671006441116,0.013629835098981857,0.04299841821193695,0.06021182984113693,0.059276238083839417,0.06647822260856628,0.08477239310741425,0.08849126845598221,0.09314526617527008,0.10175725817680359,0.08863066136837006,0.10774469375610352,0.14830605685710907,0.1492336094379425,0.11763984709978104,MVP
../data/DWT_NEW/MVP/New_MVP_084.wav,75.81194305419922,-17.68576431274414,-1.1879334449768066,-30.826335906982422,-17.649452209472656,24.902307510375977,-27.599842071533203,11.825605392456055,-0.3074920177459717,-4.496049404144287,5.082982063293457,-2.2103044986724854,2.3763186931610107,0.3817296624183655,1.911653995513916,-0.9817200303077698,3.7799315452575684,-0.2846897840499878,0.3439157009124756,-2.323942184448242,-0.46045151352882385,4.340465545654297,1.779939889907837,-0.978459358215332,1.8470805883407593,3.0279955863952637,-1.7314484119415283,0.1983984410762787,2.4781556129455566,2.33975887298584,1.537768006324768,2.672929286956787,2.2543303966522217,1.6110963821411133,-1.4147933721542358,-1.5867804288864136,0.6605018377304077,0.9231549501419067,-1.0293736457824707,-0.6794313192367554,0.18804839253425598,0.12033236026763916,0.11757837235927582,0.10590511560440063,0.08523404598236084,0.05868515744805336,0.03595937415957451,0.029973406344652176,0.02947692945599556,0.02061367966234684,0.043966200202703476,0.09259098768234253,0.13748857378959656,0.15118542313575745,0.1392214447259903,0.09687212854623795,0.04523993283510208,0.025419805198907852,0.04853922128677368,0.0585375539958477,0.04424653574824333,0.038870811462402344,0.04388952627778053,0.046083055436611176,0.05690620094537735,0.1173601970076561,0.16399209201335907,0.1283348947763443,0.05194827541708946,0.11806617677211761,0.1278129369020462,0.07237658649682999,0.0843057930469513,0.1228974238038063,0.13304564356803894,0.18719610571861267,0.2095002830028534,0.15486623346805573,0.09356580674648285,0.11168910562992096,0.2324417233467102,0.3248157203197479,0.3396188020706177,0.2505314350128174,0.16602766513824463,0.33542734384536743,0.4040212631225586,0.2747872769832611,0.27001580595970154,0.4316791296005249,0.3797532916069031,0.34509405493736267,0.5895065069198608,0.46569156646728516,0.46289485692977905,0.4640778601169586,0.4430035948753357,0.5631422996520996,0.4405236840248108,0.5650808215141296,0.408579558134079,MVP
../data/DWT_NEW/MVP/New_MVP_190.wav,135.60687255859375,2.4413909912109375,32.575096130371094,-9.277641296386719,-3.4901657104492188,14.802933692932129,-10.390188217163086,5.604390621185303,-6.636595726013184,0.07571843266487122,2.7045254707336426,-5.789565086364746,2.5170211791992188,1.7855186462402344,-4.387942790985107,10.950765609741211,-1.698516845703125,-0.7013213634490967,5.685845375061035,-3.1271986961364746,-1.3318812847137451,8.44308853149414,-0.3479725420475006,-2.307347059249878,10.511283874511719,7.7019805908203125,-6.140866279602051,-2.866328716278076,1.5248624086380005,-0.17731547355651855,2.74705171585083,-2.3228561878204346,1.5446103811264038,2.51246976852417,-1.7363367080688477,-1.3284661769866943,5.048012733459473,-3.98411226272583,0.37071675062179565,1.5084402561187744,0.28027278184890747,0.23365765810012817,0.32975780963897705,0.3572901487350464,0.30033767223358154,0.16683006286621094,0.16958779096603394,0.42861059308052063,0.6968133449554443,0.8925896286964417,0.9503847360610962,0.8247023224830627,0.5466465353965759,0.2412627786397934,0.15159571170806885,0.22243696451187134,0.16443145275115967,0.401336133480072,0.6585707664489746,0.7166414260864258,0.5207853317260742,0.2420760989189148,0.13102827966213226,0.3298339545726776,0.5160451531410217,0.4959931969642639,0.3167878985404968,0.33309292793273926,0.6051321029663086,0.6704698801040649,0.48395660519599915,0.5824421644210815,0.7926077842712402,0.6806197762489319,0.6939313411712646,0.82416832447052,0.7127432823181152,0.708657443523407,0.6724224090576172,0.595811128616333,0.5884815454483032,0.5596451759338379,0.6074585914611816,0.6639831066131592,0.6961110830307007,0.6842868328094482,0.6040183305740356,0.4277086853981018,0.2965259850025177,0.32785797119140625,0.5286656618118286,0.6329190731048584,0.5958709716796875,0.40222376585006714,0.30460354685783386,0.43306589126586914,0.5028566718101501,0.41124260425567627,0.43752455711364746,0.5515566468238831,0.538985013961792,MVP
../data/DWT_NEW/MVP/New_MVP_173.wav,18.964235305786133,-78.22291564941406,43.79619216918945,-16.114168167114258,10.779890060424805,-5.422051906585693,5.990771293640137,3.4414777755737305,4.331932067871094,-7.413989543914795,-10.455817222595215,-3.2042832374572754,1.9312775135040283,2.5278069972991943,-5.5946044921875,-4.283170700073242,-0.22139853239059448,-7.094475746154785,-7.923471450805664,-3.0974135398864746,0.8265575170516968,-1.105231761932373,3.762320041656494,6.132691383361816,4.52683162689209,-0.8758167028427124,-4.911240100860596,1.1853383779525757,-0.2010023593902588,-3.7441935539245605,-6.5224761962890625,2.3954429626464844,-2.1396310329437256,-0.10860949754714966,3.2014636993408203,-2.4022910594940186,-0.08665865659713745,1.529655933380127,-0.8601566553115845,0.5531022548675537,0.28813591599464417,0.022606730461120605,0.017100580036640167,0.011653769761323929,0.008455473929643631,0.010425588116049767,0.015509596094489098,0.02233225293457508,0.03154353052377701,0.04346521943807602,0.056294530630111694,0.06601306796073914,0.06985414028167725,0.06867344677448273,0.06825904548168182,0.07404591143131256,0.07584744691848755,0.060818497091531754,0.032674938440322876,0.03287539258599281,0.052385784685611725,0.05810767784714699,0.07399504631757736,0.09567250311374664,0.09839435666799545,0.08023884892463684,0.04925212636590004,0.03890785947442055,0.05524880439043045,0.07513829320669174,0.07253648340702057,0.04760074242949486,0.03701901435852051,0.06125310808420181,0.0596158541738987,0.03779810294508934,0.024330969899892807,0.03285263478755951,0.0426848866045475,0.03705664724111557,0.029623117297887802,0.03303006291389465,0.03831414505839348,0.04115099832415581,0.040471434593200684,0.04155312851071358,0.03721727058291435,0.026093248277902603,0.024384375661611557,0.03544195741415024,0.03992514684796333,0.037702303379774094,0.030639296397566795,0.028240658342838287,0.0324554368853569,0.0172923281788826,0.03154721111059189,0.04047199338674545,0.02770208939909935,0.01130166556686163,0.024378295987844467,MVP
../data/DWT_NEW/MVP/New_MVP_042.wav,86.66551208496094,-13.96084976196289,9.231945037841797,-2.785905599594116,-4.292520523071289,11.490995407104492,-16.036561965942383,11.89140510559082,0.5644928216934204,-5.481051445007324,8.730149269104004,-9.112281799316406,3.1795239448547363,-2.944514036178589,-0.7753804326057434,-0.7541815042495728,-5.699132919311523,-2.4735193252563477,-1.2609856128692627,12.285209655761719,3.8559250831604004,1.994132399559021,-5.309647560119629,5.9874372482299805,0.3620648980140686,-1.8972103595733643,-1.0012675523757935,0.9584251046180725,0.08684441447257996,-4.353269577026367,-0.7748712301254272,-0.6942788362503052,-0.1994648575782776,1.005682349205017,2.994175910949707,-1.8637733459472656,1.8187183141708374,5.314463138580322,-2.297081470489502,1.56095552444458,0.17918163537979126,0.08350794017314911,0.11917121708393097,0.17962251603603363,0.2488892376422882,0.3092982769012451,0.34411078691482544,0.3361358344554901,0.27448663115501404,0.17000427842140198,0.08149243891239166,0.1641421914100647,0.22935588657855988,0.21119481325149536,0.12194044142961502,0.15036721527576447,0.23637893795967102,0.2278371900320053,0.14075663685798645,0.13338810205459595,0.15580201148986816,0.1251860111951828,0.10979899764060974,0.06946345418691635,0.09068135917186737,0.2331228405237198,0.31165385246276855,0.23563769459724426,0.043955232948064804,0.15432457625865936,0.21090556681156158,0.1407850682735443,0.14130620658397675,0.20086881518363953,0.2669287323951721,0.3674055337905884,0.4173784852027893,0.37077873945236206,0.3101021647453308,0.19996783137321472,0.0945543646812439,0.14672772586345673,0.1927877813577652,0.19974717497825623,0.2121523916721344,0.2568238079547882,0.31961488723754883,0.3041843771934509,0.35088974237442017,0.42121171951293945,0.34152865409851074,0.26524510979652405,0.31408339738845825,0.24882358312606812,0.3507568836212158,0.42481422424316406,0.3150154650211334,0.24691009521484375,0.3008185625076294,0.32558566331863403,0.4351741075515747,MVP
../data/DWT_NEW/MVP/New_MVP_195.wav,72.57597351074219,-43.52841567993164,37.08198547363281,-10.2955322265625,-5.046201229095459,-13.222042083740234,-11.589826583862305,1.4563889503479004,3.9120402336120605,7.106443405151367,-6.547259330749512,-4.500275611877441,0.7798218131065369,-5.889364242553711,4.317465782165527,-3.2457799911499023,-2.4959378242492676,2.6281681060791016,-4.013739585876465,3.4481825828552246,0.5116174221038818,-5.148451328277588,4.83221435546875,2.570997953414917,-0.9916660189628601,0.574103593826294,-4.179059982299805,-2.441619396209717,2.752023220062256,1.293905258178711,3.7745494842529297,0.5545795559883118,-0.783493161201477,-2.9936585426330566,0.1848381757736206,3.9842066764831543,-1.8161671161651611,-0.36803269386291504,2.122255325317383,0.5451858043670654,0.20771515369415283,0.08027531206607819,0.08580203354358673,0.08761768788099289,0.08351471275091171,0.07161324471235275,0.05157643184065819,0.023312315344810486,0.014238821342587471,0.053004369139671326,0.09169354289770126,0.12186599522829056,0.13672132790088654,0.13031841814517975,0.10053763538599014,0.04876989871263504,0.02281774953007698,0.07707829773426056,0.10568676888942719,0.09066184610128403,0.047442711889743805,0.1030055582523346,0.19175150990486145,0.22641116380691528,0.17665144801139832,0.058453794568777084,0.044397976249456406,0.11717690527439117,0.19266943633556366,0.1992414891719818,0.0864558219909668,0.08065307140350342,0.19108794629573822,0.2396378070116043,0.18929509818553925,0.10669580101966858,0.19031785428524017,0.21947818994522095,0.1472582221031189,0.195875883102417,0.23762626945972443,0.20574209094047546,0.2336401790380478,0.2417902797460556,0.23218877613544464,0.24955853819847107,0.3328774869441986,0.4052242636680603,0.41626664996147156,0.3829179108142853,0.39649999141693115,0.4569600224494934,0.4685680568218231,0.38730335235595703,0.2739911377429962,0.21239644289016724,0.19172833859920502,0.16544713079929352,0.1387231945991516,0.14761990308761597,0.18420368432998657,MVP
../data/DWT_NEW/MVP/New_MVP_126.wav,17.943384170532227,-73.35363006591797,35.48514175415039,-19.472393035888672,11.017491340637207,-12.725322723388672,6.114833831787109,5.430099010467529,6.7653608322143555,6.730804443359375,-0.430732399225235,-1.9679744243621826,-3.7632477283477783,4.838518142700195,-2.4506757259368896,-6.428295135498047,1.9620029926300049,8.603816032409668,8.430282592773438,-0.30931127071380615,1.246225118637085,5.091403961181641,7.5276312828063965,2.675541877746582,-3.8703787326812744,1.7398898601531982,-1.6854830980300903,-3.306938409805298,-1.569589376449585,2.0602455139160156,-1.3540557622909546,-3.2383222579956055,0.23671424388885498,4.334658622741699,-2.5418291091918945,-2.122997760772705,4.627615928649902,-2.394717216491699,-1.379559874534607,-2.27999210357666,0.2546488046646118,0.07332731783390045,0.07006226480007172,0.06532469391822815,0.05847442150115967,0.048875465989112854,0.036933496594429016,0.023332349956035614,0.012586161494255066,0.020303625613451004,0.03533373773097992,0.050622083246707916,0.06685785949230194,0.08385621011257172,0.10127497464418411,0.11053074896335602,0.10430113226175308,0.08055166155099869,0.04931635782122612,0.026277640834450722,0.016215305775403976,0.02911795675754547,0.04531248286366463,0.042238473892211914,0.0317336842417717,0.04270258918404579,0.046139415353536606,0.037398748099803925,0.031627628952264786,0.04576345533132553,0.05868486315011978,0.0586974173784256,0.05457868427038193,0.055996041744947433,0.05875375121831894,0.050465308129787445,0.05627705529332161,0.07074698805809021,0.0662895068526268,0.05058198794722557,0.031412288546562195,0.01861478015780449,0.02665320783853531,0.029983073472976685,0.025027748197317123,0.030899040400981903,0.052685342729091644,0.06835740804672241,0.060063689947128296,0.04278864711523056,0.06038360670208931,0.06818483769893646,0.05617980659008026,0.0436599962413311,0.03908289223909378,0.037725042551755905,0.03779948502779007,0.04056966304779053,0.03274712339043617,0.019120002165436745,0.02322319895029068,MVP
../data/DWT_NEW/MVP/New_MVP_111.wav,156.67019653320312,-10.584917068481445,10.439458847045898,10.522154808044434,4.651500225067139,-2.948446750640869,5.8000807762146,-0.5593727827072144,-3.5541112422943115,-2.805459976196289,2.983063220977783,-4.010589599609375,-2.018909454345703,-0.5481553673744202,-6.223514080047607,6.73234748840332,3.7709336280822754,0.571708083152771,3.4308054447174072,-3.0335166454315186,1.3086426258087158,7.759786605834961,2.7241342067718506,-1.7648268938064575,-2.160961151123047,-0.20638155937194824,-4.671545028686523,5.596195697784424,5.2376790046691895,-3.0667600631713867,2.259021282196045,-0.162144273519516,-1.7581483125686646,3.2135987281799316,-1.695072889328003,-2.041928291320801,3.59788179397583,-2.098377227783203,-2.794992446899414,1.9627001285552979,0.3104093372821808,0.6026285290718079,0.5652009844779968,0.4356093406677246,0.23270854353904724,0.18630877137184143,0.44904568791389465,0.675068736076355,0.7521685361862183,0.6299426555633545,0.33088159561157227,0.20625236630439758,0.5151033401489258,0.6303017139434814,0.45339435338974,0.23619478940963745,0.5069489479064941,0.613980770111084,0.4091506898403168,0.36533910036087036,0.5083460807800293,0.4039556384086609,0.46554869413375854,0.5457061529159546,0.4445393681526184,0.4294891655445099,0.5163397192955017,0.6710066795349121,0.63215172290802,0.5310951471328735,0.744365930557251,0.8058251142501831,0.656356930732727,0.83765709400177,0.8379834294319153,0.7821327447891235,0.8768981099128723,0.8056576251983643,0.8481518030166626,0.7992361783981323,0.7724010944366455,0.72464519739151,0.6740384697914124,0.6272630095481873,0.5822649002075195,0.5860506296157837,0.6356480717658997,0.6849930286407471,0.6857414245605469,0.6521229147911072,0.6049764156341553,0.5782946944236755,0.6552040576934814,0.7444480657577515,0.7044900059700012,0.5349957942962646,0.4267462491989136,0.6272889971733093,0.7304539680480957,0.5231967568397522,0.4633074402809143,MVP
../data/DWT_NEW/MVP/New_MVP_079.wav,85.26669311523438,-32.856719970703125,-5.854437351226807,-17.832630157470703,-17.80586051940918,16.106779098510742,-14.105682373046875,8.875750541687012,-1.6940813064575195,0.5244027376174927,4.683290481567383,-2.826371192932129,3.9672045707702637,-2.5648813247680664,1.1781619787216187,1.004960536956787,3.493023157119751,1.700739860534668,1.3423242568969727,2.3048343658447266,1.6554977893829346,-2.890296459197998,-5.517368793487549,-0.7107619047164917,-0.3507627248764038,-2.5670883655548096,-3.2983245849609375,0.6422462463378906,0.8316057920455933,-1.8877477645874023,0.1456146091222763,3.965484857559204,3.0357203483581543,0.9652330875396729,-0.2882646918296814,-2.951993703842163,-0.5403446555137634,1.1244925260543823,-1.2550628185272217,-2.236292600631714,0.1972295194864273,0.12445469200611115,0.1188829317688942,0.10043121874332428,0.06853540241718292,0.027556398883461952,0.029360920190811157,0.06636875122785568,0.08321881294250488,0.06829173862934113,0.028095129877328873,0.07635118812322617,0.14917394518852234,0.1832733154296875,0.15825247764587402,0.08387293666601181,0.0704776868224144,0.11176267266273499,0.09022855758666992,0.0627773329615593,0.08694596588611603,0.07152512669563293,0.07850798964500427,0.08865612745285034,0.05611276999115944,0.09094583243131638,0.10974176228046417,0.08727759122848511,0.04631930589675903,0.09859427064657211,0.10392200946807861,0.04262297600507736,0.043074533343315125,0.08256006240844727,0.09745774418115616,0.14628249406814575,0.18493545055389404,0.1724010705947876,0.1524268537759781,0.16665837168693542,0.2145797312259674,0.27298346161842346,0.28193801641464233,0.20137867331504822,0.10251770168542862,0.2193550169467926,0.28654491901397705,0.1810487061738968,0.255456805229187,0.4462873339653015,0.3866646885871887,0.22469457983970642,0.41547080874443054,0.38373836874961853,0.4463574290275574,0.4356418251991272,0.3942069411277771,0.5302280783653259,0.38538020849227905,0.4005875289440155,0.5431651473045349,MVP
../data/DWT_NEW/MVP/New_MVP_117.wav,139.68377685546875,-20.171279907226562,-12.431397438049316,0.5206049680709839,-8.407966613769531,-12.708927154541016,3.8207902908325195,-13.380083084106445,-2.0915615558624268,-4.7889323234558105,-2.550861120223999,-5.277195453643799,-1.634198784828186,-0.4584912359714508,-2.702420234680176,1.1789393424987793,-1.1788114309310913,0.8390669822692871,10.384185791015625,5.63192081451416,8.052993774414062,9.504222869873047,1.7581756114959717,6.662938594818115,9.66555404663086,4.605530261993408,7.290522575378418,11.149026870727539,4.960276126861572,-0.8849167823791504,3.0671310424804688,5.541965961456299,4.291924476623535,5.333103179931641,-0.21118226647377014,3.745224952697754,6.231691360473633,-4.695334434509277,-0.3176553249359131,3.6807823181152344,0.2777423560619354,0.05227270722389221,0.06999838352203369,0.13200914859771729,0.18585634231567383,0.21968171000480652,0.23255188763141632,0.23120073974132538,0.2282613217830658,0.2319142073392868,0.22731515765190125,0.18805494904518127,0.11012871563434601,0.0391969233751297,0.07642453908920288,0.09261374175548553,0.06116568669676781,0.03262165188789368,0.041709259152412415,0.026976626366376877,0.010243630036711693,0.025652088224887848,0.04293942078948021,0.038068823516368866,0.04317714273929596,0.12336445599794388,0.21446910500526428,0.22453093528747559,0.1590411514043808,0.27409183979034424,0.4222818911075592,0.349605530500412,0.3626314401626587,0.5156551599502563,0.4191731810569763,0.48025673627853394,0.5202839374542236,0.44178688526153564,0.5071606040000916,0.4492226839065552,0.45707470178604126,0.4320041239261627,0.4387340247631073,0.43466508388519287,0.4386941194534302,0.4344630837440491,0.41035354137420654,0.37522000074386597,0.3442509174346924,0.30389338731765747,0.3312085270881653,0.34969645738601685,0.2674384117126465,0.21354907751083374,0.19288787245750427,0.1532459259033203,0.2680959403514862,0.3636758625507355,0.2558802664279938,0.1352035105228424,0.2346673309803009,MVP
../data/DWT_NEW/MVP/New_MVP_143.wav,34.93808364868164,-81.56767272949219,21.406883239746094,-23.092947006225586,10.178533554077148,-5.155306816101074,3.8386800289154053,-2.50470232963562,-1.9455020427703857,-12.246349334716797,-9.276009559631348,-3.522662401199341,1.9590613842010498,3.354584217071533,-6.083292484283447,0.4701113700866699,5.074492931365967,-1.2184581756591797,-3.3276586532592773,-3.2727506160736084,4.007506370544434,2.5854108333587646,3.3669779300689697,-1.105975866317749,-2.720979690551758,1.7881450653076172,-3.132338762283325,0.10958051681518555,-2.328946113586426,-2.7138893604278564,-3.243867874145508,5.076806545257568,-1.8829536437988281,-1.4676475524902344,3.514857292175293,-2.3473730087280273,1.1425895690917969,3.0853428840637207,-1.3815196752548218,0.5281886458396912,0.28478366136550903,0.02219407632946968,0.023276817053556442,0.025879107415676117,0.029669377952814102,0.03384171426296234,0.037657104432582855,0.040027420967817307,0.039735425263643265,0.03626684099435806,0.029275331646203995,0.018970122560858727,0.009545854292809963,0.018865130841732025,0.03290820121765137,0.04181133210659027,0.041616033762693405,0.03294411301612854,0.025117099285125732,0.03396182879805565,0.040985994040966034,0.0358734168112278,0.025669988244771957,0.03664655610918999,0.05120303854346275,0.05078331381082535,0.047330666333436966,0.048162300139665604,0.043429743498563766,0.04666928946971893,0.046235471963882446,0.043396398425102234,0.04316824674606323,0.05612822249531746,0.06033334881067276,0.05692112818360329,0.058937929570674896,0.06723227351903915,0.06978165358304977,0.06251147389411926,0.04824060946702957,0.032638177275657654,0.032323386520147324,0.03486611694097519,0.03146205469965935,0.030215058475732803,0.031061135232448578,0.03192731738090515,0.030831048265099525,0.033522579818964005,0.030825842171907425,0.037412453442811966,0.035672418773174286,0.02480100840330124,0.03833042457699776,0.028846295550465584,0.02614569291472435,0.02156403288245201,0.01816067472100258,0.026008622720837593,0.037764668464660645,MVP
../data/DWT_NEW/MVP/New_MVP_078.wav,74.4744873046875,-21.423545837402344,-5.8869829177856445,-20.161453247070312,-19.996723175048828,21.52859115600586,-21.009366989135742,11.202449798583984,-5.04483699798584,-0.7404202222824097,3.215700387954712,-3.927499294281006,3.0336341857910156,-2.787088394165039,-1.2797183990478516,-2.5393738746643066,0.9270681142807007,0.24323779344558716,0.4776248335838318,0.22542375326156616,0.3741999864578247,-0.0015444755554199219,-2.7938618659973145,0.9665526151657104,-0.14234086871147156,0.052506908774375916,-1.9501314163208008,0.461494117975235,0.9672889113426208,1.5780242681503296,0.8072577714920044,4.091258525848389,3.2954840660095215,-0.621524453163147,-2.2323238849639893,-2.2269532680511475,-3.1331071853637695,0.6346522569656372,1.0846668481826782,-2.517383098602295,0.1789952516555786,0.07884733378887177,0.0768197625875473,0.0694512277841568,0.06036188825964928,0.058240652084350586,0.06920388340950012,0.08390116691589355,0.08817275613546371,0.07255175709724426,0.03564264997839928,0.043687641620635986,0.10849815607070923,0.1589932143688202,0.16887305676937103,0.13099834322929382,0.06627312302589417,0.04202146455645561,0.05485454946756363,0.040259238332509995,0.06301809847354889,0.07420007139444351,0.055456534028053284,0.03736616298556328,0.059916168451309204,0.10012534260749817,0.13197322189807892,0.10756421089172363,0.046069759875535965,0.08089230209589005,0.11996644735336304,0.0952063500881195,0.07202623039484024,0.07978633791208267,0.10921686142683029,0.17488208413124084,0.19832664728164673,0.15493988990783691,0.10503493249416351,0.09293809533119202,0.17688074707984924,0.2519257664680481,0.2622504234313965,0.15898913145065308,0.0888747051358223,0.23209339380264282,0.3093612492084503,0.21841129660606384,0.22957250475883484,0.4172099232673645,0.3635519742965698,0.3198164403438568,0.4767647385597229,0.32798072695732117,0.3534356951713562,0.4609106779098511,0.3006829023361206,0.3752869665622711,0.4955321252346039,0.47581249475479126,0.3527967929840088,MVP
../data/DWT_NEW/MVP/New_MVP_087.wav,76.7398681640625,-23.540369033813477,9.905921936035156,-34.98832702636719,-16.50507354736328,24.249671936035156,-23.003156661987305,6.177237033843994,3.1138715744018555,-4.942968845367432,2.3712778091430664,-2.6036360263824463,2.3440144062042236,-4.935595512390137,-0.17766980826854706,-1.904333233833313,-1.7210876941680908,-0.8923708200454712,0.8169285655021667,-0.2570127844810486,1.1421692371368408,4.252466201782227,-1.6598765850067139,-0.8906715512275696,2.8155593872070312,1.6700022220611572,-2.4972105026245117,3.306187152862549,2.4163689613342285,-1.2265808582305908,2.231062412261963,3.617924928665161,1.4188883304595947,1.3936991691589355,-1.0837715864181519,-0.773922324180603,-0.16100245714187622,0.5930619835853577,1.3286728858947754,-1.8167445659637451,0.19998130202293396,0.09730564802885056,0.1130625531077385,0.1233975887298584,0.12380515038967133,0.111653633415699,0.0893397405743599,0.06370419263839722,0.04980364814400673,0.05942263454198837,0.07910837978124619,0.1005387157201767,0.12014660239219666,0.12469343841075897,0.11053609848022461,0.0811186283826828,0.049455780535936356,0.029782794415950775,0.04241987690329552,0.045135870575904846,0.03416299447417259,0.06089372932910919,0.06653589010238647,0.08169840276241302,0.09406642615795135,0.1523904651403427,0.19639454782009125,0.17251399159431458,0.14475998282432556,0.16167479753494263,0.1621246635913849,0.12117652595043182,0.07473777234554291,0.13046318292617798,0.15895597636699677,0.20463530719280243,0.24442410469055176,0.19496086239814758,0.11079567670822144,0.04978455603122711,0.17961780726909637,0.27892112731933594,0.28231292963027954,0.16349747776985168,0.15708927810192108,0.37801843881607056,0.4581359624862671,0.3071143329143524,0.2940535247325897,0.48613759875297546,0.4011138081550598,0.29589366912841797,0.5442216992378235,0.4549981951713562,0.4935227036476135,0.5442661046981812,0.40401148796081543,0.4748539626598358,0.48205822706222534,0.5977035760879517,0.5055533647537231,MVP
../data/DWT_NEW/MVP/New_MVP_068.wav,66.70242309570312,-23.979106903076172,3.267690896987915,-28.81692886352539,-23.7930908203125,23.542659759521484,-25.236780166625977,7.566835403442383,-3.2846789360046387,-3.2236058712005615,1.713900089263916,-3.60152530670166,0.9643087387084961,-2.2861084938049316,-0.6054544448852539,-0.025143176317214966,-1.2766298055648804,-1.6023097038269043,-2.75636887550354,-1.9116908311843872,2.800292730331421,5.615072250366211,-4.088076114654541,-1.0292775630950928,3.7836508750915527,2.569089889526367,-4.527645587921143,-0.5284373164176941,1.6179814338684082,-0.4516475796699524,-0.9620606899261475,3.347418785095215,1.7897847890853882,-0.2610919773578644,-1.7948088645935059,-1.5185614824295044,0.44046348333358765,1.3699833154678345,0.1711719036102295,0.9392908811569214,0.18334218859672546,0.03456057980656624,0.054601360112428665,0.07397504150867462,0.08777450770139694,0.0914984792470932,0.08287970721721649,0.06169376149773598,0.0320647694170475,0.015531103126704693,0.040344998240470886,0.0606311559677124,0.07308322936296463,0.07753294706344604,0.07435019314289093,0.06570454686880112,0.04754732549190521,0.02229451760649681,0.05177527666091919,0.0653487965464592,0.047805968672037125,0.04418525844812393,0.04719176143407822,0.07549730688333511,0.09939658641815186,0.10649915039539337,0.13396038115024567,0.13277314603328705,0.11774563789367676,0.11783646047115326,0.11829009652137756,0.08770470321178436,0.05793412774801254,0.09914495050907135,0.1198120191693306,0.1717405617237091,0.21214762330055237,0.18677815794944763,0.13704034686088562,0.07870498299598694,0.13626503944396973,0.21433398127555847,0.2324443757534027,0.1719108670949936,0.19817563891410828,0.3353182077407837,0.38206642866134644,0.26497215032577515,0.21532388031482697,0.36396288871765137,0.31827113032341003,0.3307602107524872,0.5158131718635559,0.3650027811527252,0.4507371187210083,0.4949043393135071,0.2462311089038849,0.37908297777175903,0.4200044274330139,0.45695966482162476,0.3928937315940857,MVP
../data/DWT_NEW/MVP/New_MVP_034.wav,82.67311096191406,-25.402313232421875,14.17121696472168,2.2650208473205566,-1.8990652561187744,9.25375747680664,-13.283687591552734,8.013383865356445,2.020040988922119,-6.483343124389648,7.923197269439697,-7.140106201171875,5.3887248039245605,-1.7954127788543701,0.25955554842948914,1.2498893737792969,1.1100497245788574,1.786094307899475,1.276151418685913,-2.1208176612854004,-4.773936748504639,3.1001803874969482,1.325448989868164,-0.4891188144683838,0.34622353315353394,1.4980376958847046,1.3999383449554443,-1.4140679836273193,0.5872742533683777,2.0455541610717773,2.7214407920837402,0.4985186457633972,3.682285785675049,-0.5401520729064941,-1.866662859916687,0.6604084372520447,0.9376198053359985,0.4354323446750641,2.3491790294647217,-0.7594565153121948,0.18219836056232452,0.2502773702144623,0.28245168924331665,0.30108898878097534,0.30176588892936707,0.2836697995662689,0.25517264008522034,0.2248547077178955,0.19319938123226166,0.1473063826560974,0.07220536470413208,0.08115605264902115,0.2144070565700531,0.3228011727333069,0.34899264574050903,0.2794012129306793,0.15342740714550018,0.0552729107439518,0.07124733924865723,0.05208594352006912,0.04049370810389519,0.10086609423160553,0.18028150498867035,0.17759594321250916,0.13971389830112457,0.21823245286941528,0.30891144275665283,0.29078662395477295,0.17630858719348907,0.18043431639671326,0.2182714343070984,0.13858017325401306,0.08623678982257843,0.1358528584241867,0.17621584236621857,0.2713272273540497,0.3089337646961212,0.24180135130882263,0.16886800527572632,0.11980900168418884,0.18539978563785553,0.26791876554489136,0.29047891497612,0.22319450974464417,0.17207655310630798,0.24774372577667236,0.2848246693611145,0.19743068516254425,0.2075277864933014,0.3275778293609619,0.3154448866844177,0.22649934887886047,0.2609752416610718,0.20281869173049927,0.20407770574092865,0.17441360652446747,0.26623469591140747,0.2965189814567566,0.2349987030029297,0.2896253764629364,0.1990569829940796,MVP
../data/DWT_NEW/MVP/New_MVP_180.wav,101.31770324707031,-27.192901611328125,11.523550033569336,-5.700923919677734,-11.623380661010742,-9.318283081054688,5.082916259765625,5.472363471984863,-10.544646263122559,-8.48627758026123,-2.273832082748413,0.6066306829452515,-4.64279842376709,-2.6722891330718994,-4.537179470062256,-1.98146390914917,-4.036768913269043,-3.9628114700317383,-4.57130765914917,-2.0195181369781494,-7.527667999267578,-1.7987416982650757,-4.5186991691589355,-6.978116989135742,-4.550503730773926,1.312225103378296,3.046166181564331,-3.0509839057922363,1.5607889890670776,-1.0897799730300903,-1.887394905090332,0.18103420734405518,-1.022955060005188,-4.0234880447387695,3.839993953704834,1.5063114166259766,-0.820164680480957,-3.7971432209014893,1.447148323059082,2.2353007793426514,0.2054036259651184,0.034314148128032684,0.03970947861671448,0.04872329533100128,0.06046786904335022,0.07322193682193756,0.08469552546739578,0.0908198207616806,0.08659331500530243,0.06974229216575623,0.042951613664627075,0.032866258174180984,0.0663692057132721,0.09923063218593597,0.12309984862804413,0.13564231991767883,0.14269483089447021,0.1797330677509308,0.2025572508573532,0.14995667338371277,0.1836332082748413,0.3145478665828705,0.32828015089035034,0.24081318080425262,0.2223784178495407,0.2361193150281906,0.3005222678184509,0.31717008352279663,0.22413134574890137,0.2613573670387268,0.2959081530570984,0.2595019042491913,0.23169003427028656,0.2259504199028015,0.24276377260684967,0.228006049990654,0.17825037240982056,0.1435556709766388,0.11726614087820053,0.17605464160442352,0.2475307285785675,0.2924807667732239,0.3210211992263794,0.36392641067504883,0.3719434142112732,0.32553035020828247,0.2529296278953552,0.13927426934242249,0.30699628591537476,0.413857102394104,0.40577125549316406,0.3814558982849121,0.4258071780204773,0.40902310609817505,0.3847876787185669,0.3905261158943176,0.45106858015060425,0.44520261883735657,0.2871141731739044,0.1314477175474167,0.13018688559532166,MVP
../data/DWT_NEW/MVP/New_MVP_115.wav,150.53662109375,-10.487669944763184,2.2070608139038086,3.0270962715148926,1.3990368843078613,-5.648624420166016,5.3945393562316895,-5.496013164520264,-4.217498779296875,-2.462709903717041,-2.0419704914093018,-7.0654449462890625,0.4987577199935913,2.0712876319885254,-2.3100225925445557,2.5214343070983887,-3.292203426361084,2.8460888862609863,9.568498611450195,2.2364606857299805,6.311607837677002,5.2956156730651855,-6.021675109863281,2.594343423843384,9.038518905639648,5.740344047546387,4.2628583908081055,5.671160697937012,-2.0510177612304688,-1.1053911447525024,2.4798593521118164,0.6149266958236694,0.2570817172527313,2.3107008934020996,-0.2237502634525299,0.9996553659439087,4.615836143493652,-3.8297500610351562,-1.9818470478057861,3.332313299179077,0.29326412081718445,0.23731732368469238,0.2440488189458847,0.2892807722091675,0.3296518325805664,0.3350085914134979,0.3049207329750061,0.27854424715042114,0.3213364779949188,0.4120588004589081,0.46887707710266113,0.4381667971611023,0.3321096897125244,0.22745224833488464,0.2278176248073578,0.20453618466854095,0.11014248430728912,0.16692274808883667,0.2450733780860901,0.20895259082317352,0.14096206426620483,0.21824324131011963,0.1928664892911911,0.12976223230361938,0.12397801876068115,0.27213823795318604,0.39346957206726074,0.3235365152359009,0.18173599243164062,0.4006803035736084,0.5521302223205566,0.40615344047546387,0.3721126914024353,0.6144428849220276,0.3851286768913269,0.4761171042919159,0.4591924846172333,0.4226987957954407,0.46333545446395874,0.42843472957611084,0.4008302092552185,0.3147487938404083,0.27158233523368835,0.39604970812797546,0.48488694429397583,0.5027689337730408,0.4416202902793884,0.3961084485054016,0.4220561683177948,0.44793611764907837,0.43514710664749146,0.38192126154899597,0.3396981358528137,0.33212125301361084,0.31911948323249817,0.32927557826042175,0.35148388147354126,0.35629183053970337,0.24135340750217438,0.2337145209312439,0.37807387113571167,MVP
../data/DWT_NEW/MVP/New_MVP_193.wav,72.34745788574219,-71.40620422363281,11.932952880859375,-21.50259017944336,-4.976609230041504,-2.7927095890045166,-5.431758880615234,-5.338407516479492,-0.21431607007980347,-1.902710199356079,1.57467520236969,-1.270695447921753,0.8912298679351807,1.3841203451156616,-2.2145652770996094,2.4329683780670166,-4.264849662780762,-1.8060071468353271,-1.6538662910461426,0.7990272045135498,1.2034351825714111,4.147782325744629,-0.2946842610836029,-3.895383834838867,-0.4619531035423279,-1.0357794761657715,-0.09390212595462799,3.366924285888672,0.35438358783721924,2.1193082332611084,-1.24476158618927,2.605806350708008,2.1568305492401123,-3.7834362983703613,-2.904047966003418,-7.308868885040283,1.5538383722305298,13.469430923461914,9.234360694885254,-1.2251472473144531,0.247071772813797,0.029001398012042046,0.03080727346241474,0.03415416181087494,0.03832472488284111,0.04282554239034653,0.0471336655318737,0.05060196667909622,0.05229000374674797,0.05208568647503853,0.04968137666583061,0.04422967880964279,0.03598601371049881,0.02404245361685753,0.012960524298250675,0.012479560449719429,0.020151088014245033,0.02295876480638981,0.023620158433914185,0.043346162885427475,0.07682670652866364,0.1025557741522789,0.10232594609260559,0.07535757124423981,0.05471125990152359,0.052985288202762604,0.04483016952872276,0.07096176594495773,0.08926079422235489,0.06638535112142563,0.03801930695772171,0.05354645848274231,0.0863947868347168,0.10005200654268265,0.09213443100452423,0.09804583340883255,0.1385495960712433,0.14109930396080017,0.07064984738826752,0.046314507722854614,0.09488967061042786,0.1508067101240158,0.2213674783706665,0.2359456717967987,0.18719318509101868,0.08037115633487701,0.0702742263674736,0.20571540296077728,0.2868044078350067,0.2800200879573822,0.21567168831825256,0.21550056338310242,0.2620106637477875,0.22492662072181702,0.15901683270931244,0.18754810094833374,0.18634064495563507,0.19963586330413818,0.2675500512123108,0.3254527151584625,0.3508928716182709,MVP
../data/DWT_NEW/MVP/New_MVP_121.wav,148.12225341796875,-6.359559535980225,13.142757415771484,4.646501541137695,1.504539132118225,-4.57652473449707,3.7193198204040527,-3.600475311279297,-3.384300947189331,-3.455324172973633,-1.23187255859375,-8.206380844116211,3.467362880706787,4.037298202514648,-2.3110055923461914,5.276737689971924,1.4224460124969482,0.37741225957870483,6.756603717803955,-0.5704258680343628,-0.2678454518318176,2.3561367988586426,-1.6357042789459229,3.4693422317504883,9.791502952575684,7.353636741638184,-1.4801188707351685,1.4067437648773193,1.3230698108673096,-2.1374619007110596,2.542125701904297,-0.9432607889175415,-0.7747522592544556,4.114358901977539,-2.3000729084014893,-2.4183077812194824,5.257470607757568,-3.056001901626587,-3.210618019104004,1.9541808366775513,0.2839510440826416,0.41974687576293945,0.4533427357673645,0.50462806224823,0.5320709943771362,0.5031986236572266,0.4165794253349304,0.3157605528831482,0.31987708806991577,0.42982959747314453,0.5067464113235474,0.48376715183258057,0.3962997496128082,0.3513040542602539,0.3769294023513794,0.3574039340019226,0.3088952898979187,0.33445608615875244,0.34811079502105713,0.2781713008880615,0.226335808634758,0.26909077167510986,0.28291937708854675,0.25375980138778687,0.210649311542511,0.23063255846500397,0.3732537627220154,0.29596155881881714,0.3961735963821411,0.5339233875274658,0.5335809588432312,0.5877838730812073,0.7613966464996338,0.6309133768081665,0.7195385694503784,0.7465506792068481,0.5848565101623535,0.6438482999801636,0.5237171649932861,0.5464508533477783,0.544368326663971,0.5478159189224243,0.5557379722595215,0.5107022523880005,0.39957863092422485,0.2324153631925583,0.21280503273010254,0.24407443404197693,0.24437330663204193,0.26904982328414917,0.3852928578853607,0.43335995078086853,0.4150935709476471,0.3939502239227295,0.3417290151119232,0.40534263849258423,0.5216272473335266,0.44965624809265137,0.2759265899658203,0.2386668622493744,0.34143778681755066,MVP
../data/DWT_NEW/MVP/New_MVP_114.wav,146.75698852539062,-14.343042373657227,-10.264886856079102,4.367148399353027,-5.395461082458496,-11.281691551208496,6.298149108886719,-12.256957054138184,-0.09244585037231445,-4.026827812194824,-1.3146427869796753,-2.584746837615967,-0.8075997233390808,-0.34532034397125244,-3.402907371520996,1.970827341079712,-1.9337704181671143,0.8979309797286987,8.718168258666992,2.944772243499756,7.779695510864258,7.970378875732422,-0.7395370602607727,2.3381080627441406,5.199062347412109,3.3996639251708984,8.927640914916992,9.7479887008667,1.4594166278839111,-3.6425299644470215,2.5520238876342773,3.0355653762817383,1.4673576354980469,5.13566255569458,-1.0561243295669556,2.672591209411621,5.082789421081543,-5.442427635192871,-0.5633679628372192,3.5778141021728516,0.2898198068141937,0.09262502938508987,0.06355012208223343,0.1671014428138733,0.2577335238456726,0.3065713047981262,0.3003222942352295,0.23967668414115906,0.16042634844779968,0.178506001830101,0.26847419142723083,0.30972740054130554,0.2629338502883911,0.14173391461372375,0.08055328577756882,0.14756426215171814,0.13217082619667053,0.06385080516338348,0.06425389647483826,0.07943715900182724,0.10250608623027802,0.10184852033853531,0.0673370510339737,0.07168462872505188,0.12662650644779205,0.22900822758674622,0.264087051153183,0.2109452784061432,0.23149818181991577,0.3866245746612549,0.4413917362689972,0.3035815954208374,0.511799156665802,0.5873749852180481,0.4835735261440277,0.6037861108779907,0.5970481038093567,0.5328479409217834,0.557440996170044,0.4898303151130676,0.5031642317771912,0.49888038635253906,0.5499241352081299,0.5951521992683411,0.6044052243232727,0.5644791722297668,0.5111058950424194,0.4496809244155884,0.3815855383872986,0.3715088367462158,0.4773208200931549,0.5058826208114624,0.36523640155792236,0.294824481010437,0.2613166570663452,0.21199019253253937,0.4049645960330963,0.5522264838218689,0.4086563289165497,0.2527778744697571,0.4096810221672058,MVP
../data/DWT_NEW/MVP/New_MVP_052.wav,97.14286041259766,-22.60739517211914,12.915361404418945,-5.197470664978027,-5.560911178588867,10.249422073364258,-12.917630195617676,6.130383491516113,2.5094943046569824,-5.642828941345215,5.149965286254883,-3.2288196086883545,3.252525806427002,0.17406269907951355,1.6400279998779297,2.542755126953125,3.242877721786499,5.911945343017578,0.9427749514579773,0.0802617073059082,-4.6890950202941895,-0.786312460899353,1.9349448680877686,2.3627352714538574,-3.130790948867798,-2.1312472820281982,4.161911964416504,-0.07136386632919312,-2.9696273803710938,-0.3781793713569641,3.3593900203704834,-0.2401304543018341,-1.5097072124481201,-0.4695984721183777,0.26992836594581604,-0.39650842547416687,2.398228645324707,1.073279857635498,-3.2018532752990723,1.5163049697875977,0.19992898404598236,0.21784880757331848,0.2158823311328888,0.21133577823638916,0.21925663948059082,0.24886754155158997,0.29018592834472656,0.3166276812553406,0.3010405898094177,0.23242413997650146,0.1228119283914566,0.0958918035030365,0.20220130681991577,0.25692903995513916,0.21882763504981995,0.14592435956001282,0.19966557621955872,0.2494746297597885,0.21511292457580566,0.1275101602077484,0.08182117342948914,0.14301851391792297,0.1497252881526947,0.11436301469802856,0.1266777515411377,0.22142964601516724,0.3152385354042053,0.2720142900943756,0.15934164822101593,0.16753244400024414,0.17725172638893127,0.11831258982419968,0.062124405056238174,0.12633995711803436,0.15382519364356995,0.22903582453727722,0.27338382601737976,0.24156799912452698,0.19389528036117554,0.23988285660743713,0.4007433354854584,0.49501490592956543,0.48503604531288147,0.35969632863998413,0.20060387253761292,0.2562783658504486,0.2768094837665558,0.13224413990974426,0.18085841834545135,0.3900431990623474,0.42377984523773193,0.40161412954330444,0.4562717080116272,0.345225989818573,0.1376405656337738,0.1813029646873474,0.3949487507343292,0.42671751976013184,0.31967997550964355,0.27383700013160706,0.2526921331882477,MVP
../data/DWT_NEW/MVP/New_MVP_072.wav,64.57463073730469,-13.461326599121094,1.023285150527954,-26.545055389404297,-19.969711303710938,26.718746185302734,-26.361778259277344,9.846461296081543,0.33308255672454834,-3.7847084999084473,2.6991138458251953,-0.2982673645019531,1.9432796239852905,-1.3016160726547241,3.175863027572632,-0.3500865697860718,0.5795016884803772,0.3707613945007324,-2.172609806060791,-3.2286558151245117,-1.509526252746582,2.7060751914978027,-2.378511428833008,-0.207310289144516,0.0931972861289978,2.8057713508605957,-0.5896381139755249,1.0210363864898682,-0.2174910008907318,1.2342123985290527,0.19538402557373047,0.5425580739974976,0.1081833690404892,-0.8531069755554199,-1.4878885746002197,-0.6058957576751709,0.1974446177482605,-0.5998766422271729,-0.9502410888671875,-0.6464126110076904,0.16396348178386688,0.10475755482912064,0.10831381380558014,0.1060492992401123,0.0976349264383316,0.08506229519844055,0.0749279111623764,0.07261499017477036,0.07330557703971863,0.06526452302932739,0.04105508327484131,0.0316498838365078,0.08500616997480392,0.1364704668521881,0.16055285930633545,0.14564234018325806,0.10274296998977661,0.062125615775585175,0.039947398006916046,0.04538454860448837,0.08016330003738403,0.08773558586835861,0.06597340852022171,0.07269348949193954,0.07533884793519974,0.12150789797306061,0.1472872495651245,0.12554161250591278,0.10323232412338257,0.13315220177173615,0.14569848775863647,0.10847428441047668,0.09192603826522827,0.11652690172195435,0.13842880725860596,0.13983137905597687,0.17091770470142365,0.15002351999282837,0.1022455245256424,0.08324520289897919,0.15154653787612915,0.2432689517736435,0.280870258808136,0.24668996036052704,0.22221529483795166,0.2845647633075714,0.3479430079460144,0.2918602228164673,0.21860730648040771,0.30470189452171326,0.2506418228149414,0.270770788192749,0.4578065276145935,0.4117453396320343,0.41545650362968445,0.45076197385787964,0.3466131389141083,0.3654558062553406,0.40660786628723145,0.4928082525730133,0.2896690368652344,MVP
../data/DWT_NEW/MVP/New_MVP_050.wav,78.58665466308594,-15.184978485107422,7.937822341918945,-4.09245491027832,-3.062488079071045,13.226883888244629,-18.06720733642578,11.514726638793945,-0.6650412678718567,-5.1744585037231445,9.275851249694824,-10.336104393005371,4.800021648406982,-0.529106855392456,-1.704986333847046,2.480800151824951,-1.5066412687301636,0.01352381706237793,1.0335150957107544,9.476696014404297,1.398559331893921,3.682248115539551,-0.5399030447006226,5.132419586181641,0.7978671193122864,-1.276475191116333,-0.6687945127487183,1.0750644207000732,0.570683479309082,-5.527707099914551,-0.6374689936637878,-1.04500412940979,-2.6958584785461426,0.9777384996414185,3.2030880451202393,-0.6084520816802979,1.0341050624847412,2.2084403038024902,-3.1115167140960693,0.8665480613708496,0.1684749275445938,0.12724818289279938,0.10916900634765625,0.13730022311210632,0.20594176650047302,0.27744606137275696,0.32299843430519104,0.318748414516449,0.2505708336830139,0.1303630769252777,0.07782135903835297,0.20415815711021423,0.28098225593566895,0.2672770917415619,0.1890464872121811,0.16841459274291992,0.19401319324970245,0.1523962914943695,0.08178552985191345,0.09463555365800858,0.06601440161466599,0.027767367660999298,0.08896269649267197,0.17104673385620117,0.17846399545669556,0.21420861780643463,0.2297525405883789,0.18923819065093994,0.17688363790512085,0.17426107823848724,0.12282973527908325,0.0545269213616848,0.1460031270980835,0.2512960135936737,0.3410247564315796,0.42634204030036926,0.4248848557472229,0.3618158996105194,0.2541988492012024,0.1104462593793869,0.14853522181510925,0.2192457616329193,0.202448308467865,0.09646021574735641,0.18859748542308807,0.3268769681453705,0.36891987919807434,0.28863731026649475,0.21811042726039886,0.26425570249557495,0.22290785610675812,0.16680744290351868,0.19872596859931946,0.14519909024238586,0.2975206673145294,0.34602779150009155,0.20068758726119995,0.16957694292068481,0.24566024541854858,0.2743742763996124,0.3333590626716614,MVP
../data/DWT_NEW/MVP/New_MVP_014.wav,52.65801239013672,-14.901983261108398,47.090118408203125,-11.609209060668945,-17.67556381225586,17.988433837890625,-18.519668579101562,15.074403762817383,-7.86833381652832,3.561593532562256,2.037193775177002,-1.3382718563079834,1.3948187828063965,0.7667290568351746,2.143404722213745,-1.8876469135284424,1.7830851078033447,-1.394787073135376,1.2770540714263916,-2.604365825653076,0.7858641743659973,-1.8706601858139038,1.3457449674606323,1.9230704307556152,1.6577540636062622,-2.1890530586242676,0.5041723847389221,1.7804458141326904,3.4309306144714355,0.451383113861084,-3.9993896484375,-2.7499425411224365,-2.6275219917297363,1.623259425163269,4.1011552810668945,-1.239642858505249,-0.3216177225112915,4.286688804626465,0.5053085088729858,0.9609732627868652,0.18265259265899658,0.1873130202293396,0.13938698172569275,0.07859037071466446,0.0871930792927742,0.18159565329551697,0.2795029282569885,0.3475632965564728,0.35745835304260254,0.2962418794631958,0.1712062954902649,0.064115971326828,0.17846235632896423,0.2449558973312378,0.20336034893989563,0.09653057157993317,0.1562591791152954,0.2375609129667282,0.22644904255867004,0.15288208425045013,0.09600168466567993,0.0826123058795929,0.06869541108608246,0.14061033725738525,0.18410348892211914,0.2079562544822693,0.2580183148384094,0.29131221771240234,0.3690345287322998,0.3454197347164154,0.23407284915447235,0.16546157002449036,0.1122899204492569,0.05174741894006729,0.17731183767318726,0.3021423816680908,0.3471599221229553,0.3694894313812256,0.3061397075653076,0.1520048975944519,0.12570145726203918,0.3012194037437439,0.4191610813140869,0.39471888542175293,0.21395276486873627,0.11758079379796982,0.3314617872238159,0.383042573928833,0.25792476534843445,0.2579822838306427,0.36668872833251953,0.2876097559928894,0.27091002464294434,0.34370896220207214,0.2495308220386505,0.2311916947364807,0.2685956060886383,0.2545226514339447,0.2165115922689438,0.1737366020679474,0.1718507707118988,MVP
../data/DWT_NEW/MVP/New_MVP_006.wav,63.429542541503906,-13.810962677001953,38.9100341796875,-16.97959327697754,-20.178577423095703,20.490272521972656,-19.068553924560547,12.906110763549805,-6.493673801422119,3.9352922439575195,0.8861666917800903,-1.1234335899353027,2.251452684402466,-0.3850415349006653,1.317487359046936,-0.5326552987098694,-1.0977493524551392,-3.3268871307373047,2.4069900512695312,2.8912529945373535,1.8764262199401855,-1.5620625019073486,-0.0676048994064331,0.9370438456535339,1.5481845140457153,1.0916078090667725,0.95984947681427,0.577202558517456,0.9744093418121338,-0.5042777061462402,-3.1867833137512207,0.7118430733680725,-0.6038626432418823,-3.3491129875183105,1.6712554693222046,4.378312587738037,-0.6841782331466675,-1.6228950023651123,2.6224076747894287,4.474512100219727,0.19104650616645813,0.18267416954040527,0.1825045496225357,0.18272393941879272,0.18539109826087952,0.19309204816818237,0.2084832340478897,0.22701868414878845,0.237726092338562,0.23090152442455292,0.2000790685415268,0.1489110291004181,0.10246282815933228,0.09904900193214417,0.11889669299125671,0.1657561957836151,0.23146352171897888,0.2603510022163391,0.2137376070022583,0.11685427278280258,0.09326783567667007,0.11145609617233276,0.07584793865680695,0.05806597322225571,0.13623440265655518,0.17263534665107727,0.11955273151397705,0.12269382178783417,0.27979031205177307,0.29707780480384827,0.17635957896709442,0.12679514288902283,0.16351628303527832,0.1326732337474823,0.0674658864736557,0.15679572522640228,0.19689086079597473,0.2730780243873596,0.2982163429260254,0.2165229618549347,0.1244773268699646,0.19497783482074738,0.32690727710723877,0.36882486939430237,0.2598716914653778,0.14302457869052887,0.32102757692337036,0.4097919464111328,0.3015785217285156,0.24550902843475342,0.3958015441894531,0.3588515520095825,0.3271382451057434,0.38425201177597046,0.3055230677127838,0.3498300313949585,0.34792226552963257,0.29424601793289185,0.2994658350944519,0.2987537980079651,0.23367884755134583,MVP
../data/DWT_NEW/MVP/New_MVP_060.wav,85.43284606933594,-27.63946533203125,5.687919616699219,-3.313793659210205,-6.144451141357422,12.636625289916992,-15.183807373046875,5.041543960571289,2.2282607555389404,-7.135511875152588,7.098037242889404,-4.16690731048584,3.472670555114746,-1.1758992671966553,-1.0212904214859009,1.468885064125061,-2.9445595741271973,-0.12320101261138916,-4.244385242462158,2.2790164947509766,-1.2728641033172607,5.038084030151367,-1.1826661825180054,-2.5127768516540527,-1.4311065673828125,2.464095115661621,-1.8152148723602295,-2.5280141830444336,0.11832559108734131,-1.5947965383529663,2.406691312789917,3.8963465690612793,1.7157385349273682,0.8922821283340454,-1.3736307621002197,-0.34948068857192993,0.5127124786376953,1.3359928131103516,1.3643367290496826,2.269308567047119,0.18708230555057526,0.1335170567035675,0.12290716916322708,0.12151852250099182,0.13459676504135132,0.15282794833183289,0.1605566442012787,0.14310085773468018,0.09401550143957138,0.03974603861570358,0.11828108131885529,0.20395119488239288,0.25095468759536743,0.2390763908624649,0.17489856481552124,0.09760148078203201,0.04408656805753708,0.043259501457214355,0.10044063627719879,0.12105540931224823,0.08548053354024887,0.06169896945357323,0.10646132379770279,0.1728949099779129,0.18251091241836548,0.2211390733718872,0.260390043258667,0.22107034921646118,0.1654699295759201,0.2014378309249878,0.19507578015327454,0.13561135530471802,0.09849977493286133,0.1375843584537506,0.18417923152446747,0.2683990001678467,0.2830948531627655,0.21693503856658936,0.14165176451206207,0.05927671492099762,0.15802642703056335,0.24128076434135437,0.2529296875,0.18585607409477234,0.1612476259469986,0.2920539975166321,0.369154155254364,0.3326076567173004,0.25378620624542236,0.21533265709877014,0.1483798325061798,0.18377487361431122,0.2878701984882355,0.2571507692337036,0.3140626549720764,0.33845531940460205,0.2064039409160614,0.253445029258728,0.23585644364356995,0.29619646072387695,0.29167377948760986,MVP
../data/DWT_NEW/MVP/New_MVP_189.wav,99.79621124267578,-32.91503143310547,23.145259857177734,-3.2123565673828125,1.2987946271896362,13.450385093688965,-1.304728388786316,7.887524127960205,-12.193008422851562,0.9639898538589478,7.979999542236328,-6.8010759353637695,-0.9136754274368286,4.016445159912109,-1.609320044517517,11.01472282409668,2.6270971298217773,2.260338544845581,4.037818908691406,-0.5698860883712769,3.7714099884033203,10.572681427001953,2.2672877311706543,0.5679614543914795,6.903723239898682,2.2092409133911133,-6.8969221115112305,1.365612506866455,2.571100950241089,-1.3640893697738647,1.7990539073944092,-2.6008658409118652,1.2154091596603394,3.1844403743743896,-3.731323003768921,-3.070924997329712,5.833375453948975,-4.961483955383301,-2.413640260696411,2.6253302097320557,0.24665580689907074,0.13791927695274353,0.18884789943695068,0.20140917599201202,0.16737517714500427,0.09879099577665329,0.1223408430814743,0.2607603371143341,0.39858973026275635,0.48992979526519775,0.5024430751800537,0.4185369312763214,0.2617674469947815,0.10315565764904022,0.09350498765707016,0.12289461493492126,0.07462631911039352,0.20568165183067322,0.32695144414901733,0.33882492780685425,0.23467716574668884,0.10156861692667007,0.061841029673814774,0.09568602591753006,0.15111255645751953,0.17033690214157104,0.14430561661720276,0.07874608784914017,0.1659824401140213,0.2497633695602417,0.22158637642860413,0.20000600814819336,0.31858277320861816,0.3156597912311554,0.30192387104034424,0.3725475072860718,0.3411800265312195,0.33317387104034424,0.324721097946167,0.2801709473133087,0.2556155323982239,0.23395130038261414,0.24974367022514343,0.25808972120285034,0.255047082901001,0.22688034176826477,0.17632396519184113,0.1437293440103531,0.1379336714744568,0.1516059935092926,0.21664202213287354,0.20504961907863617,0.23505878448486328,0.27759820222854614,0.24977745115756989,0.22104033827781677,0.14430630207061768,0.1959129273891449,0.25938135385513306,0.34695178270339966,0.3180045783519745,MVP
../data/DWT_NEW/MVP/New_MVP_166.wav,49.37321090698242,-70.06071472167969,24.934972763061523,-26.349199295043945,10.793879508972168,-3.570441722869873,3.6258034706115723,3.366638422012329,7.484060287475586,-4.535991668701172,-2.080508232116699,0.41691648960113525,-0.9859976768493652,2.599522829055786,-3.963559627532959,-3.2868521213531494,0.02389049530029297,-3.9473037719726562,-9.115551948547363,-8.96446418762207,1.6364524364471436,2.571326971054077,5.079959869384766,-0.7295818328857422,-1.081551432609558,3.7231826782226562,-0.07781970500946045,3.2670745849609375,1.0511903762817383,-0.720256507396698,-3.4447970390319824,4.640820503234863,-1.6498569250106812,-1.4809380769729614,3.261833429336548,-2.707653284072876,0.5350841879844666,3.1434121131896973,-2.952220916748047,-0.23380780220031738,0.29944226145744324,0.07012516260147095,0.0661315768957138,0.05890742689371109,0.048164002597332,0.034131087362766266,0.018583033233880997,0.0054770237766206264,0.013713600113987923,0.020983858034014702,0.02196122333407402,0.022169556468725204,0.038356438279151917,0.06652259826660156,0.09218306839466095,0.1057271808385849,0.09926047921180725,0.07166199386119843,0.03539516404271126,0.021452873945236206,0.023720797151327133,0.0389733724296093,0.08495309203863144,0.11715938150882721,0.11186431348323822,0.0769028514623642,0.038798823952674866,0.04505407065153122,0.09518621861934662,0.11953321099281311,0.10575239360332489,0.07877745479345322,0.08144110441207886,0.08967097103595734,0.07698029279708862,0.06231069564819336,0.055358171463012695,0.04444605112075806,0.033950675278902054,0.03104974888265133,0.03934147208929062,0.04369547963142395,0.048387311398983,0.06160780042409897,0.07409443706274033,0.07548456639051437,0.06960377842187881,0.06788122653961182,0.05800027400255203,0.04840637743473053,0.049412842839956284,0.055665284395217896,0.04765580594539642,0.030594196170568466,0.03197064250707626,0.03465350344777107,0.024355042725801468,0.00907798670232296,0.018629875034093857,0.02324354648590088,0.038287755101919174,MVP
../data/DWT_NEW/MVP/New_MVP_038.wav,87.97689819335938,-19.41407585144043,10.456504821777344,-0.7499575614929199,-7.015073299407959,12.093511581420898,-15.29572582244873,10.033039093017578,1.5248284339904785,-5.118006706237793,6.283669948577881,-5.970098495483398,4.2248382568359375,-1.6927788257598877,-0.7970366477966309,1.1292517185211182,2.423708438873291,5.969266891479492,-5.363986968994141,-5.850488662719727,-7.482224941253662,3.5705671310424805,-1.7925000190734863,-1.9821795225143433,-4.165412425994873,1.1291418075561523,-0.9218443036079407,-0.19605407118797302,3.726989269256592,1.5117273330688477,0.7091333866119385,0.25933194160461426,1.7071878910064697,-0.07203862071037292,-1.1046442985534668,2.1477246284484863,0.0738111138343811,-1.418531060218811,-0.008608683943748474,1.2419508695602417,0.18534471094608307,0.22660234570503235,0.2420894354581833,0.24229848384857178,0.22616490721702576,0.20125246047973633,0.18976469337940216,0.2050952911376953,0.22440403699874878,0.21271803975105286,0.14860869944095612,0.05547922104597092,0.15669885277748108,0.26958197355270386,0.30485475063323975,0.23224690556526184,0.1057727113366127,0.15337976813316345,0.20503753423690796,0.18501800298690796,0.16362819075584412,0.12238941341638565,0.12407703697681427,0.1478726714849472,0.19490587711334229,0.3341817259788513,0.35304296016693115,0.23659107089042664,0.20281052589416504,0.2756912410259247,0.27044057846069336,0.14815905690193176,0.08439556509256363,0.13157907128334045,0.16851726174354553,0.24377550184726715,0.29848045110702515,0.2689570188522339,0.21941709518432617,0.21896019577980042,0.29943132400512695,0.39118874073028564,0.4186363220214844,0.34017837047576904,0.20693013072013855,0.14629270136356354,0.1710115671157837,0.11299976706504822,0.1433800607919693,0.30444538593292236,0.3509848713874817,0.34495192766189575,0.3841893672943115,0.31432971358299255,0.12692558765411377,0.13022543489933014,0.23076829314231873,0.35538262128829956,0.31806135177612305,0.2561885416507721,0.1985616385936737,MVP
../data/DWT_NEW/MVP/New_MVP_125.wav,11.479972839355469,-76.10769653320312,39.14906692504883,-15.87225341796875,14.898453712463379,-17.96880340576172,5.64326286315918,1.6726980209350586,-0.2596837282180786,0.06116636097431183,-5.865786075592041,0.3597865104675293,-2.1289222240448,5.206197738647461,3.3769092559814453,-12.499444961547852,0.8923490047454834,7.580630302429199,-0.23698043823242188,-0.5744301080703735,0.021057486534118652,4.568421363830566,5.238612174987793,-3.543883800506592,4.554664134979248,2.4725046157836914,-1.069350242614746,1.818971872329712,-1.6380255222320557,5.1743621826171875,-0.6158247590065002,-7.290247440338135,6.106039524078369,4.380733966827393,-6.044930458068848,0.5025773048400879,3.9444150924682617,1.2522650957107544,0.4260382056236267,0.9409769773483276,0.2711995840072632,0.05438490957021713,0.05125304311513901,0.04549179971218109,0.03650490939617157,0.02407687157392502,0.009613378904759884,0.01129079982638359,0.027762558311223984,0.04245530068874359,0.05226489529013634,0.05459051579236984,0.04960644617676735,0.04034161567687988,0.03539819270372391,0.03796612471342087,0.037914954125881195,0.029672905802726746,0.027307532727718353,0.04336949810385704,0.05046221241354942,0.04104806110262871,0.025835253298282623,0.0362732820212841,0.035196781158447266,0.04208699241280556,0.05668836086988449,0.05630786716938019,0.05534958839416504,0.05735208839178085,0.05913190543651581,0.06118551641702652,0.06623072922229767,0.07179901003837585,0.0751175507903099,0.07672866433858871,0.07281787693500519,0.06537506729364395,0.06086788326501846,0.05660364776849747,0.055458489805459976,0.056373290717601776,0.058026865124702454,0.05478515475988388,0.04684736579656601,0.03956228867173195,0.03842756152153015,0.03975755721330643,0.03445114195346832,0.022705214098095894,0.024306662380695343,0.02508736401796341,0.01448352262377739,0.011762550100684166,0.02639717049896717,0.030812889337539673,0.02212679758667946,0.018932338804006577,0.02401082217693329,0.018292786553502083,0.02672392502427101,MVP
../data/DWT_NEW/MVP/New_MVP_181.wav,87.16300964355469,-39.312034606933594,10.77624797821045,-12.659919738769531,-1.1115118265151978,6.891927719116211,-4.607494354248047,-1.0813841819763184,-2.313748359680176,-0.2963966131210327,-6.827773571014404,-0.3742844760417938,-5.01314640045166,3.6870319843292236,-0.6882795691490173,-3.7560782432556152,1.1796685457229614,4.982082843780518,0.3842563331127167,-3.719773054122925,-3.6451098918914795,-0.6292420029640198,1.615041971206665,6.7370805740356445,2.4954006671905518,-2.2611186504364014,1.2499014139175415,-3.0235023498535156,-7.11182165145874,-2.76112961769104,-2.6489036083221436,5.361906051635742,5.859117031097412,0.042041927576065063,-4.1062421798706055,-1.2282851934432983,-2.5581653118133545,-3.489108085632324,0.03135615587234497,1.580228567123413,0.20505298674106598,0.09141586720943451,0.10600774735212326,0.11701816320419312,0.12166199088096619,0.1183384582400322,0.10898195207118988,0.09635531157255173,0.08290698379278183,0.07002613693475723,0.06135907024145126,0.07050000876188278,0.09459167718887329,0.11129187047481537,0.10256622731685638,0.10115453600883484,0.13915416598320007,0.1622530221939087,0.1430472582578659,0.10170872509479523,0.0936083048582077,0.12389976531267166,0.14269959926605225,0.13104844093322754,0.11286737769842148,0.11097952723503113,0.09598439931869507,0.07334581762552261,0.1050039678812027,0.17642445862293243,0.2133256494998932,0.20064851641654968,0.19271788001060486,0.2006351798772812,0.21563580632209778,0.2182917445898056,0.21183285117149353,0.19549444317817688,0.17439311742782593,0.1614571511745453,0.16253869235515594,0.1455502212047577,0.13599561154842377,0.16709357500076294,0.21171990036964417,0.23997172713279724,0.24088165163993835,0.21069173514842987,0.16102688014507294,0.1198984906077385,0.21926343441009521,0.3636436462402344,0.35071539878845215,0.23823681473731995,0.21678653359413147,0.26116445660591125,0.34323692321777344,0.4266836643218994,0.41475579142570496,0.3162499666213989,0.27512723207473755,MVP
../data/DWT_NEW/MVP/New_MVP_151.wav,39.05956268310547,-76.34459686279297,22.221338272094727,-19.38772201538086,14.12230110168457,-5.175593852996826,0.09891068935394287,-1.8859727382659912,3.233944892883301,-5.249789237976074,-2.6211585998535156,-0.6198714971542358,2.072317361831665,7.224752426147461,-4.213318347930908,-4.181812286376953,0.33612358570098877,1.8787758350372314,-3.9888722896575928,-8.671051979064941,-2.4968528747558594,0.543863832950592,-0.999805748462677,0.7948970794677734,-0.25129228830337524,1.5877773761749268,-3.271150588989258,-0.15764442086219788,-0.6945720911026001,-0.7791191339492798,-3.3074393272399902,1.7936160564422607,0.17399001121520996,-4.452561378479004,2.643502712249756,-1.6363780498504639,-2.2811973094940186,2.992123603820801,-3.6024985313415527,-0.44921064376831055,0.2768160402774811,0.0028982695657759905,0.011481957510113716,0.02510770596563816,0.03851228207349777,0.04957906901836395,0.05621158704161644,0.05602703243494034,0.046992309391498566,0.029377471655607224,0.010225716046988964,0.030959859490394592,0.05837152153253555,0.08013845980167389,0.08745379745960236,0.08040839433670044,0.06438007950782776,0.05015058070421219,0.044597357511520386,0.03729872405529022,0.026664718985557556,0.0493585541844368,0.08185252547264099,0.08876939117908478,0.06906354427337646,0.06651323288679123,0.07205423712730408,0.07206428796052933,0.07973019033670425,0.07327073812484741,0.053420912474393845,0.04671679809689522,0.05740433186292648,0.05431535094976425,0.04847816377878189,0.05311514064669609,0.05534980073571205,0.04832282289862633,0.03728659823536873,0.024335063993930817,0.025020038709044456,0.050034865736961365,0.07428931444883347,0.08533662557601929,0.08201238512992859,0.07447078078985214,0.0708349272608757,0.07023083418607712,0.06276798993349075,0.055906910449266434,0.04618421196937561,0.04650183022022247,0.04099171236157417,0.03913611173629761,0.02093622274696827,0.01801898330450058,0.022910386323928833,0.020205523818731308,0.02509639784693718,0.030340898782014847,0.030623681843280792,MVP
../data/DWT_NEW/MVP/New_MVP_134.wav,29.11166000366211,-72.486328125,32.038848876953125,-27.75961685180664,10.188114166259766,-14.308005332946777,1.9200470447540283,-0.4030439853668213,3.139237403869629,-3.788148880004883,-9.969133377075195,-5.577307224273682,-1.2469807863235474,0.961814284324646,-0.24195072054862976,-1.4915108680725098,-2.7258362770080566,-2.4657938480377197,-3.6652755737304688,-7.816413879394531,-6.400857925415039,-0.887276291847229,-4.12045955657959,-3.368924856185913,1.9236948490142822,-2.557649850845337,-1.2616668939590454,5.884828567504883,3.2212166786193848,-2.535327196121216,-4.6971755027771,2.5022637844085693,-3.2815604209899902,-0.44219970703125,0.34591490030288696,-4.5124616622924805,0.3719061613082886,-2.9838433265686035,1.3187501430511475,-2.447301149368286,0.29527518153190613,0.029169345274567604,0.032776717096567154,0.03517025336623192,0.036075349897146225,0.03518519178032875,0.03308789059519768,0.02975149266421795,0.024289222434163094,0.015109241008758545,0.00035366875817999244,0.02100597508251667,0.045794777572155,0.0677257627248764,0.07903138548135757,0.07217084616422653,0.04530799388885498,0.007098435889929533,0.026828812435269356,0.035767290741205215,0.029697244986891747,0.06205417588353157,0.09226712584495544,0.0821969211101532,0.042235273867845535,0.03497660532593727,0.040255412459373474,0.05038253217935562,0.07922285795211792,0.08427023142576218,0.06826189160346985,0.06707654148340225,0.09316878020763397,0.10301197320222855,0.08610513061285019,0.06312484294176102,0.04853140190243721,0.050524212419986725,0.06740128248929977,0.08482043445110321,0.0861087441444397,0.068956159055233,0.04790115728974342,0.04216677322983742,0.05965130031108856,0.06261081993579865,0.04074284806847572,0.04993443563580513,0.07510887086391449,0.044295039027929306,0.03724856302142143,0.08166443556547165,0.05729077756404877,0.022037489339709282,0.072088822722435,0.05021403357386589,0.030418194830417633,0.03638764098286629,0.010408450849354267,0.0315454825758934,0.03855578228831291,MVP
../data/DWT_NEW/MVP/New_MVP_030.wav,94.86305236816406,-23.840591430664062,5.799558639526367,0.0699007511138916,-4.129788875579834,10.218254089355469,-16.507888793945312,7.797324180603027,-1.7006754875183105,-3.0771026611328125,4.959221363067627,-6.045543193817139,4.270967483520508,-0.5876722931861877,-0.5956714153289795,0.6073819398880005,-2.3985893726348877,2.264476776123047,3.012991189956665,5.988922119140625,1.9742786884307861,3.8884315490722656,1.287398099899292,2.774351119995117,-0.22046220302581787,-0.8075710535049438,0.8889560103416443,0.4680424928665161,0.12408256530761719,-0.7762901782989502,-0.7014049887657166,-1.378347635269165,1.4810490608215332,2.046391487121582,-1.9288724660873413,-0.3144778609275818,2.242445468902588,1.0139083862304688,-0.6429985761642456,1.388761281967163,0.1946503221988678,0.11928102374076843,0.11066874116659164,0.15059295296669006,0.21057310700416565,0.258076548576355,0.27133333683013916,0.23443378508090973,0.14475864171981812,0.05257067084312439,0.17329642176628113,0.2806650400161743,0.31152603030204773,0.24665622413158417,0.12734626233577728,0.14373727142810822,0.18487294018268585,0.13584724068641663,0.08171634376049042,0.10445144772529602,0.08182786405086517,0.10208243131637573,0.10268019139766693,0.11380638182163239,0.12554346024990082,0.2165122777223587,0.26523277163505554,0.21066494286060333,0.1470593959093094,0.1687120795249939,0.1624327450990677,0.15197977423667908,0.17062586545944214,0.25949257612228394,0.3157440423965454,0.4058517813682556,0.4321002960205078,0.36971887946128845,0.270894855260849,0.1628090739250183,0.19664473831653595,0.2774159014225006,0.2960668206214905,0.2396547943353653,0.23665374517440796,0.34025293588638306,0.38520002365112305,0.33537426590919495,0.33578258752822876,0.38394129276275635,0.32759732007980347,0.24917183816432953,0.3031562268733978,0.35325315594673157,0.4288833737373352,0.40071120858192444,0.30780065059661865,0.3399255871772766,0.3078998923301697,0.34923455119132996,0.4589211940765381,MVP
../data/DWT_NEW/MVP/New_MVP_182.wav,66.01716613769531,-21.373868942260742,12.209367752075195,2.209857225418091,5.6582536697387695,2.594663381576538,3.4353299140930176,-1.9411927461624146,-4.228353500366211,0.10236746072769165,4.663453578948975,5.393673896789551,4.689196586608887,1.9832136631011963,-3.06795597076416,-11.036720275878906,-7.242232322692871,3.048186779022217,3.0850207805633545,-5.109950542449951,0.6535744667053223,7.312379837036133,5.6432204246521,-0.9327805638313293,0.3311488628387451,2.260774612426758,0.4215414524078369,-5.7663116455078125,-2.4301528930664062,5.83473014831543,3.099031448364258,-6.033648490905762,-0.9913485646247864,3.3473429679870605,0.49169713258743286,2.9547219276428223,-2.431708335876465,0.04511427879333496,4.241182327270508,-1.0454790592193604,0.13443797826766968,0.18261687457561493,0.13633039593696594,0.08967012166976929,0.05549462139606476,0.04510533809661865,0.043888092041015625,0.043178774416446686,0.06556670367717743,0.10708121210336685,0.14854727685451508,0.17873670160770416,0.19447463750839233,0.19566911458969116,0.15767455101013184,0.0953703373670578,0.04117997735738754,0.03707873448729515,0.14733247458934784,0.27694153785705566,0.3200794458389282,0.2326691597700119,0.12441067397594452,0.10342689603567123,0.1639913022518158,0.23115268349647522,0.21342764794826508,0.15948626399040222,0.1508401334285736,0.22193384170532227,0.2239304780960083,0.18569694459438324,0.16771771013736725,0.202006533741951,0.2584525942802429,0.23834815621376038,0.21813799440860748,0.19998183846473694,0.1583215892314911,0.0934651792049408,0.1012410819530487,0.1471213549375534,0.18036623299121857,0.1644834578037262,0.1749643087387085,0.2996229827404022,0.3734280467033386,0.2990321218967438,0.20151424407958984,0.1614932119846344,0.10897453874349594,0.0626034215092659,0.1181115210056305,0.13435611128807068,0.13100504875183105,0.1415715515613556,0.15965010225772858,0.28581124544143677,0.293869286775589,0.21396757662296295,0.15118108689785004,MVP
../data/DWT_NEW/MVP/New_MVP_046.wav,93.20670318603516,-32.02095413208008,11.706274032592773,2.932964324951172,-3.763443946838379,5.777076244354248,-11.755724906921387,7.029623031616211,0.017165958881378174,-2.901967763900757,5.515726566314697,-5.874263286590576,2.8521275520324707,-2.5419769287109375,0.5289192795753479,0.25329625606536865,-6.064700603485107,-6.238448143005371,-3.416426658630371,8.013581275939941,7.8161702156066895,1.6704684495925903,-5.318103790283203,1.9979348182678223,3.896188259124756,-1.7457127571105957,-3.260631799697876,1.9802970886230469,3.2929329872131348,-1.231096863746643,0.07696929574012756,3.147578716278076,3.233896255493164,0.10888803005218506,-0.006327837705612183,-1.5510921478271484,0.18168437480926514,2.139810562133789,0.8188831806182861,-1.046844244003296,0.20361420512199402,0.14740008115768433,0.19062459468841553,0.2367030680179596,0.2722342312335968,0.2836149036884308,0.2623496651649475,0.2034769356250763,0.11238884925842285,0.03601047769188881,0.11294111609458923,0.1776137351989746,0.19925639033317566,0.19390776753425598,0.2033635675907135,0.21212992072105408,0.17144086956977844,0.08714593946933746,0.06876329332590103,0.07947094738483429,0.07411225140094757,0.12965643405914307,0.13946382701396942,0.1245633065700531,0.1420929878950119,0.23662196099758148,0.3497910499572754,0.32160258293151855,0.17513565719127655,0.18155652284622192,0.25547513365745544,0.20989522337913513,0.14591087400913239,0.20648831129074097,0.25858598947525024,0.32152456045150757,0.30104395747184753,0.22099459171295166,0.14746904373168945,0.10478309541940689,0.17514854669570923,0.22405657172203064,0.2085702121257782,0.17761915922164917,0.2384893000125885,0.3429393470287323,0.37528127431869507,0.32113686203956604,0.3188396096229553,0.34919843077659607,0.27667301893234253,0.16713778674602509,0.283345490694046,0.29442936182022095,0.3547581136226654,0.363805890083313,0.18541319668293,0.19069336354732513,0.17054127156734467,0.24404868483543396,0.286195307970047,MVP
../data/DWT_NEW/MVP/New_MVP_071.wav,77.70426940917969,-20.698715209960938,-5.030057907104492,-27.04677963256836,-18.209518432617188,21.010055541992188,-23.141712188720703,7.805156707763672,-1.7352473735809326,-4.10627555847168,3.656261682510376,-6.09736442565918,4.477283000946045,-4.8000993728637695,1.1782398223876953,-3.329998016357422,0.8548385500907898,1.657137155532837,6.034635543823242,5.245743751525879,4.286670684814453,0.5276243090629578,-2.179727792739868,3.706531524658203,-1.00258207321167,-2.5538125038146973,0.4710628092288971,3.3796005249023438,-3.826892852783203,0.4647887647151947,5.141383171081543,-1.0954861640930176,-1.137864112854004,4.398317337036133,-3.3977930545806885,-4.632831573486328,3.4568114280700684,-0.913602888584137,-0.1338064968585968,1.2371827363967896,0.18552060425281525,0.0914008617401123,0.07504837214946747,0.05483059585094452,0.04255201667547226,0.054799191653728485,0.07697442173957825,0.09034469723701477,0.08420411497354507,0.056489817798137665,0.02346821501851082,0.06675605475902557,0.10758165270090103,0.12136859446763992,0.09635734558105469,0.0462336391210556,0.06237978860735893,0.09230698645114899,0.08159315586090088,0.0453743115067482,0.03449166566133499,0.042054109275341034,0.037945911288261414,0.015233948826789856,0.03954214230179787,0.12531816959381104,0.1520313024520874,0.11526643484830856,0.08580607920885086,0.0910201370716095,0.08495630323886871,0.05878183990716934,0.038368795067071915,0.11319960653781891,0.13914380967617035,0.2025924026966095,0.260081946849823,0.23920929431915283,0.1872599720954895,0.10362805426120758,0.14080531895160675,0.23003797233104706,0.2558831572532654,0.16505718231201172,0.07779847085475922,0.280621200799942,0.39261001348495483,0.31920233368873596,0.2985662817955017,0.46386638283729553,0.384957492351532,0.24079185724258423,0.44265174865722656,0.3273527920246124,0.49582749605178833,0.5661414265632629,0.3982899785041809,0.5042608976364136,0.4535595178604126,0.482888787984848,0.4732927680015564,MVP
../data/DWT_NEW/MVP/New_MVP_130.wav,17.794635772705078,-68.39521789550781,38.724853515625,-12.928019523620605,20.59668731689453,-6.155576705932617,8.250864028930664,-6.485600471496582,-7.886632442474365,0.5134750604629517,-0.6518536806106567,2.745389938354492,-9.096250534057617,-1.7886664867401123,-1.5554404258728027,-2.239438772201538,10.453237533569336,5.610387802124023,-4.807939529418945,-2.229194402694702,-3.004190683364868,0.5847510695457458,-5.618753910064697,-2.9850053787231445,7.948859214782715,0.7591147422790527,-0.6010162830352783,0.9315358400344849,-1.2503457069396973,-3.094766139984131,-0.43043166399002075,-3.9608116149902344,2.528134346008301,2.720918655395508,-6.748937129974365,0.9768335819244385,-1.276645302772522,1.7487537860870361,4.00578498840332,-5.502749443054199,0.25091642141342163,0.061717305332422256,0.07137712091207504,0.07927615940570831,0.08360686898231506,0.08261231333017349,0.07599754631519318,0.06374888122081757,0.04755063354969025,0.03289591521024704,0.027946092188358307,0.029824519529938698,0.026442430913448334,0.01830155774950981,0.030440250411629677,0.05993785336613655,0.08641199767589569,0.09812115132808685,0.09328608214855194,0.08027835190296173,0.07589923590421677,0.08308500051498413,0.08566837012767792,0.07413079589605331,0.05144466087222099,0.03723342716693878,0.04839358478784561,0.061274945735931396,0.052818283438682556,0.05565757676959038,0.0668906718492508,0.062383539974689484,0.06474167108535767,0.08077846467494965,0.09305622428655624,0.09212808310985565,0.09007130563259125,0.0802876353263855,0.06582782417535782,0.05516207963228226,0.0535208098590374,0.057736705988645554,0.06041315197944641,0.05266379192471504,0.03951125219464302,0.0386095866560936,0.041873056441545486,0.03422602266073227,0.03367415443062782,0.04707663133740425,0.053441524505615234,0.04300447180867195,0.023962615057826042,0.0372568741440773,0.04539499059319496,0.05517296493053436,0.04312524572014809,0.05751366540789604,0.06378969550132751,0.05648966133594513,0.04586556926369667,MVP
../data/DWT_NEW/MVP/New_MVP_176.wav,144.99969482421875,-10.380353927612305,-5.267034530639648,9.948921203613281,-4.35594367980957,1.0647743940353394,6.905517101287842,-6.347929954528809,-4.65981388092041,-6.516286373138428,-2.4823598861694336,-9.072632789611816,3.42718243598938,1.6719940900802612,1.3518340587615967,7.804600238800049,-1.0595006942749023,3.0235607624053955,6.506619453430176,-0.3768174648284912,4.306564807891846,2.728090286254883,-5.527976989746094,2.709446430206299,13.651045799255371,9.932186126708984,4.519055366516113,-0.10981900990009308,-4.818333625793457,0.3673420548439026,3.9282705783843994,-2.0064964294433594,-1.003455400466919,2.717505931854248,-0.8280768394470215,-2.03413462638855,4.504572868347168,-3.7736871242523193,-2.048675537109375,1.9148201942443848,0.2819271385669708,0.5379350781440735,0.5297031998634338,0.4956991374492645,0.42897146940231323,0.3265579640865326,0.19842709600925446,0.06630341708660126,0.10905075818300247,0.22488373517990112,0.3147950768470764,0.36977505683898926,0.3901069462299347,0.3634570837020874,0.2989808917045593,0.2096986472606659,0.1067257821559906,0.16810694336891174,0.26508206129074097,0.2554263472557068,0.15621870756149292,0.1530042141675949,0.1432226151227951,0.1686379611492157,0.18843430280685425,0.2563871443271637,0.29250863194465637,0.2268347442150116,0.2743847370147705,0.5086697340011597,0.46957147121429443,0.3181423842906952,0.6502891778945923,0.6224995255470276,0.5080565810203552,0.6955915689468384,0.581372857093811,0.5954067707061768,0.5650665163993835,0.5198308825492859,0.5132726430892944,0.5178530812263489,0.5716988444328308,0.617121696472168,0.6176993250846863,0.5363086462020874,0.3675311207771301,0.23497678339481354,0.31735771894454956,0.3914167881011963,0.5291870832443237,0.6418725848197937,0.582007646560669,0.4286355972290039,0.3742750883102417,0.48730355501174927,0.588963508605957,0.5167708396911621,0.3982059359550476,0.433074414730072,0.5882652401924133,MVP
../data/DWT_NEW/MVP/New_MVP_098.wav,69.56548309326172,-50.40448760986328,27.06675148010254,1.5949586629867554,7.03023624420166,2.374086380004883,-0.1012183427810669,2.589418411254883,-3.73124361038208,-3.271517753601074,2.405900716781616,-1.1023926734924316,-2.688612461090088,-0.26172786951065063,-2.9953360557556152,-5.535341262817383,-6.175027847290039,-4.090129852294922,2.786595106124878,-4.244383335113525,-4.881999969482422,9.856108665466309,4.43190860748291,2.8342576026916504,-2.8469486236572266,2.7210676670074463,4.091921329498291,-2.8547937870025635,-3.476844072341919,-5.157780170440674,5.178725242614746,5.5600433349609375,4.43794059753418,-0.3554399013519287,-4.169458389282227,0.2971777617931366,3.567171096801758,3.8692150115966797,-1.4601614475250244,0.8852763175964355,0.188504159450531,0.03667738661170006,0.019390033558011055,0.032139819115400314,0.06186054274439812,0.09407682716846466,0.12378900498151779,0.14727722108364105,0.15914703905582428,0.15749749541282654,0.14162582159042358,0.1124500036239624,0.08089527487754822,0.06264456361532211,0.06314992159605026,0.06764714419841766,0.0694611519575119,0.08842606842517853,0.12969450652599335,0.17292580008506775,0.19844140112400055,0.20479489862918854,0.20346017181873322,0.19645917415618896,0.18062461912631989,0.18590353429317474,0.2492731213569641,0.3143675923347473,0.3222913444042206,0.3087853491306305,0.32068344950675964,0.31565961241722107,0.29054903984069824,0.2846252918243408,0.297328919172287,0.2814657390117645,0.23141758143901825,0.2078074812889099,0.22534812986850739,0.18599465489387512,0.12931692600250244,0.1407056301832199,0.162620410323143,0.20558957755565643,0.25070643424987793,0.2618684470653534,0.23482230305671692,0.182437464594841,0.12982505559921265,0.09268330782651901,0.0809720903635025,0.08384662866592407,0.08248152583837509,0.06119880825281143,0.03460123762488365,0.03097468428313732,0.03670782968401909,0.05841842293739319,0.07110666483640671,0.06638966500759125,0.08048461377620697,MVP
../data/DWT_NEW/MVP/New_MVP_040.wav,83.96867370605469,-25.126466751098633,15.252490997314453,-6.015427589416504,-0.28127872943878174,9.878339767456055,-15.325468063354492,8.951321601867676,-1.052255630493164,-6.889294624328613,7.901117324829102,-5.308431625366211,3.127791404724121,-1.7569832801818848,-1.1474030017852783,-1.411707878112793,-3.5540788173675537,-2.6876065731048584,-2.2434022426605225,3.8933374881744385,4.651550769805908,2.9727184772491455,-0.7267038226127625,3.7232868671417236,3.0925989151000977,-1.1792038679122925,0.5846800208091736,2.9264767169952393,-0.3302941918373108,-1.506612777709961,3.7765164375305176,-0.8735793828964233,-0.2899743318557739,3.362426519393921,-2.1168346405029297,-1.588381052017212,5.0495781898498535,-0.583411455154419,-0.04667246341705322,2.803131103515625,0.18970957398414612,0.24699805676937103,0.27612411975860596,0.29306715726852417,0.2900732755661011,0.2612103223800659,0.2084750235080719,0.13798722624778748,0.06726567447185516,0.06658528745174408,0.12287116050720215,0.17411762475967407,0.21879154443740845,0.24753472208976746,0.25873854756355286,0.2260151207447052,0.14471539855003357,0.05865256488323212,0.0719953328371048,0.07577976584434509,0.042051494121551514,0.0835523009300232,0.1289578527212143,0.14494293928146362,0.12770257890224457,0.2254306674003601,0.2976011037826538,0.2277998924255371,0.17373135685920715,0.24080006778240204,0.2404216229915619,0.12542100250720978,0.1527792513370514,0.2630167007446289,0.3061349391937256,0.3184904158115387,0.34463179111480713,0.27556100487709045,0.17817987501621246,0.12366044521331787,0.1721336543560028,0.21774400770664215,0.21088354289531708,0.1771082878112793,0.19404523074626923,0.32741063833236694,0.3584900498390198,0.259832501411438,0.26359158754348755,0.3500683903694153,0.2576116919517517,0.14072135090827942,0.23255833983421326,0.2370343655347824,0.31656360626220703,0.29696863889694214,0.25043797492980957,0.27879056334495544,0.175201416015625,0.1714765876531601,0.30360665917396545,MVP
../data/DWT_NEW/MVP/New_MVP_148.wav,18.864839553833008,-86.6535873413086,24.504079818725586,-14.934833526611328,5.190028190612793,-12.957354545593262,6.60722541809082,-0.14888876676559448,1.2375304698944092,5.586849212646484,-2.9371113777160645,0.3777722120285034,-7.124217987060547,4.205456733703613,4.673503875732422,-1.5818681716918945,0.9529075622558594,3.0735840797424316,5.261385917663574,4.401427745819092,0.466891884803772,0.8021734952926636,4.411632537841797,-3.5448155403137207,-0.6596941947937012,2.234801769256592,-1.1138663291931152,-0.9473742842674255,-3.083665370941162,1.9768471717834473,-2.738595485687256,-6.081640243530273,-1.5689398050308228,0.8249941468238831,-2.486645221710205,-4.275800704956055,-2.2501842975616455,-2.857712507247925,-4.475098609924316,2.8476099967956543,0.24435727298259735,0.03333437442779541,0.0398111566901207,0.04727799445390701,0.054758280515670776,0.061128199100494385,0.06587007641792297,0.06819239258766174,0.0674702599644661,0.06450612843036652,0.060066867619752884,0.053916074335575104,0.045511700212955475,0.033111073076725006,0.01754746213555336,0.0216279998421669,0.0421418696641922,0.0580950602889061,0.06460003554821014,0.060817793011665344,0.049681685864925385,0.03637758269906044,0.02457757294178009,0.01484974380582571,0.012311043217778206,0.01720254123210907,0.019860176369547844,0.020494632422924042,0.01723484881222248,0.01891833357512951,0.022935178130865097,0.026314198970794678,0.02071477100253105,0.02507089637219906,0.041894733905792236,0.03912895917892456,0.02311006188392639,0.017798403277993202,0.017865676432847977,0.01782473362982273,0.016335928812623024,0.015329143963754177,0.014976120553910732,0.014916562475264072,0.022676846012473106,0.026097873225808144,0.024821626022458076,0.029875434935092926,0.03722839057445526,0.029203038662672043,0.020931914448738098,0.024552002549171448,0.019175728783011436,0.005167046561837196,0.019478842616081238,0.023915225639939308,0.020854920148849487,0.02399430423974991,0.03015245869755745,0.020884860306978226,0.024884678423404694,MVP
../data/DWT_NEW/MVP/New_MVP_110.wav,150.50694274902344,-22.906749725341797,-13.389853477478027,0.7496662139892578,3.3960890769958496,11.93960189819336,-27.474166870117188,-18.48896026611328,-7.991554260253906,-1.828438401222229,3.754495143890381,3.4484782218933105,1.3138575553894043,-2.26056170463562,-11.42015266418457,-2.1176254749298096,1.9326180219650269,-3.9528210163116455,3.308943748474121,0.49946117401123047,-2.55147123336792,-5.635916709899902,3.8483033180236816,-5.016424179077148,2.2576241493225098,2.759183168411255,-2.8981704711914062,2.7143280506134033,-3.7110352516174316,1.2477569580078125,-2.069068193435669,1.297311544418335,-1.1832067966461182,1.9438165426254272,-1.8781437873840332,1.122382402420044,-1.0111870765686035,-0.6494967937469482,-0.3561157286167145,0.14815744757652283,0.3115029036998749,0.1467120200395584,0.17496101558208466,0.1900618076324463,0.18707697093486786,0.1637876331806183,0.1252460479736328,0.08252628147602081,0.059586301445961,0.06960456818342209,0.08125463128089905,0.0865931585431099,0.10172805935144424,0.14112615585327148,0.19669923186302185,0.25008562207221985,0.2736312747001648,0.22830985486507416,0.12457919120788574,0.09546665847301483,0.10834448039531708,0.1413450539112091,0.2782365679740906,0.32413461804389954,0.2427886426448822,0.10728016495704651,0.0710214376449585,0.28884005546569824,0.4082780182361603,0.34782904386520386,0.2278168648481369,0.3265736401081085,0.37579259276390076,0.26045161485671997,0.32009097933769226,0.5124839544296265,0.4514516294002533,0.39356476068496704,0.4174994230270386,0.4312741160392761,0.56121826171875,0.49580666422843933,0.435713529586792,0.5287387371063232,0.5654408931732178,0.46154600381851196,0.4965206980705261,0.513448178768158,0.38911953568458557,0.39825594425201416,0.3379100561141968,0.255790114402771,0.19266527891159058,0.10393849015235901,0.0721900463104248,0.1930227279663086,0.3305007815361023,0.4831158220767975,0.6327649354934692,0.7479101419448853,0.8271082639694214,MVP
../data/DWT_NEW/MVP/New_MVP_186.wav,143.8887939453125,-6.892468452453613,-0.9856777191162109,7.705634593963623,-3.4619882106781006,-1.5244678258895874,6.901667594909668,-8.742609024047852,-1.8597064018249512,-4.077271938323975,1.2004663944244385,-8.229866027832031,2.418562412261963,0.4184126555919647,-1.2674005031585693,3.3845431804656982,-2.403677463531494,6.258200645446777,9.676131248474121,0.31070953607559204,5.97264289855957,1.055066466331482,-6.725105285644531,0.7477702498435974,9.279510498046875,7.465176582336426,6.309551239013672,4.264808654785156,-4.733379364013672,-2.0145556926727295,3.150301456451416,-0.9159952402114868,-0.19152209162712097,2.0552170276641846,-1.8439747095108032,-0.11966283619403839,4.177688121795654,-5.393490314483643,-0.4142782688140869,4.720138072967529,0.27335986495018005,0.3535614311695099,0.37531453371047974,0.39765292406082153,0.3960484564304352,0.35500550270080566,0.2864668369293213,0.24321812391281128,0.2897842824459076,0.3721378445625305,0.4146575629711151,0.39323917031288147,0.34665438532829285,0.32693707942962646,0.3162236511707306,0.24108681082725525,0.12217766046524048,0.19534480571746826,0.24911029636859894,0.23155862092971802,0.24882745742797852,0.24345070123672485,0.16266267001628876,0.1223442554473877,0.14241378009319305,0.2466636449098587,0.33125463128089905,0.26915308833122253,0.18963097035884857,0.40833210945129395,0.494396448135376,0.34133875370025635,0.4303344786167145,0.5540399551391602,0.35431790351867676,0.5139400959014893,0.4609188437461853,0.47717753052711487,0.4991139769554138,0.48281291127204895,0.47647756338119507,0.4573512077331543,0.4563447833061218,0.4559645652770996,0.458805114030838,0.4250825047492981,0.35221779346466064,0.33167514204978943,0.3869554400444031,0.47776997089385986,0.5425983667373657,0.5079095959663391,0.4058653712272644,0.3641032576560974,0.3540650010108948,0.4354906380176544,0.48672470450401306,0.4421994090080261,0.33112120628356934,0.37906163930892944,0.5459931492805481,MVP
../data/DWT_NEW/MVP/New_MVP_160.wav,34.541290283203125,-74.74038696289062,43.81553268432617,-15.331116676330566,7.335733413696289,-10.12569808959961,2.9841420650482178,-5.656015396118164,1.7848963737487793,9.726977348327637,6.978320598602295,3.8833024501800537,-3.268022298812866,0.1931854784488678,-5.016753673553467,-5.088344097137451,2.8305208683013916,2.895862340927124,5.495614051818848,7.670120716094971,3.5473804473876953,3.2941715717315674,-6.992705821990967,0.23939085006713867,3.9127426147460938,-1.1787527799606323,0.5519793629646301,-0.914289116859436,-3.7109875679016113,-8.431624412536621,1.425832748413086,3.1830899715423584,1.3126742839813232,1.406599998474121,-1.7457642555236816,1.212369441986084,-0.9986245632171631,2.548799753189087,1.304948329925537,-0.3094731867313385,0.3177867531776428,0.0684303417801857,0.051274217665195465,0.03224696218967438,0.013323040679097176,0.012494022957980633,0.028418608009815216,0.04112555459141731,0.04757475107908249,0.04708903282880783,0.04068911448121071,0.033241432160139084,0.03838878124952316,0.061274826526641846,0.08386166393756866,0.10083788633346558,0.10499662160873413,0.09015978872776031,0.057991061359643936,0.03644975274801254,0.06385283917188644,0.07951473444700241,0.06609950214624405,0.05864075571298599,0.07619231194257736,0.07129942625761032,0.058556050062179565,0.058729901909828186,0.04834115505218506,0.03277110308408737,0.022888392210006714,0.027640482410788536,0.04841532185673714,0.06535790115594864,0.060778725892305374,0.06378854066133499,0.06461384147405624,0.050991740077733994,0.04580608382821083,0.050066109746694565,0.05334433913230896,0.050471462309360504,0.04693331941962242,0.05446541681885719,0.0802842527627945,0.1005764827132225,0.1095215305685997,0.11172740161418915,0.1155736893415451,0.1094387024641037,0.08344568312168121,0.03902167081832886,0.015454777516424656,0.017654549330472946,0.03778381645679474,0.04614243656396866,0.027962513267993927,0.01928817480802536,0.046042222529649734,0.03258085623383522,0.02052764594554901,MVP
../data/DWT_NEW/MVP/New_MVP_080.wav,83.6749267578125,-28.116600036621094,-8.555570602416992,-19.468860626220703,-20.896120071411133,17.200971603393555,-20.453027725219727,9.131413459777832,-3.9997081756591797,-1.379036545753479,3.350587844848633,-4.029388427734375,3.681210994720459,-2.7024245262145996,0.24323326349258423,-1.1781365871429443,4.238623142242432,5.034414768218994,5.622291564941406,-0.8580513596534729,-4.175775051116943,-0.27861258387565613,1.0972024202346802,-1.97145414352417,-2.9178853034973145,3.115731954574585,1.3279951810836792,0.7381744384765625,1.514122724533081,1.550042748451233,2.128469705581665,2.0798416137695312,0.021122530102729797,0.5813221335411072,-1.7227156162261963,-3.034348964691162,-0.3233881890773773,-1.1019030809402466,-0.3116752803325653,2.2332987785339355,0.19816963374614716,0.10954023897647858,0.10649374127388,0.0934048742055893,0.07037423551082611,0.04194989055395126,0.0306466743350029,0.05153563618659973,0.06720737367868423,0.06417125463485718,0.04702327400445938,0.06289838254451752,0.1101100891828537,0.14084365963935852,0.14110246300697327,0.098678357899189,0.041973091661930084,0.055243730545043945,0.07007884979248047,0.05187200382351875,0.038576409220695496,0.03665599972009659,0.03179489076137543,0.044725269079208374,0.06132904440164566,0.1235799640417099,0.1376444399356842,0.09190080314874649,0.0687279999256134,0.11452651023864746,0.1143052875995636,0.06645826995372772,0.03028613142669201,0.09730072319507599,0.11432690918445587,0.1612004041671753,0.20635095238685608,0.16238613426685333,0.10641898214817047,0.13800644874572754,0.23969551920890808,0.3272121548652649,0.3439677953720093,0.24142369627952576,0.07848663628101349,0.23108060657978058,0.3196626901626587,0.22937321662902832,0.3055654764175415,0.5245903730392456,0.47981780767440796,0.31700271368026733,0.46958446502685547,0.3356774151325226,0.4007258117198944,0.46642622351646423,0.47218525409698486,0.5919983386993408,0.4025132656097412,0.4571300148963928,0.3847407400608063,MVP
../data/DWT_NEW/MVP/New_MVP_054.wav,78.40202331542969,-30.18743896484375,11.40025520324707,4.328564643859863,-0.40047121047973633,10.520663261413574,-14.613494873046875,10.217809677124023,-2.7690863609313965,-2.441086769104004,5.119682312011719,-4.61010217666626,2.5489797592163086,-0.979301929473877,-0.13524530827999115,0.7375410795211792,-4.1350321769714355,1.4533495903015137,-0.5306907892227173,4.552513122558594,-0.9595351219177246,-1.9171061515808105,-1.2785817384719849,4.057967185974121,-2.397432804107666,-0.562890887260437,3.549532175064087,2.3034820556640625,-0.28983980417251587,1.581742525100708,7.585857391357422,1.6492997407913208,-0.603300929069519,3.4808454513549805,-1.2961770296096802,-2.8783273696899414,3.1039512157440186,-3.3963568210601807,-2.6909267902374268,4.57008171081543,0.18323948979377747,0.2402639091014862,0.2211681604385376,0.19527047872543335,0.17371833324432373,0.16663706302642822,0.1691502332687378,0.15874101221561432,0.11588255316019058,0.04604310542345047,0.10051637142896652,0.20767150819301605,0.2810088098049164,0.2901289463043213,0.23333878815174103,0.15079376101493835,0.09202904999256134,0.050591155886650085,0.04312113672494888,0.057466842234134674,0.05586353689432144,0.11650342494249344,0.1460224688053131,0.1440214067697525,0.1498311161994934,0.2468658983707428,0.3217124938964844,0.28177326917648315,0.20118333399295807,0.19719438254833221,0.19967816770076752,0.17388366162776947,0.14053554832935333,0.16301986575126648,0.18098752200603485,0.2533842921257019,0.2505641579627991,0.15199598670005798,0.05810198187828064,0.11132504791021347,0.23892077803611755,0.3013955354690552,0.2791464924812317,0.16104434430599213,0.15953034162521362,0.2575553357601166,0.28037190437316895,0.20059925317764282,0.22874665260314941,0.28864696621894836,0.21720483899116516,0.1291026473045349,0.212992861866951,0.16400139033794403,0.2972812354564667,0.30689096450805664,0.205424502491951,0.2665195167064667,0.19278672337532043,0.2113707810640335,0.3068372905254364,MVP
../data/DWT_NEW/MVP/New_MVP_175.wav,150.029541015625,-10.388410568237305,4.3173675537109375,2.831692695617676,-4.653720855712891,-7.177036762237549,4.673140048980713,-8.881678581237793,-5.5557732582092285,-4.242424964904785,4.486782073974609,-2.6910624504089355,0.31511807441711426,2.3749728202819824,-2.960638999938965,8.145967483520508,2.3554720878601074,0.1635701060295105,5.601255416870117,-1.0568842887878418,4.422011375427246,6.436418533325195,4.595246315002441,4.356024742126465,3.3703582286834717,6.476648807525635,2.921138286590576,7.757748603820801,3.5055527687072754,-6.576753616333008,2.630746364593506,2.55869722366333,-0.32444560527801514,2.9788613319396973,-1.5965137481689453,0.300778865814209,4.014083385467529,-3.661457061767578,-1.8632071018218994,3.9204044342041016,0.28886520862579346,0.3275783061981201,0.3660227060317993,0.36453360319137573,0.3232477307319641,0.2753247022628784,0.30208805203437805,0.41018033027648926,0.5100762248039246,0.5337640047073364,0.4471527934074402,0.26165080070495605,0.10396600514650345,0.25815510749816895,0.31102484464645386,0.22523179650306702,0.13966721296310425,0.23381473124027252,0.20654836297035217,0.12935811281204224,0.17647036910057068,0.15629592537879944,0.12736988067626953,0.12800942361354828,0.173533633351326,0.21752727031707764,0.28221896290779114,0.34322792291641235,0.3251562714576721,0.3879436254501343,0.5451692938804626,0.5971918702125549,0.5504571199417114,0.6986019015312195,0.7486162781715393,0.7100000977516174,0.7299777865409851,0.6827192306518555,0.6419340968132019,0.581400454044342,0.5902911424636841,0.621440589427948,0.7025699019432068,0.7800747156143188,0.8080097436904907,0.757020115852356,0.6240571141242981,0.4820587933063507,0.4316195249557495,0.4480512738227844,0.5529261231422424,0.6182966232299805,0.5739033818244934,0.500420093536377,0.41827625036239624,0.48432302474975586,0.5527234077453613,0.44089415669441223,0.30747899413108826,0.29810458421707153,0.45057034492492676,MVP
../data/DWT_NEW/MVP/New_MVP_185.wav,135.9405517578125,-23.485292434692383,3.435948371887207,4.515242576599121,-6.205299377441406,-8.157541275024414,4.789081573486328,-9.310494422912598,-7.186743259429932,-5.337553024291992,4.635258674621582,-2.249265670776367,-0.5282091498374939,2.6301450729370117,-0.10912692546844482,11.373607635498047,2.4544427394866943,-1.7960885763168335,3.9914960861206055,-1.392578363418579,5.320574760437012,7.167181015014648,4.030908584594727,3.929504632949829,3.0115463733673096,5.813624382019043,2.128662109375,7.7286224365234375,2.8221940994262695,-7.910888195037842,2.0215117931365967,4.1731061935424805,1.0185294151306152,2.495462656021118,-1.6178513765335083,1.4600569009780884,3.591212749481201,-4.72898006439209,-0.8383389115333557,4.893998622894287,0.2766338586807251,0.13590185344219208,0.20978453755378723,0.26173555850982666,0.2732120156288147,0.23774662613868713,0.17803716659545898,0.17730851471424103,0.26733726263046265,0.350860595703125,0.36681604385375977,0.2910456955432892,0.15325899422168732,0.08683346211910248,0.1688557118177414,0.16498500108718872,0.08718547224998474,0.10055384039878845,0.15876807272434235,0.15906882286071777,0.11007046699523926,0.08439148962497711,0.1060563325881958,0.09373848140239716,0.14049504697322845,0.14682605862617493,0.18653330206871033,0.20896561443805695,0.23314186930656433,0.2804791331291199,0.3239872455596924,0.3293702006340027,0.3438928425312042,0.4412127137184143,0.4930381774902344,0.5006997585296631,0.5455485582351685,0.5135407447814941,0.5124056339263916,0.4484604597091675,0.4462488293647766,0.44970864057540894,0.5052453279495239,0.5643690228462219,0.583393931388855,0.5387539863586426,0.4475324749946594,0.3858582377433777,0.33171945810317993,0.29142093658447266,0.3721701502799988,0.4444482922554016,0.4268643856048584,0.3980780243873596,0.2868286669254303,0.30589282512664795,0.3977644443511963,0.33943018317222595,0.25989875197410583,0.23677006363868713,0.3799583315849304,MVP
../data/DWT_NEW/MVP/New_MVP_122.wav,155.99298095703125,-16.996234893798828,-8.287200927734375,1.8636882305145264,-6.60880184173584,-9.796162605285645,5.191224575042725,-8.982171058654785,-1.5652518272399902,-0.9569377303123474,-3.0926759243011475,-3.817551612854004,-2.087562084197998,1.272913932800293,-2.8066234588623047,0.7393084764480591,-2.9718539714813232,-1.3404791355133057,7.644151210784912,1.1789824962615967,4.892830848693848,6.82568359375,-0.2969239354133606,4.725848197937012,5.818704128265381,1.6535608768463135,4.119701385498047,9.303773880004883,1.2688069343566895,-3.781322479248047,0.7471754550933838,2.644497871398926,2.233546733856201,2.4194421768188477,-1.2760474681854248,2.8713955879211426,4.860968589782715,-3.7793502807617188,-0.8164119720458984,5.166597366333008,0.31384629011154175,0.11925789713859558,0.14371030032634735,0.2014027237892151,0.25503507256507874,0.283635675907135,0.28171002864837646,0.2578575611114502,0.23702013492584229,0.23979705572128296,0.2436596155166626,0.21061134338378906,0.13460105657577515,0.050345443189144135,0.1142057329416275,0.15982922911643982,0.16096699237823486,0.15520384907722473,0.13687236607074738,0.0814005434513092,0.08257108926773071,0.12523148953914642,0.15497346222400665,0.15626707673072815,0.12015917897224426,0.172769695520401,0.2555336654186249,0.30649489164352417,0.2481403350830078,0.3142322301864624,0.423361599445343,0.3902440667152405,0.4088748097419739,0.5276744365692139,0.4267326295375824,0.5346392393112183,0.5755833983421326,0.5155701637268066,0.569886326789856,0.5093798637390137,0.512781023979187,0.48659253120422363,0.5298261642456055,0.5782613754272461,0.5864256024360657,0.5153214931488037,0.4087013006210327,0.33943480253219604,0.3334609270095825,0.32955700159072876,0.44601380825042725,0.5014810562133789,0.36955225467681885,0.30245307087898254,0.2774658203125,0.1967029869556427,0.3975163400173187,0.5370892286300659,0.3432539105415344,0.1348741501569748,0.4028618335723877,MVP
../data/DWT_NEW/MVP/New_MVP_039.wav,87.35155487060547,-18.759082794189453,13.062294960021973,4.879615783691406,-8.239673614501953,10.373815536499023,-13.898967742919922,7.477646827697754,0.4930010437965393,-4.5537109375,7.135794639587402,-7.406580924987793,5.574808120727539,-4.255311965942383,1.437299370765686,1.065727710723877,5.50057315826416,5.276599884033203,0.3514709174633026,-1.9676275253295898,-2.311493396759033,5.224913597106934,1.3491952419281006,3.668583631515503,2.1120078563690186,-0.20089241862297058,-3.6465110778808594,0.737342119216919,1.8412346839904785,-1.200130820274353,-1.6927571296691895,-2.1196467876434326,-0.32668548822402954,-3.0704727172851562,-1.8349708318710327,-1.515873908996582,-0.8295595645904541,1.3931688070297241,0.9654322862625122,-3.3998091220855713,0.1810149848461151,0.25061166286468506,0.26107561588287354,0.2705056667327881,0.28371474146842957,0.3011017143726349,0.31596487760543823,0.3089236319065094,0.25747358798980713,0.15447542071342468,0.062389835715293884,0.20804691314697266,0.34034550189971924,0.37774980068206787,0.300388365983963,0.17303040623664856,0.19933679699897766,0.2256026715040207,0.14983491599559784,0.1281796246767044,0.14249306917190552,0.11446341872215271,0.15708759427070618,0.13755956292152405,0.12180592119693756,0.17430880665779114,0.27810144424438477,0.26612943410873413,0.18730682134628296,0.16767042875289917,0.16486269235610962,0.11006343364715576,0.09382687509059906,0.18659570813179016,0.26000553369522095,0.33838051557540894,0.4002874493598938,0.3492209315299988,0.2488691508769989,0.1560530662536621,0.2792494297027588,0.4116936922073364,0.457389771938324,0.37450265884399414,0.23314358294010162,0.2580251693725586,0.3060227036476135,0.2276742309331894,0.18984858691692352,0.34428828954696655,0.3869708776473999,0.36516833305358887,0.4099031686782837,0.3093976378440857,0.22902920842170715,0.24724727869033813,0.3354232907295227,0.3855745494365692,0.2991868853569031,0.25800883769989014,0.30331146717071533,MVP
../data/DWT_NEW/MVP/New_MVP_097.wav,64.35470581054688,-23.133453369140625,7.335448741912842,-29.476009368896484,-17.857656478881836,22.216392517089844,-21.36988067626953,4.913974761962891,0.9673061966896057,-4.490177154541016,1.7737469673156738,-5.005235195159912,2.5018372535705566,-3.5876097679138184,1.5722047090530396,0.036791324615478516,1.2807815074920654,1.8044755458831787,1.4649851322174072,-0.8508659601211548,-0.20759928226470947,3.5807197093963623,-2.68507719039917,-0.7302966117858887,2.0789880752563477,0.9992585778236389,-2.833383560180664,0.28607311844825745,0.5392347574234009,-0.3390370309352875,0.9360285401344299,-0.7380443811416626,-0.28083884716033936,-2.1677730083465576,-5.398577690124512,-2.459439516067505,2.217219829559326,-1.1257200241088867,-2.117161750793457,0.4386769235134125,0.16843904554843903,0.06920725107192993,0.057872872799634933,0.03670264407992363,0.014565017074346542,0.04028146713972092,0.0739610493183136,0.09721654653549194,0.09947529435157776,0.07652382552623749,0.03548073023557663,0.04973499849438667,0.09583766758441925,0.11492514610290527,0.09039871394634247,0.05499323084950447,0.08994843065738678,0.09828849136829376,0.06105991452932358,0.052481573075056076,0.06707145273685455,0.06723910570144653,0.10207153856754303,0.08797919750213623,0.05850616842508316,0.05529702827334404,0.10970258712768555,0.11995671689510345,0.09125498682260513,0.06788275390863419,0.06062721088528633,0.06821918487548828,0.10509441792964935,0.14680776000022888,0.15716703236103058,0.1941673457622528,0.21735729277133942,0.17148226499557495,0.1289457380771637,0.11944893002510071,0.20705217123031616,0.28023749589920044,0.2832186222076416,0.19042706489562988,0.14643104374408722,0.23847784101963043,0.26662513613700867,0.13034452497959137,0.2081281542778015,0.40742605924606323,0.38820725679397583,0.3300100564956665,0.4404423236846924,0.29185858368873596,0.40998128056526184,0.42497706413269043,0.2748503088951111,0.39587414264678955,0.41755396127700806,0.3493283987045288,0.41829192638397217,MVP
../data/DWT_NEW/MVP/New_MVP_147.wav,32.42872619628906,-70.43602752685547,27.233291625976562,-17.423377990722656,15.237735748291016,-6.491315841674805,5.878653526306152,-5.877231121063232,-3.662836790084839,0.11071190237998962,-0.3998394012451172,4.481359004974365,-6.243905544281006,2.309542417526245,-0.4197198152542114,-4.246262073516846,5.42083740234375,-1.274684190750122,-6.357034206390381,-7.596879005432129,-10.726380348205566,-5.613726615905762,-3.356484889984131,-5.771215438842773,-2.5851337909698486,2.8739757537841797,1.3329920768737793,0.5051079392433167,-3.169342279434204,-1.671929121017456,0.32924720644950867,-1.4121067523956299,-0.1846778392791748,1.5762534141540527,2.115211248397827,-4.6574201583862305,1.592866063117981,-5.280669689178467,-2.961686611175537,1.0848549604415894,0.26794713735580444,0.024593815207481384,0.030799787491559982,0.037352874875068665,0.043773550540208817,0.04960204288363457,0.054907847195863724,0.05949707329273224,0.06303288042545319,0.06608734279870987,0.06910207122564316,0.0718996450304985,0.07556986808776855,0.08052341639995575,0.08772090822458267,0.09605829417705536,0.10206390172243118,0.09856308251619339,0.08060606569051743,0.04742494598031044,0.02212517522275448,0.05480680614709854,0.08772388845682144,0.10786056518554688,0.10944762080907822,0.07910505682229996,0.023733466863632202,0.04267095401883125,0.09016542136669159,0.1141313761472702,0.10744873434305191,0.07999061793088913,0.04526202008128166,0.01503174751996994,0.00639471597969532,0.0028818855062127113,0.01486042607575655,0.03949470818042755,0.0664413571357727,0.08926492184400558,0.0889451652765274,0.07144984602928162,0.05337567254900932,0.04032319784164429,0.04515628516674042,0.060603007674217224,0.060440532863140106,0.03201074153184891,0.015061894431710243,0.04513714462518692,0.03724454343318939,0.015847742557525635,0.028899015858769417,0.01764577627182007,0.013846246525645256,0.03172147274017334,0.04515380784869194,0.02799203433096409,0.017602432519197464,0.0519287995994091,0.05260603502392769,MVP
../data/DWT_NEW/MVP/New_MVP_119.wav,149.6504364013672,-19.43657684326172,-10.550607681274414,8.027314186096191,-0.4927864074707031,-3.431907892227173,6.218397617340088,-6.228115081787109,1.2876571416854858,-4.4020562171936035,-0.9492096900939941,-5.704709053039551,-0.701164960861206,1.034172773361206,-2.772177219390869,6.185170650482178,-1.433004379272461,-2.422806739807129,4.1719865798950195,-0.9033355116844177,3.992286205291748,6.265657901763916,1.3497391939163208,4.555675506591797,8.738968849182129,6.932426929473877,2.679277181625366,4.730784893035889,0.7412303686141968,-2.3995895385742188,0.822379469871521,1.2113922834396362,-0.1436232328414917,3.541163206100464,-2.11452054977417,-0.4240221083164215,4.402340888977051,-2.300762414932251,-1.930891990661621,3.00241756439209,0.297620952129364,0.3475257158279419,0.30920323729515076,0.2332075834274292,0.17122337222099304,0.22406364977359772,0.3339833617210388,0.41111308336257935,0.4152401387691498,0.35090917348861694,0.26511308550834656,0.2283308058977127,0.22845837473869324,0.20280088484287262,0.20739570260047913,0.21751460433006287,0.1589248925447464,0.13242332637310028,0.20912966132164001,0.18532684445381165,0.1351415514945984,0.20472462475299835,0.21555352210998535,0.150699645280838,0.11842921376228333,0.14738072454929352,0.281915545463562,0.4053410291671753,0.3772045373916626,0.3639303743839264,0.6095446348190308,0.6748899221420288,0.5461270809173584,0.7049546241760254,0.6924312114715576,0.5438235998153687,0.5814628601074219,0.4479920268058777,0.40832430124282837,0.3687690794467926,0.36864781379699707,0.42515790462493896,0.5030534267425537,0.586571991443634,0.6072695255279541,0.5765992403030396,0.5034666061401367,0.40045031905174255,0.35483935475349426,0.45157474279403687,0.5542120933532715,0.5779823064804077,0.5620481371879578,0.5083532929420471,0.48772338032722473,0.500828742980957,0.4697611629962921,0.46407201886177063,0.4033324122428894,0.41968855261802673,0.38816744089126587,MVP
../data/DWT_NEW/MVP/New_MVP_095.wav,72.18692016601562,-25.878055572509766,-0.8156713247299194,-32.32310104370117,-20.287492752075195,21.227937698364258,-23.776996612548828,7.1561079025268555,-1.5697367191314697,-4.0272369384765625,3.5192525386810303,-4.93199348449707,4.206618309020996,-1.9340518712997437,0.47764328122138977,-1.4795687198638916,1.4573323726654053,-1.9371342658996582,-0.07612478733062744,0.5310996174812317,0.28157132863998413,1.13783597946167,-1.248458743095398,1.1123580932617188,-0.12728334963321686,0.9578717350959778,-0.2806317210197449,1.8547871112823486,0.3706647753715515,1.808417558670044,1.7308640480041504,3.4470674991607666,4.641408920288086,2.501483917236328,-0.18180465698242188,-0.7846620678901672,-0.1421099305152893,0.9319978952407837,1.1006731986999512,-2.58609938621521,0.1892848163843155,0.06627041846513748,0.0823424831032753,0.08944382518529892,0.0839652419090271,0.06458191573619843,0.0359610915184021,0.022801458835601807,0.047258198261260986,0.0622163787484169,0.05731566250324249,0.044944263994693756,0.06800199300050735,0.09425129741430283,0.09800107777118683,0.06634580343961716,0.029108881950378418,0.04702106863260269,0.041649434715509415,0.027643203735351562,0.034492556005716324,0.03588978573679924,0.05340617150068283,0.04449675977230072,0.026431119069457054,0.10112262517213821,0.15924406051635742,0.14566591382026672,0.09475137293338776,0.11775532364845276,0.14391711354255676,0.11060469597578049,0.049841757863759995,0.043227795511484146,0.056669481098651886,0.11926211416721344,0.16569994390010834,0.14469487965106964,0.10015565901994705,0.04745510593056679,0.16279834508895874,0.271078884601593,0.3081359565258026,0.23699799180030823,0.12315962463617325,0.2998294234275818,0.41653355956077576,0.32053762674331665,0.12964187562465668,0.34995025396347046,0.3443242907524109,0.25875604152679443,0.49194711446762085,0.4055785536766052,0.4834967255592346,0.5556941032409668,0.37842828035354614,0.5210354924201965,0.4011416435241699,0.4934297204017639,0.44133633375167847,MVP
../data/DWT_NEW/MVP/New_MVP_075.wav,85.42276000976562,-16.689830780029297,-1.2780427932739258,-16.409854888916016,-22.18090057373047,24.65229606628418,-21.72419548034668,8.474419593811035,-2.50060772895813,-2.3287768363952637,0.7002050280570984,-2.128138303756714,2.42962908744812,-2.108930826187134,0.9825889468193054,-2.1789841651916504,-0.010747671127319336,-1.130901575088501,-1.4643142223358154,-4.355682849884033,-3.8831233978271484,0.20333141088485718,-1.009490966796875,-0.2644764482975006,-0.7135285139083862,-0.11429765820503235,-2.529904842376709,1.3865854740142822,0.6622382998466492,-0.8879770040512085,2.388385772705078,4.427241325378418,0.13863801956176758,1.197632074356079,0.9874042868614197,-3.2046868801116943,0.6229494214057922,2.6713149547576904,-1.9756126403808594,-0.4534909725189209,0.1946878433227539,0.09333080798387527,0.11435770988464355,0.13077625632286072,0.13740739226341248,0.13013461232185364,0.10858272016048431,0.0748034119606018,0.04100902006030083,0.057276949286460876,0.09985420107841492,0.13169525563716888,0.14202779531478882,0.12532657384872437,0.10501424223184586,0.08844050765037537,0.06570994108915329,0.03859098628163338,0.08274628221988678,0.10397478938102722,0.08221957832574844,0.13674718141555786,0.15902724862098694,0.11966292560100555,0.10850690305233002,0.1842746138572693,0.2737169861793518,0.250878244638443,0.16194789111614227,0.17110583186149597,0.2006106674671173,0.16221900284290314,0.0860646665096283,0.0834074541926384,0.10732604563236237,0.18187206983566284,0.21311461925506592,0.1722753793001175,0.13980449736118317,0.14817236363887787,0.2283729612827301,0.3277353346347809,0.34986159205436707,0.2655930817127228,0.23577365279197693,0.37515294551849365,0.4425089657306671,0.28787171840667725,0.17518706619739532,0.418377161026001,0.4211192727088928,0.43448859453201294,0.6092645525932312,0.41750359535217285,0.4766771197319031,0.513045608997345,0.37727510929107666,0.5319112539291382,0.578944981098175,0.5032011270523071,0.4482807517051697,MVP
../data/DWT_NEW/MVP/New_MVP_158.wav,44.21043395996094,-87.75234985351562,29.073389053344727,-19.93874740600586,12.31008529663086,-0.6148456335067749,6.669158935546875,1.311372995376587,-1.2901899814605713,-5.493168830871582,0.7072356939315796,6.24623966217041,1.551814317703247,0.7906484603881836,-6.742624282836914,-2.790895462036133,1.3383771181106567,-2.330648183822632,-4.090544700622559,1.1629128456115723,4.336141109466553,-3.8410325050354004,1.1209746599197388,0.7353169322013855,-2.263495922088623,2.9400224685668945,-0.8763226270675659,-2.1926848888397217,-1.709315538406372,-0.3869672417640686,-4.722968578338623,1.0255237817764282,-2.085484504699707,-2.5681934356689453,0.29387223720550537,-2.2987418174743652,2.2554941177368164,3.5349655151367188,1.7715981006622314,1.8125452995300293,0.36532101035118103,0.05123310163617134,0.054558031260967255,0.056791774928569794,0.05766363814473152,0.05690060555934906,0.05492028966546059,0.05167794227600098,0.04738390073180199,0.043481361120939255,0.04110822081565857,0.039475955069065094,0.0373065248131752,0.03831204026937485,0.052626896649599075,0.07576218247413635,0.09383442997932434,0.09360754489898682,0.0725250095129013,0.040995217859745026,0.03132188320159912,0.04006761685013771,0.05035789683461189,0.06333378702402115,0.05609183758497238,0.06837984919548035,0.09060735255479813,0.07496750354766846,0.039167534559965134,0.042843762785196304,0.06381621211767197,0.05816155672073364,0.04706618934869766,0.059111304581165314,0.06939014047384262,0.061477165669202805,0.047487176954746246,0.053576432168483734,0.06290917843580246,0.04793541133403778,0.03030126914381981,0.042932428419589996,0.0703672468662262,0.09426169097423553,0.09109028428792953,0.06648175418376923,0.04648682102560997,0.056327417492866516,0.05367744714021683,0.026912735775113106,0.028557978570461273,0.06689994782209396,0.06890638917684555,0.05624593049287796,0.06315500289201736,0.07708866149187088,0.11164256930351257,0.10381913185119629,0.0922122672200203,0.07308309525251389,0.09128409624099731,MVP
../data/DWT_NEW/MVP/New_MVP_096.wav,68.80268096923828,-20.550615310668945,1.7528713941574097,-24.33077621459961,-19.056900024414062,22.281660079956055,-21.669179916381836,7.990457534790039,-1.5782289505004883,-3.778907299041748,2.6414880752563477,-5.391970634460449,2.8371667861938477,-3.790001630783081,-0.22312712669372559,-1.8224029541015625,1.3875939846038818,0.9056267738342285,1.4198421239852905,-2.822779655456543,-3.90777325630188,1.913377285003662,0.8004476428031921,-1.2178634405136108,-1.3548922538757324,3.4283907413482666,-1.0519455671310425,-1.1601715087890625,3.4067583084106445,0.9801633954048157,-0.6675201654434204,4.243315696716309,2.022517204284668,-1.9367800951004028,1.0514163970947266,-2.2136096954345703,-2.3036036491394043,1.595600962638855,-0.4051336646080017,-1.4263490438461304,0.1721736192703247,0.09269251674413681,0.09196862578392029,0.08056957274675369,0.058396995067596436,0.031152212992310524,0.03376498818397522,0.06301645934581757,0.08183717727661133,0.07811799645423889,0.04858453944325447,0.02467665821313858,0.077695831656456,0.12247098982334137,0.1396935135126114,0.1127074658870697,0.057728447020053864,0.0487019419670105,0.06802240014076233,0.052961792796850204,0.048939019441604614,0.05911219120025635,0.05703014135360718,0.08363672345876694,0.09105944633483887,0.14917322993278503,0.1591610163450241,0.11481832712888718,0.09789682924747467,0.14718757569789886,0.1368018388748169,0.0806468054652214,0.1046399399638176,0.14026060700416565,0.1490718275308609,0.17441794276237488,0.2030687928199768,0.17419470846652985,0.12151703238487244,0.11989903450012207,0.21072795987129211,0.2914183437824249,0.3084983229637146,0.22739818692207336,0.1385570615530014,0.22299614548683167,0.30187535285949707,0.2391798049211502,0.2665022909641266,0.4156835079193115,0.3748079538345337,0.33497926592826843,0.4688723087310791,0.34096187353134155,0.3461526334285736,0.4263143837451935,0.49571093916893005,0.5277018547058105,0.3544730544090271,0.43598926067352295,0.32598525285720825,MVP
../data/DWT_NEW/MVP/New_MVP_063.wav,82.67837524414062,-22.786029815673828,8.384156227111816,1.4766080379486084,-10.830938339233398,14.747522354125977,-16.18963050842285,8.785613059997559,1.3135871887207031,-6.395773887634277,6.495306015014648,-5.791749000549316,1.8291540145874023,-0.01275131106376648,-1.9988179206848145,-2.4555749893188477,-10.146780014038086,0.6792594194412231,2.5399556159973145,7.058286666870117,-5.3653130531311035,-2.47296142578125,-2.8370842933654785,3.208408832550049,-2.8225440979003906,-0.9186058640480042,5.098404884338379,-1.4830820560455322,-1.3268572092056274,4.440844535827637,4.119657039642334,-0.9020427465438843,3.2186689376831055,2.72554874420166,3.140504837036133,2.590719699859619,-1.5683574676513672,0.43085983395576477,0.737838864326477,1.078755259513855,0.18405528366565704,0.09446029365062714,0.10335727035999298,0.12855780124664307,0.15865671634674072,0.1810913383960724,0.1865445375442505,0.16693222522735596,0.11851730942726135,0.050581060349941254,0.06160122528672218,0.13900703191757202,0.19306376576423645,0.20401063561439514,0.1775183081626892,0.14072169363498688,0.11857594549655914,0.10011840611696243,0.07532054930925369,0.07253377139568329,0.08031339943408966,0.07498574256896973,0.1530044972896576,0.20420095324516296,0.2211596965789795,0.3307351768016815,0.3541010916233063,0.3038022518157959,0.28204530477523804,0.3406573534011841,0.3246299922466278,0.21610644459724426,0.1372264325618744,0.1598222851753235,0.18240484595298767,0.2316780388355255,0.28140103816986084,0.26463809609413147,0.21237006783485413,0.15907111763954163,0.16632509231567383,0.24665097892284393,0.27118349075317383,0.21953178942203522,0.18720954656600952,0.31036096811294556,0.3964707553386688,0.3518187701702118,0.24955926835536957,0.3366698622703552,0.3236292600631714,0.2542434334754944,0.2590884864330292,0.2588176727294922,0.2875558137893677,0.3497571349143982,0.3623983561992645,0.338182657957077,0.17259562015533447,0.3207018971443176,0.3678246736526489,MVP
../data/DWT_NEW/MVP/New_MVP_144.wav,45.51533889770508,-86.15077209472656,27.855079650878906,-10.197000503540039,23.25103759765625,-1.7346131801605225,-1.9428820610046387,-10.167978286743164,-3.242846965789795,-9.003617286682129,-0.7209732532501221,3.9290733337402344,6.877712726593018,0.5683362483978271,-7.338845252990723,-8.263272285461426,-1.7378125190734863,2.4680075645446777,3.2376809120178223,-6.696838855743408,-2.0203030109405518,2.5287668704986572,-8.220319747924805,-0.2596088945865631,2.608675479888916,-0.6067614555358887,-0.055194973945617676,0.7575153708457947,-0.856177568435669,-3.337858200073242,0.08514046669006348,1.9465408325195312,1.158832311630249,-4.018181800842285,1.7833396196365356,-5.64025354385376,-1.0769320726394653,0.5368514060974121,-3.9790234565734863,-1.3230605125427246,0.3572450280189514,0.04950082302093506,0.050773147493600845,0.04835919663310051,0.0413253977894783,0.02921924740076065,0.013548101298511028,0.011750473640859127,0.030310342088341713,0.046904005110263824,0.05630875006318092,0.05558336153626442,0.04738994315266609,0.04503440856933594,0.061114609241485596,0.08311807364225388,0.09754108637571335,0.09609486907720566,0.07769707590341568,0.044682420790195465,0.017452489584684372,0.04629766568541527,0.05256916955113411,0.02035885490477085,0.04613583907485008,0.0774405226111412,0.07372979819774628,0.05752093717455864,0.029558096081018448,0.014816110022366047,0.049381665885448456,0.07396519929170609,0.08361804485321045,0.07496567815542221,0.07681545615196228,0.09309165179729462,0.09575377404689789,0.08702414482831955,0.07949444651603699,0.08543668687343597,0.10642652213573456,0.12590138614177704,0.12611566483974457,0.10566648840904236,0.07137075066566467,0.042058490216732025,0.03508489951491356,0.02994290180504322,0.0164786484092474,0.03045017085969448,0.044364992529153824,0.03787297382950783,0.020773638039827347,0.020315879955887794,0.04093794897198677,0.05396195501089096,0.034808699041604996,0.01655920036137104,0.038565684109926224,0.041641317307949066,0.05428234487771988,MVP
../data/DWT_NEW/MVP/New_MVP_019.wav,50.096317291259766,-10.041324615478516,40.927513122558594,-16.224105834960938,-21.98092269897461,25.619983673095703,-22.584428787231445,13.93369197845459,-4.591963768005371,2.2049245834350586,1.6283470392227173,-0.6795737147331238,3.0519907474517822,-0.4704252779483795,0.9027571082115173,-5.205582141876221,-1.9730312824249268,-4.108766555786133,3.2224459648132324,4.177753925323486,6.542330741882324,1.3014862537384033,0.6960477828979492,0.46613752841949463,0.6483526229858398,1.3081459999084473,1.3221383094787598,-0.6004523038864136,-0.16924384236335754,3.1331350803375244,-1.2173278331756592,-1.9726715087890625,-3.9333128929138184,-0.2808789014816284,3.6751599311828613,3.675753116607666,-1.5703355073928833,1.6711852550506592,3.0100021362304688,1.6872013807296753,0.1746366322040558,0.20510606467723846,0.20541706681251526,0.20393480360507965,0.20144346356391907,0.19874782860279083,0.19799326360225677,0.19734179973602295,0.19301018118858337,0.18416684865951538,0.17133772373199463,0.15713870525360107,0.14810991287231445,0.1594541072845459,0.17443419992923737,0.19318526983261108,0.20455202460289001,0.18821340799331665,0.13884231448173523,0.0747089833021164,0.03174041584134102,0.047076474875211716,0.078638456761837,0.12901726365089417,0.15717864036560059,0.12252399325370789,0.05330236256122589,0.19329875707626343,0.3031991124153137,0.2644268870353699,0.1250637024641037,0.11146840453147888,0.15217722952365875,0.12375438213348389,0.11064748466014862,0.20677068829536438,0.21367287635803223,0.2634075880050659,0.2640162706375122,0.1643293797969818,0.0491003543138504,0.13317109644412994,0.24389991164207458,0.2627139687538147,0.16739703714847565,0.1996566355228424,0.3739404082298279,0.41981080174446106,0.28258687257766724,0.22596049308776855,0.3225366473197937,0.25696951150894165,0.25210076570510864,0.3348824083805084,0.29465997219085693,0.3256520628929138,0.2929779589176178,0.2224183827638626,0.22075213491916656,0.24054475128650665,0.22245433926582336,MVP
../data/DWT_NEW/MVP/New_MVP_133.wav,8.446981430053711,-76.11973571777344,32.089134216308594,-22.909772872924805,7.806833267211914,-12.049894332885742,4.514351844787598,2.790297508239746,3.701472759246826,1.910482406616211,-4.108437538146973,-3.1955978870391846,-1.7610244750976562,5.33702278137207,8.232927322387695,-2.608421802520752,-0.7631688117980957,0.30210649967193604,5.814063549041748,7.331271648406982,0.27500247955322266,-4.716082572937012,0.9446296691894531,6.607252597808838,2.7645344734191895,-0.3326669931411743,3.049708366394043,1.961008071899414,-4.82814884185791,-0.11425043642520905,-4.816474437713623,-4.881837368011475,-0.2607482969760895,-0.3924136757850647,-0.1170663833618164,-0.9922807812690735,0.6161721348762512,-7.34532356262207,0.491825133562088,3.512385368347168,0.23236124217510223,0.0509856715798378,0.05522943288087845,0.05803487449884415,0.057608265429735184,0.052309341728687286,0.041839003562927246,0.026691559702157974,0.010838955640792847,0.018495213240385056,0.033102795481681824,0.04058598354458809,0.03870886191725731,0.03339194506406784,0.037313591688871384,0.051719680428504944,0.061025768518447876,0.05652368813753128,0.041891131550073624,0.04043374955654144,0.05091981589794159,0.04603134095668793,0.02699703350663185,0.020174117758870125,0.021909130737185478,0.025624830275774002,0.030158519744873047,0.025031639263033867,0.02220204845070839,0.022910967469215393,0.03265305608510971,0.045797791332006454,0.042619869112968445,0.03875220939517021,0.059681810438632965,0.0715228021144867,0.0653003454208374,0.05175700783729553,0.046476803719997406,0.037208475172519684,0.02898801490664482,0.03469366580247879,0.04271861910820007,0.05597180500626564,0.06083446741104126,0.052617233246564865,0.0354924350976944,0.01721121184527874,0.021694045513868332,0.03887253627181053,0.055254433304071426,0.058129239827394485,0.03455415368080139,0.016916485503315926,0.04358689859509468,0.04514097049832344,0.030378416180610657,0.02190270461142063,0.01668190397322178,0.03058854676783085,0.03577921539545059,MVP
../data/DWT_NEW/MVP/New_MVP_152.wav,41.70737838745117,-80.00904846191406,19.091537475585938,-21.354633331298828,14.568849563598633,-7.086631774902344,-2.133265972137451,-4.936995506286621,4.260315418243408,1.8343043327331543,0.6562497615814209,1.477522850036621,2.8038170337677,4.8908843994140625,-2.5109429359436035,-10.141454696655273,-0.19748559594154358,4.8931450843811035,5.1588029861450195,-1.4892380237579346,0.9309222102165222,6.739730358123779,-5.788056373596191,-0.12067031860351562,3.1660726070404053,-1.5800491571426392,0.05844986438751221,2.5367064476013184,4.481121063232422,-3.69559383392334,1.1585006713867188,0.0024526119232177734,-1.3959014415740967,-2.472062587738037,1.1121509075164795,-2.038297176361084,2.545797348022461,1.744710922241211,-0.720539927482605,-0.9684959650039673,0.2798544466495514,0.02776939980685711,0.01998082362115383,0.013343418017029762,0.009464967995882034,0.008628002367913723,0.008434220217168331,0.010004952549934387,0.017832303419709206,0.031055839732289314,0.04632122442126274,0.05930415913462639,0.06684126704931259,0.0680404081940651,0.060041237622499466,0.048044439405202866,0.03612656891345978,0.0246368870139122,0.01857302151620388,0.030539827421307564,0.04710296168923378,0.054894622415304184,0.05107267573475838,0.045947372913360596,0.04829223081469536,0.047846559435129166,0.05432991310954094,0.07278794795274734,0.07217158377170563,0.052486274391412735,0.029956484213471413,0.032695285975933075,0.03798281028866768,0.04418911784887314,0.04748211428523064,0.03976660966873169,0.03955753147602081,0.03383033350110054,0.018028153106570244,0.012043328024446964,0.027988268062472343,0.048579443246126175,0.06956475228071213,0.07207522541284561,0.05359277501702309,0.038970932364463806,0.05494554340839386,0.06462296843528748,0.04719846323132515,0.008564343675971031,0.03392555192112923,0.04453590512275696,0.015449456870555878,0.024892769753932953,0.023941870778799057,0.024744413793087006,0.06477629393339157,0.06153370812535286,0.02781011164188385,0.028574280440807343,0.023828784003853798,MVP
../data/DWT_NEW/MVP/New_MVP_132.wav,24.379966735839844,-90.39603424072266,19.460002899169922,-28.027921676635742,16.525501251220703,-7.734099388122559,4.391560077667236,-4.259897708892822,-2.9386191368103027,1.3722379207611084,0.3888428807258606,1.3743913173675537,-10.091858863830566,-4.1240234375,-1.4394885301589966,-4.197626113891602,-1.2972625494003296,-3.2446935176849365,2.8857035636901855,4.703556060791016,2.1739959716796875,4.513339996337891,3.360038995742798,-2.8951196670532227,-2.2493062019348145,-1.5828547477722168,0.9832401275634766,5.233725547790527,-3.921997308731079,-3.4290480613708496,-0.2631804645061493,-6.3494977951049805,-0.23083722591400146,-0.3190867006778717,-0.03667815029621124,-1.1149083375930786,-0.43512678146362305,-5.30284309387207,-2.432347059249878,-4.282223701477051,0.3157136142253876,0.010732538998126984,0.004223647527396679,0.0068529159761965275,0.01733584515750408,0.02818048745393753,0.03723836690187454,0.04209195449948311,0.04034268110990524,0.031456708908081055,0.018094945698976517,0.018810223788022995,0.03592555597424507,0.04799669235944748,0.05339629948139191,0.051395487040281296,0.047775015234947205,0.04774650186300278,0.048230260610580444,0.04270970821380615,0.028783142566680908,0.013857352547347546,0.01207977719604969,0.013713310472667217,0.02883559837937355,0.0353052094578743,0.028651148080825806,0.02130739763379097,0.02349957451224327,0.03527803719043732,0.04445334151387215,0.039830613881349564,0.03651640936732292,0.036166418343782425,0.04199525713920593,0.05204096809029579,0.048220083117485046,0.03142339736223221,0.018807390704751015,0.02824629656970501,0.0340065062046051,0.032102201133966446,0.02669692039489746,0.01728348433971405,0.02735169045627117,0.038859523832798004,0.049992986023426056,0.03630898520350456,0.02327961102128029,0.05102280527353287,0.05280005931854248,0.032367125153541565,0.016875509172677994,0.009210129268467426,0.03478120639920235,0.04230999946594238,0.02986288070678711,0.02805972844362259,0.0201505608856678,0.022352570667862892,0.023652756586670876,MVP
../data/DWT_NEW/MVP/New_MVP_074.wav,59.74200439453125,-14.801898956298828,8.303284645080566,-20.76276969909668,-17.847553253173828,26.91991424560547,-20.774761199951172,8.328969955444336,0.7503491640090942,-2.858313798904419,2.6836323738098145,-1.960226058959961,3.7318530082702637,-1.2188292741775513,2.3287315368652344,0.14324799180030823,1.8125474452972412,-2.8462836742401123,-6.256796836853027,-7.390821933746338,-4.588042736053467,0.15235337615013123,-2.2738687992095947,-2.009434700012207,1.0202468633651733,3.290276050567627,-1.9132866859436035,1.1356849670410156,1.9093960523605347,1.4873125553131104,2.5701513290405273,3.1031861305236816,2.087343215942383,1.5887324810028076,-3.094747304916382,-1.023268222808838,1.8268141746520996,-2.4720635414123535,-0.6961634159088135,1.381657600402832,0.15362785756587982,0.12274105846881866,0.13642799854278564,0.1387435495853424,0.12576159834861755,0.09702616930007935,0.06209032982587814,0.05223304405808449,0.07684537768363953,0.09098724275827408,0.07713207602500916,0.04939482361078262,0.08943265676498413,0.14259010553359985,0.1628052145242691,0.13735046982765198,0.09354138374328613,0.07847313582897186,0.06381094455718994,0.03359879553318024,0.0717645213007927,0.12999624013900757,0.15403690934181213,0.1102801263332367,0.01986667886376381,0.13395148515701294,0.23958081007003784,0.21959635615348816,0.09625321626663208,0.1391090750694275,0.19549506902694702,0.12111495435237885,0.0483337864279747,0.0647726058959961,0.09797611087560654,0.15477719902992249,0.1771489381790161,0.15032801032066345,0.09871713817119598,0.07609502971172333,0.19735956192016602,0.2996975779533386,0.33794689178466797,0.2811875641345978,0.18490487337112427,0.23739495873451233,0.3092012405395508,0.2342059314250946,0.17604386806488037,0.3354085087776184,0.3327893912792206,0.2639816701412201,0.43437403440475464,0.3536381423473358,0.34777095913887024,0.3767046332359314,0.28558316826820374,0.40818676352500916,0.3225190341472626,0.38572490215301514,0.27371007204055786,MVP
../data/DWT_NEW/MVP/New_MVP_157.wav,23.24819564819336,-76.6680908203125,41.06853485107422,-16.33182144165039,10.361261367797852,-9.438700675964355,-1.254770040512085,0.13745760917663574,-3.416496753692627,-6.118815898895264,-3.196038007736206,3.26971173286438,3.749549627304077,2.8566503524780273,-0.34976863861083984,1.7345330715179443,6.636175155639648,1.3572959899902344,-5.790792465209961,-2.5894038677215576,-0.20542633533477783,4.070927619934082,2.70416259765625,-3.8439674377441406,1.799180030822754,-0.4623241126537323,-0.26035794615745544,2.9919276237487793,2.564274787902832,-2.9962563514709473,0.5572688579559326,3.0825181007385254,-2.6041688919067383,-0.3371005654335022,0.5901898741722107,-1.2005553245544434,3.7854456901550293,-0.5930029153823853,-3.5430288314819336,-2.2651283740997314,0.2836412489414215,0.042732179164886475,0.045662447810173035,0.04771951586008072,0.048970192670822144,0.04995584487915039,0.052209630608558655,0.0565921850502491,0.06262728571891785,0.0691310316324234,0.07378913462162018,0.07353141903877258,0.06706531345844269,0.05489426106214523,0.03925016149878502,0.030469926074147224,0.04138265177607536,0.05604992061853409,0.06424777954816818,0.0610104463994503,0.045286811888217926,0.02571452036499977,0.024863839149475098,0.035031504929065704,0.041399333626031876,0.041209228336811066,0.04041500389575958,0.049586113542318344,0.051751382648944855,0.04017101600766182,0.04480643570423126,0.04039129242300987,0.04369472712278366,0.051448024809360504,0.05098231881856918,0.03719422221183777,0.03278729319572449,0.040000904351472855,0.05563640594482422,0.05808888375759125,0.0475429929792881,0.03221940994262695,0.011972128413617611,0.026748454198241234,0.04198993742465973,0.03711051493883133,0.016682740300893784,0.037182122468948364,0.05537216365337372,0.04330381751060486,0.007934248074889183,0.026899166405200958,0.03283253684639931,0.040641289204359055,0.027757873758673668,0.03238804265856743,0.043857503682374954,0.038045793771743774,0.03540031611919403,0.046866320073604584,0.044524773955345154,MVP
../data/DWT_NEW/MVP/New_MVP_104.wav,103.34384155273438,-20.50944709777832,15.696649551391602,-0.289827823638916,0.3190896809101105,5.300553798675537,-10.58660888671875,-1.0331274271011353,-0.5512009859085083,4.137935638427734,4.877069473266602,1.600274920463562,1.576503038406372,0.09804922342300415,-0.394067645072937,-0.22825433313846588,-0.33809542655944824,0.046327829360961914,0.5645169019699097,1.0076724290847778,-1.2636744976043701,2.196960926055908,-1.5815401077270508,-0.17504608631134033,-0.5998596549034119,0.9830644130706787,-0.15478557348251343,-0.4096776247024536,-0.007898390293121338,2.044924020767212,0.35587286949157715,2.743445634841919,-0.07477861642837524,-0.2877218723297119,1.2974965572357178,-1.4525513648986816,3.1944797039031982,-1.4317829608917236,-0.4650532007217407,0.719590425491333,0.19705405831336975,0.05187397077679634,0.10828009247779846,0.15095451474189758,0.16815373301506042,0.15095767378807068,0.09697620570659637,0.029521701857447624,0.12245000898838043,0.24120405316352844,0.336945116519928,0.37508755922317505,0.33723825216293335,0.22609248757362366,0.09006915986537933,0.14505261182785034,0.20912796258926392,0.16667339205741882,0.1253468543291092,0.2718035578727722,0.34356510639190674,0.2688275873661041,0.18740466237068176,0.22025121748447418,0.20499564707279205,0.2537344694137573,0.2892003655433655,0.2639082372188568,0.24546018242835999,0.23654349148273468,0.23888441920280457,0.2453364133834839,0.23221874237060547,0.22515486180782318,0.23017482459545135,0.23295830190181732,0.24537138640880585,0.2693173885345459,0.2955910265445709,0.31895384192466736,0.33556288480758667,0.3487968444824219,0.35751014947891235,0.3524426221847534,0.3470335006713867,0.374469131231308,0.4066401720046997,0.41322770714759827,0.38877350091934204,0.30019956827163696,0.17029574513435364,0.2193194329738617,0.2511584162712097,0.23679713904857635,0.21752071380615234,0.2651555836200714,0.27839964628219604,0.24049913883209229,0.2377435266971588,0.20788314938545227,0.2338975965976715,MVP
../data/DWT_NEW/MVP/New_MVP_123.wav,26.47559356689453,-74.36486053466797,34.7764892578125,-16.196701049804688,13.121156692504883,-8.881977081298828,2.9287467002868652,-6.300479888916016,6.266134738922119,5.028323650360107,-2.45583176612854,-3.6167545318603516,-2.827083110809326,2.717055320739746,-2.040928363800049,-5.083187103271484,4.879657745361328,10.21296501159668,-3.7688651084899902,-0.9144010543823242,-0.9466475248336792,-0.7241144180297852,3.6290297508239746,-2.5209782123565674,-1.484117865562439,3.4932363033294678,2.9003796577453613,-1.8297374248504639,-1.4767926931381226,3.7093827724456787,-3.6887731552124023,-1.6969201564788818,-0.47190508246421814,1.607572317123413,-4.003602027893066,3.047964334487915,0.451036274433136,-1.239546775817871,3.0970582962036133,-2.77243709564209,0.275708943605423,0.05148611590266228,0.05368902534246445,0.05426803231239319,0.05325918272137642,0.05123399198055267,0.049991387873888016,0.05085344612598419,0.05399052053689957,0.05877549946308136,0.0637206956744194,0.06704023480415344,0.06814257055521011,0.06656047701835632,0.06230275332927704,0.055474720895290375,0.04783918708562851,0.04121378809213638,0.03906911611557007,0.043438248336315155,0.054000966250896454,0.06542988121509552,0.06941737234592438,0.06062225624918938,0.04106590524315834,0.023545973002910614,0.03815769404172897,0.060348376631736755,0.06462382525205612,0.04676920175552368,0.029741128906607628,0.05435048043727875,0.07650190591812134,0.08483494818210602,0.08271995931863785,0.07617290318012238,0.07505771517753601,0.07423345744609833,0.07082324475049973,0.06715008616447449,0.054343581199645996,0.03551255911588669,0.018635783344507217,0.02310451865196228,0.03239482268691063,0.040069177746772766,0.046950336545705795,0.05720329284667969,0.06446979939937592,0.056704550981521606,0.03546629101037979,0.03127468377351761,0.03966962546110153,0.04034091532230377,0.0316026546061039,0.016386985778808594,0.03336276486515999,0.04061612859368324,0.030812617391347885,0.031098924577236176,0.04842037707567215,MVP
../data/DWT_NEW/MVP/New_MVP_168.wav,8.17872428894043,-73.94783020019531,40.192447662353516,-13.187454223632812,17.143930435180664,-13.041885375976562,4.5220232009887695,-5.153358459472656,1.6903016567230225,2.0528042316436768,-3.6125473976135254,2.6549324989318848,-7.38572883605957,0.3433312475681305,-1.8615632057189941,-7.731497764587402,7.38649845123291,5.643719673156738,-4.701772689819336,-3.7279462814331055,0.9501903653144836,7.539906978607178,-1.7990131378173828,-5.384040832519531,3.8336925506591797,-1.9707781076431274,-1.015405535697937,1.936091661453247,-3.513026714324951,-3.3332390785217285,-0.6029244661331177,-3.568096876144409,0.8488067388534546,7.141393661499023,-2.206634044647217,-0.7108465433120728,-1.1688923835754395,-0.3845304250717163,-0.3141085207462311,-2.7731168270111084,0.2569750249385834,0.058426570147275925,0.06579858064651489,0.07062038779258728,0.0715600848197937,0.06773145496845245,0.060195088386535645,0.051172755658626556,0.044741034507751465,0.04415362328290939,0.04560796916484833,0.04201240837574005,0.031017817556858063,0.019498631358146667,0.030330639332532883,0.045709796249866486,0.0511617511510849,0.04663139581680298,0.04542979970574379,0.0556962825357914,0.06727626919746399,0.07499547302722931,0.07326534390449524,0.0608871728181839,0.05199228972196579,0.044126298278570175,0.030217129737138748,0.04471658542752266,0.04790527746081352,0.059090740978717804,0.05628914758563042,0.051191672682762146,0.05153444781899452,0.06182552129030228,0.0741828978061676,0.07889533787965775,0.08218201249837875,0.0843433290719986,0.08011177182197571,0.06638917326927185,0.0494963563978672,0.04123922437429428,0.048188261687755585,0.05179119482636452,0.043444350361824036,0.04545000195503235,0.059160999953746796,0.0514434278011322,0.020010989159345627,0.030120763927698135,0.05960393697023392,0.05425387620925903,0.025434577837586403,0.03007257729768753,0.04142984747886658,0.039451826363801956,0.03095303662121296,0.029364537447690964,0.041572608053684235,0.030202753841876984,0.023876288905739784,MVP
../data/DWT_NEW/MVP/New_MVP_017.wav,62.73567199707031,-20.95412826538086,25.717933654785156,-5.37030029296875,-20.192623138427734,12.730968475341797,-15.874698638916016,13.623823165893555,-7.909755706787109,3.1808464527130127,1.6511991024017334,-1.6173393726348877,2.7352242469787598,-2.4277944564819336,1.8093489408493042,-0.5812956690788269,-0.8902338743209839,-6.863328456878662,-1.5229705572128296,2.819316864013672,4.535071849822998,-1.9125046730041504,-1.6745896339416504,2.844693183898926,1.6125696897506714,-0.739959716796875,1.835559606552124,1.1781442165374756,-0.5013495683670044,6.178716659545898,1.8268616199493408,-4.316291332244873,-1.2211424112319946,1.3206133842468262,0.6762040853500366,2.2696681022644043,0.20150774717330933,1.106548547744751,2.9010391235351562,0.2599746286869049,0.17151428759098053,0.14668051898479462,0.14156103134155273,0.13706046342849731,0.13449493050575256,0.13510340452194214,0.1409895420074463,0.15066778659820557,0.15856413543224335,0.1582109034061432,0.14292308688163757,0.11047960072755814,0.07085935771465302,0.05350486934185028,0.07260344922542572,0.11829254031181335,0.16855335235595703,0.18662101030349731,0.15017050504684448,0.08220216631889343,0.08541430532932281,0.09924489259719849,0.07397697120904922,0.07177292555570602,0.12817999720573425,0.141503244638443,0.07934347540140152,0.1223391741514206,0.26476067304611206,0.2753010094165802,0.17314386367797852,0.14668786525726318,0.175594300031662,0.13985669612884521,0.07747122645378113,0.1411888301372528,0.18446463346481323,0.2522934079170227,0.27115222811698914,0.19449558854103088,0.09070370346307755,0.1523531824350357,0.27877604961395264,0.3192178010940552,0.22830712795257568,0.16474395990371704,0.3372112512588501,0.4130557179450989,0.3020017445087433,0.21226993203163147,0.31891924142837524,0.2617395222187042,0.26872605085372925,0.367939293384552,0.3121431767940521,0.3262042999267578,0.3099243938922882,0.24396994709968567,0.21948960423469543,0.2693297863006592,0.2763972282409668,MVP
../data/DWT_NEW/MVP/New_MVP_103.wav,83.32835388183594,-49.26165008544922,28.850502014160156,-6.574192047119141,3.008922576904297,-1.8373879194259644,3.434232711791992,-2.4662418365478516,0.3594090938568115,-9.117413520812988,-4.280507564544678,-0.11329084634780884,2.345045566558838,-0.8807510137557983,3.738713502883911,-5.130947589874268,0.5495878458023071,3.4059438705444336,-1.2866199016571045,6.238419532775879,-0.8186719417572021,-3.4758307933807373,2.097579002380371,0.1126934289932251,-0.3049018979072571,-2.8038103580474854,-2.602548122406006,-0.9637081623077393,2.4580352306365967,-1.3369317054748535,-0.6974531412124634,-0.6179060935974121,-0.8826128244400024,-2.8760948181152344,0.07009223103523254,-1.1920169591903687,-1.9049618244171143,3.408245801925659,-1.214630126953125,-0.44728732109069824,0.2403651773929596,0.06432510912418365,0.06961319595575333,0.07770396023988724,0.08796290308237076,0.10023126006126404,0.11334337294101715,0.12481490522623062,0.1302184760570526,0.12705668807029724,0.11332055181264877,0.08829755336046219,0.057834070175886154,0.035928111523389816,0.029485447332262993,0.047392476350069046,0.08351728320121765,0.13705186545848846,0.19762615859508514,0.2435024082660675,0.25713908672332764,0.24286501109600067,0.22059747576713562,0.1935654580593109,0.15059249103069305,0.11413641273975372,0.12511931359767914,0.1330752819776535,0.11906153708696365,0.11206302046775818,0.13410046696662903,0.16946285963058472,0.19069360196590424,0.1605043262243271,0.06392265856266022,0.06731836497783661,0.15726789832115173,0.20361077785491943,0.20029547810554504,0.14674687385559082,0.1591038554906845,0.22165507078170776,0.18889285624027252,0.10695035010576248,0.03557586669921875,0.05748668685555458,0.08680056035518646,0.08120426535606384,0.0782192200422287,0.11991973221302032,0.15309593081474304,0.14906728267669678,0.17484654486179352,0.263699471950531,0.3287918269634247,0.3768100440502167,0.40987303853034973,0.38220372796058655,0.2948338985443115,0.21986651420593262,0.2309056669473648,MVP
../data/DWT_NEW/MVP/New_MVP_108.wav,80.52296447753906,-25.77683448791504,-2.5266611576080322,-3.8968124389648438,2.0214765071868896,-1.3553500175476074,-0.3300475776195526,1.0660266876220703,-0.08205375075340271,0.8628720045089722,-0.7557451128959656,-0.4223144054412842,-1.5118129253387451,-5.440614223480225,-4.81914758682251,5.106851100921631,3.588441848754883,-0.18406963348388672,-2.4311909675598145,0.9569998979568481,5.577478885650635,-1.8911067247390747,0.07051703333854675,0.8304992914199829,0.7258825302124023,-2.751471519470215,3.063599109649658,-3.0748941898345947,-1.2046279907226562,3.6637701988220215,1.9887558221817017,-1.265641450881958,0.6782336831092834,-2.5561554431915283,0.020200341939926147,-0.24280890822410583,-0.6774113178253174,3.2569022178649902,3.454158067703247,1.0486946105957031,0.15079139173030853,0.02189536578953266,0.05482951179146767,0.1111079752445221,0.15380766987800598,0.1696283370256424,0.15303349494934082,0.10928904265165329,0.06712869554758072,0.08247272670269012,0.10854081809520721,0.10530313849449158,0.07761424034833908,0.042450305074453354,0.07188120484352112,0.11088358610868454,0.12027657777070999,0.1012381985783577,0.12839829921722412,0.13652825355529785,0.09382977336645126,0.14820529520511627,0.17796896398067474,0.13019254803657532,0.11911303550004959,0.10815542936325073,0.13997304439544678,0.1154778003692627,0.12859942018985748,0.1676613688468933,0.1544433832168579,0.0822620764374733,0.129595547914505,0.13807955384254456,0.14339303970336914,0.21092554926872253,0.16774599254131317,0.17068929970264435,0.11675110459327698,0.11983439326286316,0.10729804635047913,0.08313839137554169,0.07778856158256531,0.13360615074634552,0.10516368597745895,0.06423676013946533,0.07555028796195984,0.044001948088407516,0.07101166993379593,0.03369749337434769,0.03549100458621979,0.01699141040444374,0.03608725965023041,0.05583365634083748,0.06013920158147812,0.07283434271812439,0.0950852781534195,0.11442440003156662,0.117338627576828,0.12801162898540497,0.1546894907951355,MVP
../data/DWT_NEW/MVP/New_MVP_005.wav,72.21942138671875,-25.074926376342773,21.613399505615234,-6.045600891113281,-18.207763671875,11.612756729125977,-14.803874969482422,13.823274612426758,-8.166289329528809,2.6893153190612793,3.0182337760925293,-2.8031740188598633,3.197129249572754,-3.24943208694458,2.478513479232788,1.7261401414871216,5.011438369750977,-2.463733196258545,-1.069046139717102,-2.971358299255371,2.2638678550720215,1.2263333797454834,-0.5886914730072021,0.8094271421432495,3.1777358055114746,-0.742171049118042,0.7027549743652344,3.900743007659912,-0.5207728147506714,-0.26102185249328613,-3.258326530456543,-6.978147506713867,-0.3349272906780243,2.8924851417541504,-0.964797854423523,-0.7267509698867798,0.7816377282142639,1.9169400930404663,0.2802165150642395,0.20544075965881348,0.19222210347652435,0.1444934904575348,0.15212443470954895,0.16424602270126343,0.18291649222373962,0.20615121722221375,0.2286793440580368,0.23988637328147888,0.22796820104122162,0.18870757520198822,0.12691424787044525,0.0694003626704216,0.08746615797281265,0.1183575838804245,0.12758547067642212,0.15343840420246124,0.21124772727489471,0.2358347773551941,0.19157540798187256,0.10396406799554825,0.05831575766205788,0.06915439665317535,0.05430283024907112,0.07141178101301193,0.11014562845230103,0.09607882797718048,0.07406284660100937,0.1436813324689865,0.2575380802154541,0.24409466981887817,0.13894924521446228,0.09810777008533478,0.11177639663219452,0.07401666790246964,0.09658848494291306,0.19057902693748474,0.2206791639328003,0.26711446046829224,0.2507815957069397,0.1458764672279358,0.08883444964885712,0.24561592936515808,0.37444353103637695,0.3956732153892517,0.270886093378067,0.1497066617012024,0.2809615433216095,0.32411399483680725,0.1777164340019226,0.23368428647518158,0.4098537266254425,0.37637996673583984,0.36474356055259705,0.42334410548210144,0.3164273500442505,0.26757824420928955,0.2710803747177124,0.3308151364326477,0.371343731880188,0.33165442943573,0.23090529441833496,MVP
../data/DWT_NEW/MVP/New_MVP_022.wav,67.93319702148438,-23.486572265625,37.12656784057617,-8.181135177612305,-18.44381332397461,8.659231185913086,-12.506351470947266,12.775663375854492,-6.1840972900390625,-0.01644614338874817,2.1280155181884766,-1.8817336559295654,3.8857908248901367,-1.7328283786773682,2.896955966949463,-3.0086803436279297,1.2241029739379883,0.22349652647972107,2.946408271789551,-2.0802557468414307,-3.6183786392211914,-2.218029260635376,2.478940010070801,2.478107213973999,-2.6479787826538086,-2.5175912380218506,2.4475769996643066,3.3276076316833496,-3.8261423110961914,-0.6469791531562805,0.3763777017593384,-4.2081522941589355,-3.5627546310424805,3.76041841506958,-0.04338103532791138,-0.30683064460754395,2.6557881832122803,0.10217991471290588,-0.19268417358398438,2.545832633972168,0.1911529302597046,0.1070965826511383,0.11693158745765686,0.13985563814640045,0.17576099932193756,0.2182762324810028,0.2589779496192932,0.28636693954467773,0.2882947623729706,0.26039716601371765,0.20476900041103363,0.13392677903175354,0.07698263227939606,0.06194154918193817,0.06546933203935623,0.12283957004547119,0.20827004313468933,0.25705859065055847,0.22955000400543213,0.1391955018043518,0.08768995106220245,0.1173265278339386,0.09317232668399811,0.13062670826911926,0.1489086151123047,0.12303489446640015,0.15143874287605286,0.1746908575296402,0.28356656432151794,0.25467994809150696,0.13948172330856323,0.09568735212087631,0.11721889674663544,0.0709044337272644,0.11115243285894394,0.18723748624324799,0.1918196976184845,0.23266449570655823,0.21254554390907288,0.13426192104816437,0.16838888823986053,0.2975353002548218,0.38577115535736084,0.3673015236854553,0.2262176275253296,0.14703717827796936,0.29199105501174927,0.3221427798271179,0.22527317702770233,0.2827143669128418,0.36634379625320435,0.2659434974193573,0.27958929538726807,0.3292071223258972,0.24602769315242767,0.2275366485118866,0.26737260818481445,0.272533655166626,0.22660429775714874,0.17691883444786072,0.1649283617734909,MVP
../data/DWT_NEW/MVP/New_MVP_178.wav,124.46980285644531,-32.665199279785156,-8.094465255737305,-8.609298706054688,-2.791962146759033,5.600960731506348,-3.071789026260376,7.634219169616699,-5.795430660247803,-1.818471908569336,-3.8373830318450928,0.1442164182662964,-3.598330020904541,2.1229605674743652,-3.0176947116851807,-6.008167743682861,0.21235167980194092,7.679220199584961,0.11076056957244873,10.541696548461914,4.914716720581055,-0.016176819801330566,1.0542219877243042,2.2895419597625732,1.1193482875823975,-0.9248271584510803,-1.7622437477111816,0.3181493580341339,-5.457859039306641,-5.095111846923828,-3.3364181518554688,3.004183530807495,-2.9316368103027344,-1.131996989250183,1.7423944473266602,5.327497482299805,5.1834821701049805,0.8803994655609131,2.6136581897735596,1.1009721755981445,0.2527131140232086,0.16460034251213074,0.16381487250328064,0.1505209505558014,0.12764675915241241,0.10717520862817764,0.11236634850502014,0.14383308589458466,0.17690220475196838,0.19528838992118835,0.19451144337654114,0.18051540851593018,0.16794726252555847,0.16582919657230377,0.15518370270729065,0.12669146060943604,0.08346924930810928,0.03968963772058487,0.054624997079372406,0.06587503850460052,0.1256106197834015,0.22440531849861145,0.2465052306652069,0.1686360090970993,0.10417543351650238,0.09141699224710464,0.1142825186252594,0.18733976781368256,0.1801871955394745,0.058399152010679245,0.0748647078871727,0.10228260606527328,0.08132278919219971,0.21107998490333557,0.28444772958755493,0.3714821934700012,0.4676516652107239,0.43847090005874634,0.37853872776031494,0.28084513545036316,0.12683917582035065,0.09419693052768707,0.1608782410621643,0.2197350561618805,0.23704864084720612,0.24984897673130035,0.2270951271057129,0.24846965074539185,0.4001825451850891,0.4236302971839905,0.3271232843399048,0.203232541680336,0.12025071680545807,0.23069392144680023,0.25420358777046204,0.40392234921455383,0.44390493631362915,0.3464697599411011,0.25389915704727173,0.22543329000473022,0.2837792932987213,MVP
../data/DWT_NEW/MVP/New_MVP_027.wav,78.28712463378906,-13.631857872009277,25.79323387145996,-8.498470306396484,-18.17049789428711,15.490694046020508,-15.496185302734375,13.518641471862793,-9.252408981323242,4.812349319458008,1.9330158233642578,-2.780033588409424,2.835224151611328,-0.6022123694419861,1.6079537868499756,-3.5060720443725586,-0.5910543203353882,-1.4755769968032837,2.5919249057769775,-3.751340389251709,-0.3547736406326294,1.6652698516845703,2.4836268424987793,-3.5932416915893555,1.0901155471801758,3.894712209701538,-0.5369011759757996,-2.305246114730835,2.527540683746338,0.8982595801353455,-2.3455536365509033,1.1666557788848877,1.0499827861785889,-1.3309413194656372,1.0711556673049927,2.6297850608825684,0.7733241319656372,1.711495280265808,1.2246779203414917,0.5452766418457031,0.190469428896904,0.18945613503456116,0.14867985248565674,0.09114952385425568,0.07276051491498947,0.152076855301857,0.24466237425804138,0.3131747245788574,0.3306771516799927,0.2846839427947998,0.17956632375717163,0.05930517613887787,0.12771211564540863,0.19597014784812927,0.18000274896621704,0.09694607555866241,0.13958339393138885,0.21610309183597565,0.21262213587760925,0.1578923910856247,0.13143078982830048,0.10560895502567291,0.07531964778900146,0.14353109896183014,0.19627068936824799,0.2085469514131546,0.25557488203048706,0.29742419719696045,0.389255166053772,0.37566617131233215,0.2682369351387024,0.20386242866516113,0.16052016615867615,0.08917294442653656,0.129780575633049,0.2625415325164795,0.3275187313556671,0.3852827847003937,0.35780322551727295,0.23725181818008423,0.14926186203956604,0.2735907733440399,0.3968544602394104,0.38910192251205444,0.20584915578365326,0.12351672351360321,0.38843727111816406,0.47788259387016296,0.33789747953414917,0.23237472772598267,0.39833328127861023,0.39503002166748047,0.3682931363582611,0.35886865854263306,0.19840937852859497,0.3205878734588623,0.4222205877304077,0.34697431325912476,0.2879939377307892,0.28037554025650024,0.19946925342082977,MVP
../data/DWT_NEW/MVP/New_MVP_077.wav,56.08232116699219,-30.423744201660156,7.579082489013672,-23.495098114013672,-19.763385772705078,19.67637062072754,-18.48904800415039,5.5642266273498535,-1.6397299766540527,-3.6184117794036865,1.3837766647338867,-7.319216251373291,2.4570016860961914,-3.9148194789886475,-1.1775449514389038,-4.8275065422058105,-0.6433659791946411,-3.614645004272461,-0.525049090385437,0.7929705381393433,0.768273651599884,0.24497979879379272,-1.918821096420288,-0.6452369689941406,-2.8499648571014404,-0.39150089025497437,-0.20393389463424683,-0.816620945930481,-2.1379692554473877,-0.23210257291793823,-4.195621490478516,-0.91434645652771,5.5292887687683105,-0.03181418776512146,-4.187346458435059,1.4235622882843018,-0.13514406979084015,0.5794229507446289,3.631030559539795,-1.5504999160766602,0.16224369406700134,0.07137824594974518,0.08356404304504395,0.09062734991312027,0.09014863520860672,0.0810016319155693,0.0657426118850708,0.04998228698968887,0.04194624722003937,0.0411062091588974,0.035299379378557205,0.01872519589960575,0.021701693534851074,0.047765765339136124,0.06938324868679047,0.07752559334039688,0.07547830045223236,0.07161441445350647,0.06838327646255493,0.0620778426527977,0.06568089127540588,0.06983370333909988,0.06177864968776703,0.0868259146809578,0.09991541504859924,0.12911131978034973,0.15714460611343384,0.1436050981283188,0.12054666131734848,0.11003068089485168,0.09740700572729111,0.07464167475700378,0.07010658085346222,0.08003628998994827,0.08896051347255707,0.12605926394462585,0.1596333235502243,0.13790875673294067,0.10118630528450012,0.0879797488451004,0.1301645040512085,0.17827659845352173,0.17149943113327026,0.10944777727127075,0.14716926217079163,0.2644784450531006,0.29092761874198914,0.1877010017633438,0.21676325798034668,0.31064373254776,0.20703184604644775,0.25347551703453064,0.3596819043159485,0.22967657446861267,0.3874463438987732,0.41270744800567627,0.3359552025794983,0.34396877884864807,0.31261855363845825,0.36091336607933044,0.33940398693084717,MVP
../data/DWT_NEW/MVP/New_MVP_031.wav,101.85749816894531,-24.56161117553711,7.840068817138672,0.9496371746063232,-7.365191459655762,6.673735618591309,-12.511701583862305,5.037837982177734,-0.4882430136203766,-3.0821495056152344,3.3054263591766357,-5.269317626953125,3.116112470626831,-1.4630799293518066,3.277362585067749,4.259761810302734,4.783029556274414,10.719049453735352,8.847213745117188,4.39175271987915,-3.9761898517608643,1.0826497077941895,6.67171573638916,2.832092523574829,-2.672863483428955,1.3053596019744873,6.038236618041992,0.5530571937561035,-1.4664387702941895,1.8227958679199219,0.39688408374786377,-4.8282623291015625,-1.8213233947753906,-1.0108320713043213,-2.0672738552093506,0.6349597573280334,-0.5703657865524292,-0.8407481908798218,1.1178944110870361,1.7418034076690674,0.20735149085521698,0.38920706510543823,0.4160287380218506,0.41872960329055786,0.3901588022708893,0.3287903666496277,0.24808301031589508,0.17092657089233398,0.1252964287996292,0.10001489520072937,0.0513993464410305,0.09617052972316742,0.23892509937286377,0.3681083917617798,0.43690919876098633,0.3978726863861084,0.27226686477661133,0.14205074310302734,0.11433231830596924,0.08637535572052002,0.047328535467386246,0.053733788430690765,0.04712514579296112,0.03506315499544144,0.07957339286804199,0.17932358384132385,0.223345547914505,0.15565484762191772,0.05561577528715134,0.12466851621866226,0.13723093271255493,0.09311038255691528,0.134964719414711,0.2749454081058502,0.29925987124443054,0.37766194343566895,0.44087910652160645,0.374778151512146,0.28370392322540283,0.21420469880104065,0.27804577350616455,0.370727002620697,0.3980451226234436,0.30445730686187744,0.16193827986717224,0.20491647720336914,0.31072551012039185,0.28785279393196106,0.27731752395629883,0.4538722038269043,0.43361443281173706,0.30424779653549194,0.34107810258865356,0.20453083515167236,0.12124146521091461,0.2913411259651184,0.3007752001285553,0.3804769515991211,0.2607196569442749,0.276347279548645,0.27237746119499207,MVP
../data/DWT_NEW/MVP/New_MVP_085.wav,82.28180694580078,-17.276569366455078,-7.22184944152832,-16.501487731933594,-18.395830154418945,18.672155380249023,-20.43517303466797,8.848398208618164,-3.5030250549316406,-2.8200855255126953,3.2632362842559814,-4.791065216064453,4.0059614181518555,-2.501431941986084,1.1894166469573975,-3.597252368927002,-1.290303349494934,-2.0022764205932617,3.871664047241211,2.617795467376709,1.5794042348861694,1.2854485511779785,1.2496912479400635,3.5247292518615723,-0.1080096960067749,-1.806253433227539,0.8138742446899414,2.9910857677459717,-4.370737075805664,-1.9240648746490479,4.289737701416016,-0.21523571014404297,-2.179497241973877,3.003688335418701,-1.0450971126556396,-2.1444573402404785,2.3655896186828613,0.6839548349380493,0.4606015682220459,0.33593642711639404,0.17707638442516327,0.07374401390552521,0.1061142086982727,0.13495871424674988,0.15457811951637268,0.15977588295936584,0.14907652139663696,0.12345263361930847,0.08948693424463272,0.0640140175819397,0.06474141776561737,0.0753244012594223,0.08015646040439606,0.08143637329339981,0.09564734995365143,0.10497067123651505,0.09542600810527802,0.06764860451221466,0.05613433197140694,0.059387288987636566,0.047339096665382385,0.08811395615339279,0.1050862967967987,0.07855653017759323,0.06213365122675896,0.12111962586641312,0.19259613752365112,0.1805555522441864,0.1095363050699234,0.10205579549074173,0.12892921268939972,0.11122387647628784,0.09448599815368652,0.14233779907226562,0.14576764404773712,0.2005898505449295,0.23495180904865265,0.19360260665416718,0.15279622375965118,0.1352354884147644,0.1397278755903244,0.20520879328250885,0.20181536674499512,0.14071476459503174,0.2384057343006134,0.3988419771194458,0.43857842683792114,0.2768267095088959,0.21044504642486572,0.42087769508361816,0.3884102702140808,0.3194778561592102,0.4672452509403229,0.28693100810050964,0.5293867588043213,0.5578017830848694,0.28960689902305603,0.5096558332443237,0.5462002158164978,0.4431101679801941,0.43131589889526367,MVP
../data/DWT_NEW/MVP/New_MVP_150.wav,25.253902435302734,-79.53630065917969,31.979066848754883,-13.470346450805664,10.391342163085938,-11.584522247314453,4.331934928894043,6.0937042236328125,1.3981828689575195,-7.746993064880371,-5.774548530578613,2.040079355239868,-0.7545580267906189,-0.1290048062801361,0.5669249892234802,-1.4629803895950317,-2.6903138160705566,3.595747232437134,-2.6373648643493652,1.0136810541152954,3.582024335861206,0.0027679800987243652,-1.268906831741333,0.33488452434539795,2.4479751586914062,-4.368578910827637,1.3577234745025635,2.588416814804077,0.4018517732620239,-3.746476173400879,0.11938804388046265,5.560275554656982,1.5908851623535156,-2.300602912902832,-1.4850760698318481,-2.529512405395508,2.8106918334960938,0.5593661069869995,-2.8510518074035645,-2.5046095848083496,0.2666814923286438,0.03670746833086014,0.03812820836901665,0.03878612071275711,0.03716365247964859,0.03192969411611557,0.022818341851234436,0.010676415637135506,0.010349606163799763,0.026362266391515732,0.04245217889547348,0.05526651442050934,0.06310474127531052,0.06365838646888733,0.0587243027985096,0.05311150476336479,0.056914910674095154,0.06099630519747734,0.04814840108156204,0.029613051563501358,0.04682209715247154,0.0544276162981987,0.043745338916778564,0.06130874156951904,0.0704449713230133,0.055058129131793976,0.04527946561574936,0.04207999259233475,0.0545366108417511,0.07098190486431122,0.07027347385883331,0.05688130110502243,0.06752066314220428,0.08379211276769638,0.07338953018188477,0.05712723359465599,0.053053900599479675,0.05279376357793808,0.06546136736869812,0.07179023325443268,0.06290321797132492,0.05120112746953964,0.04772001877427101,0.03793596848845482,0.05242117494344711,0.06055434048175812,0.043919023126363754,0.04336795210838318,0.053866468369960785,0.04814472794532776,0.045900192111730576,0.044432252645492554,0.0665842592716217,0.06657988578081131,0.052723921835422516,0.047279439866542816,0.04431914538145065,0.04822378605604172,0.04736228287220001,0.04297327250242233,0.03399655967950821,MVP
../data/DWT_NEW/MVP/New_MVP_048.wav,80.38055419921875,-15.620166778564453,8.831358909606934,3.6997714042663574,-13.88175106048584,12.138599395751953,-16.169002532958984,8.328274726867676,0.7529504895210266,-6.195696830749512,7.213466167449951,-7.179086685180664,3.117722272872925,-0.8302896618843079,3.4609971046447754,1.936204195022583,-1.608292818069458,-7.174935340881348,-9.082606315612793,1.5330256223678589,0.24615418910980225,0.8025715351104736,-5.9842987060546875,3.1073107719421387,2.550638198852539,-0.2496212124824524,-2.153787612915039,1.0923720598220825,-0.22968271374702454,2.017392873764038,5.250767707824707,3.641000747680664,3.2334461212158203,1.1893892288208008,0.23672287166118622,0.9665056467056274,1.4641023874282837,3.312373399734497,-2.3973782062530518,-5.283517837524414,0.16969189047813416,0.16267263889312744,0.20758312940597534,0.2461426556110382,0.26913541555404663,0.26818209886550903,0.24148286879062653,0.19102516770362854,0.12570050358772278,0.0607176199555397,0.020990006625652313,0.07086748629808426,0.14132699370384216,0.20172713696956635,0.22665543854236603,0.1931368112564087,0.11978508532047272,0.08031753450632095,0.08374598622322083,0.05932707339525223,0.09329633414745331,0.11540469527244568,0.15493318438529968,0.17338019609451294,0.11970923095941544,0.24721932411193848,0.3391016125679016,0.2964840531349182,0.14324961602687836,0.17951276898384094,0.2678626775741577,0.19628751277923584,0.07685860246419907,0.12975271046161652,0.15285331010818481,0.21519163250923157,0.2364811897277832,0.19374261796474457,0.1754418909549713,0.19392091035842896,0.2271759808063507,0.2526952624320984,0.22913731634616852,0.150106281042099,0.21119537949562073,0.3200192153453827,0.34446224570274353,0.25032609701156616,0.19553929567337036,0.2802034616470337,0.28736400604248047,0.204045370221138,0.2588987946510315,0.281405508518219,0.26496225595474243,0.23879535496234894,0.25169187784194946,0.2172490954399109,0.23737512528896332,0.25929734110832214,0.3400128185749054,MVP
../data/DWT_NEW/MVP/New_MVP_081.wav,69.69453430175781,-20.95737075805664,-3.483471393585205,-23.924678802490234,-15.145447731018066,20.93777847290039,-22.241872787475586,12.507369995117188,-3.0136468410491943,-1.325048565864563,0.7090026140213013,-1.2067019939422607,3.15678334236145,-2.4044349193573,0.9106379151344299,-1.179250717163086,1.2794851064682007,5.356720924377441,7.307495594024658,0.981587290763855,-3.850332736968994,-5.830404281616211,-5.536528587341309,0.971600353717804,-0.5289041996002197,-2.740463972091675,-1.8752682209014893,1.9042922258377075,-2.930361032485962,-1.7569715976715088,1.4965450763702393,0.2614634037017822,-2.786485195159912,0.9069356918334961,-1.6104166507720947,-3.66140079498291,-1.471606969833374,-0.7438981533050537,-1.828067660331726,-0.3131151497364044,0.16771194338798523,0.0889207050204277,0.08229851722717285,0.069249227643013,0.05218516290187836,0.035804904997348785,0.025295870378613472,0.01659967191517353,0.009477106854319572,0.039159778505563736,0.07831451296806335,0.1095651388168335,0.11727729439735413,0.09861727058887482,0.07500601559877396,0.10157690942287445,0.12823329865932465,0.1231970340013504,0.1222248524427414,0.1348312646150589,0.10640960931777954,0.059927064925432205,0.08321812748908997,0.11840272694826126,0.12064507603645325,0.07932820916175842,0.06043665111064911,0.05692028999328613,0.0541844367980957,0.10097367316484451,0.10841034352779388,0.08100128173828125,0.07164369523525238,0.10165039449930191,0.07886046171188354,0.08329324424266815,0.0952933058142662,0.1048588901758194,0.13469399511814117,0.15403711795806885,0.18564164638519287,0.19121281802654266,0.17768704891204834,0.13744431734085083,0.12976987659931183,0.22090166807174683,0.2624993920326233,0.19085699319839478,0.1857094168663025,0.3201821744441986,0.3072514235973358,0.26718416810035706,0.387081503868103,0.31395915150642395,0.367947518825531,0.44013023376464844,0.365445077419281,0.4416531026363373,0.37073832750320435,0.4033360481262207,0.3114321827888489,MVP
../data/DWT_NEW/MVP/New_MVP_136.wav,56.950618743896484,-81.35638427734375,15.572371482849121,-20.050758361816406,19.525754928588867,-1.2269928455352783,-1.2827365398406982,-7.1336140632629395,-1.6249552965164185,-2.2152299880981445,7.2050957679748535,12.314102172851562,9.773517608642578,9.584718704223633,0.6427173614501953,-1.7151010036468506,-1.8961620330810547,2.861201763153076,1.7318967580795288,-3.041092872619629,3.1081626415252686,0.9451892375946045,-4.082956314086914,0.3773849606513977,-1.4463551044464111,-0.24956214427947998,-4.24069881439209,-1.1489717960357666,1.4865562915802002,3.063429832458496,-1.4430265426635742,4.239275932312012,0.7056797742843628,-4.94511604309082,3.0035738945007324,0.16589027643203735,-0.34716174006462097,3.821829319000244,-1.7269885540008545,-1.1469173431396484,0.3346531391143799,0.04536094516515732,0.046654894948005676,0.05219567194581032,0.05949997901916504,0.06553421914577484,0.06847032904624939,0.06716702878475189,0.06255565583705902,0.06049525737762451,0.06860298663377762,0.08553358912467957,0.10190972685813904,0.1090116947889328,0.09613915532827377,0.0643666535615921,0.02796742133796215,0.04015341401100159,0.057104408740997314,0.04953791946172714,0.04448253661394119,0.07641930878162384,0.08775022625923157,0.06919308006763458,0.039040204137563705,0.0291285403072834,0.02621089294552803,0.04374774172902107,0.04890914261341095,0.035734519362449646,0.02926824986934662,0.037309110164642334,0.04040621966123581,0.04072288051247597,0.045183539390563965,0.05194924399256706,0.05976152420043945,0.06678107380867004,0.0720939189195633,0.0732671394944191,0.07253094017505646,0.07400248944759369,0.07817008346319199,0.0868721604347229,0.09272818267345428,0.09017440676689148,0.0865398645401001,0.09283073991537094,0.08068695664405823,0.05060875788331032,0.027724724262952805,0.035420242697000504,0.04128725826740265,0.026591630652546883,0.02271883375942707,0.02660134807229042,0.024097207933664322,0.01038358360528946,0.03729385882616043,0.04908909648656845,0.062436237931251526,MVP
../data/DWT_NEW/MVP/New_MVP_167.wav,41.00182342529297,-83.86921691894531,17.599163055419922,-13.714849472045898,11.606849670410156,-9.872238159179688,-1.0192360877990723,-1.7482240200042725,6.8687567710876465,11.076251029968262,2.4686012268066406,0.9350811243057251,-1.103872299194336,2.0690934658050537,-6.409701347351074,-4.505678653717041,5.024026393890381,4.677219867706299,7.37326192855835,0.9518862962722778,1.7366249561309814,7.1201958656311035,-5.482215881347656,4.976631164550781,5.209519386291504,-0.8278930187225342,-3.3012449741363525,-4.487564563751221,1.1796071529388428,-3.137422561645508,-0.1306576281785965,2.226635217666626,-2.356851577758789,-1.5847532749176025,2.1089160442352295,2.0851449966430664,2.365114212036133,-1.3421392440795898,0.08870801329612732,1.108788013458252,0.2603256106376648,0.08043171465396881,0.07899841666221619,0.07258681207895279,0.06028240919113159,0.041792403906583786,0.018693221732974052,0.009445901028811932,0.034541524946689606,0.05587324872612953,0.06845536828041077,0.06786703318357468,0.05342854559421539,0.027195127680897713,0.015035555697977543,0.03745125234127045,0.04940168187022209,0.04730212315917015,0.0465005598962307,0.05843861401081085,0.06542441993951797,0.05935715511441231,0.0545482374727726,0.05200560763478279,0.03304918855428696,0.005740022286772728,0.01710830256342888,0.030338579788804054,0.04314979538321495,0.03479894623160362,0.016328729689121246,0.005090758670121431,0.014715286903083324,0.025208022445440292,0.03144098445773125,0.024388695135712624,0.008568157441914082,0.006456805858761072,0.01631923019886017,0.021699585020542145,0.0233013778924942,0.026281356811523438,0.029314691200852394,0.031477417796850204,0.03699621185660362,0.06716463714838028,0.10363325476646423,0.12545043230056763,0.1196700781583786,0.09457778930664062,0.0838782787322998,0.09482699632644653,0.0861038863658905,0.0533699095249176,0.031625185161828995,0.059738896787166595,0.07678009569644928,0.054664429277181625,0.0043834177777171135,0.04175196588039398,0.03236119821667671,MVP
../data/DWT_NEW/MVP/New_MVP_090.wav,71.74666595458984,-25.67534637451172,-4.243527889251709,-25.830669403076172,-25.871164321899414,21.984619140625,-23.19811248779297,5.202804088592529,-1.7389633655548096,-0.901870608329773,0.685337245464325,-4.700140476226807,3.2165207862854004,-3.7013583183288574,-0.3242837190628052,-2.2801613807678223,1.4284683465957642,1.3873724937438965,2.6855435371398926,-1.5181776285171509,-2.47170352935791,1.5390267372131348,-0.10566423833370209,-1.0753514766693115,-0.9756096601486206,1.4040056467056274,-1.2951292991638184,1.1315281391143799,0.006349258124828339,1.2688798904418945,1.1705958843231201,1.8617171049118042,2.815390110015869,3.721987009048462,-1.6945245265960693,-0.14838683605194092,1.6461822986602783,0.7347160577774048,2.755391836166382,-0.287306010723114,0.18348924815654755,0.05477739870548248,0.04489043727517128,0.03495928272604942,0.031038273125886917,0.03666827082633972,0.04480228200554848,0.04693660885095596,0.03741183876991272,0.01635093241930008,0.028207043185830116,0.06772357225418091,0.10067643225193024,0.10783801972866058,0.09086355566978455,0.05680515617132187,0.027678869664669037,0.03730439394712448,0.037244174629449844,0.023386497050523758,0.009604860097169876,0.027596071362495422,0.060415949672460556,0.07834035903215408,0.06429586559534073,0.10350657254457474,0.1342373639345169,0.11824922263622284,0.0975603461265564,0.11581210792064667,0.1256715953350067,0.09444797039031982,0.026788342744112015,0.053306154906749725,0.07912266254425049,0.13602623343467712,0.18588989973068237,0.1603916883468628,0.10996397584676743,0.07584182173013687,0.13368694484233856,0.20545828342437744,0.21895942091941833,0.14736805856227875,0.15675745904445648,0.30350935459136963,0.3349393606185913,0.18729043006896973,0.2769385278224945,0.4382433295249939,0.3387632369995117,0.2702139914035797,0.48172760009765625,0.34801945090293884,0.4512403607368469,0.4413350224494934,0.3824377655982971,0.453824907541275,0.39812034368515015,0.42266130447387695,0.42384248971939087,MVP
../data/DWT_NEW/MVP/New_MVP_057.wav,93.48693084716797,-29.97972297668457,12.425185203552246,-2.038254737854004,-2.6036481857299805,10.521739959716797,-13.730670928955078,4.484247207641602,-1.1976746320724487,-5.1170759201049805,4.669192314147949,-5.287907600402832,2.3102943897247314,-0.5420434474945068,1.6459624767303467,0.3457590341567993,-3.4911491870880127,0.36979973316192627,-3.4924914836883545,2.1427135467529297,1.46663236618042,2.8205127716064453,-0.60039883852005,1.6161298751831055,0.5347369909286499,2.4664885997772217,2.440884590148926,0.309849351644516,1.7274502515792847,-0.15915000438690186,1.2220109701156616,0.4313375651836395,1.629067301750183,2.0893194675445557,0.5835779905319214,-0.7971760034561157,1.9878950119018555,0.2412014901638031,0.509499728679657,1.1980419158935547,0.2061803638935089,0.17668980360031128,0.23367178440093994,0.2832150161266327,0.31195709109306335,0.3083172142505646,0.2691301107406616,0.19670316576957703,0.10373081266880035,0.028022633865475655,0.0809767097234726,0.12893950939178467,0.16420429944992065,0.19821098446846008,0.2275564968585968,0.21959781646728516,0.16883879899978638,0.09602932631969452,0.036514535546302795,0.03132433071732521,0.05358044430613518,0.11770224571228027,0.14322760701179504,0.09828856587409973,0.03534402698278427,0.22038573026657104,0.36171793937683105,0.32466381788253784,0.1439400464296341,0.16821862757205963,0.25514113903045654,0.20032376050949097,0.17539119720458984,0.185691237449646,0.20343361794948578,0.27534979581832886,0.30127382278442383,0.2348574697971344,0.18118970096111298,0.13155388832092285,0.13198864459991455,0.1916254609823227,0.21081945300102234,0.1575476974248886,0.1725309193134308,0.2983654737472534,0.3602798283100128,0.2911161780357361,0.21814076602458954,0.30244219303131104,0.31010693311691284,0.19414949417114258,0.2094123810529709,0.19449740648269653,0.28381916880607605,0.36016926169395447,0.2353132963180542,0.2951844334602356,0.277831107378006,0.29696500301361084,0.4272218346595764,MVP
../data/DWT_NEW/MVP/New_MVP_159.wav,56.18090057373047,-80.97013854980469,24.075571060180664,-12.862405776977539,10.806463241577148,-5.114406108856201,-2.200554370880127,-6.330404758453369,6.652778625488281,8.134157180786133,8.309769630432129,9.148788452148438,12.080843925476074,3.8199377059936523,-7.889185428619385,-4.42722225189209,4.751574993133545,4.444197177886963,5.011403560638428,-0.6168546676635742,3.760806083679199,6.682989597320557,-6.222560882568359,-1.5068416595458984,2.683602809906006,-0.26970651745796204,-0.984594464302063,1.9828892946243286,3.4699461460113525,-5.401647567749023,-2.387502670288086,2.3442976474761963,0.8295152187347412,-6.486843109130859,3.782529354095459,0.012909471988677979,1.1008851528167725,4.46898078918457,-1.5455718040466309,-0.5343750715255737,0.3294852077960968,0.10113917291164398,0.08864171802997589,0.07444620132446289,0.059047140181064606,0.043344248086214066,0.02952134795486927,0.0204281248152256,0.022433225065469742,0.03599245846271515,0.056304365396499634,0.07927659898996353,0.09965375065803528,0.11118829995393753,0.10755763947963715,0.08699572086334229,0.0562438890337944,0.030158644542098045,0.019799381494522095,0.025960467755794525,0.06727775931358337,0.10631385445594788,0.11578305810689926,0.09329172968864441,0.06205087900161743,0.04230008274316788,0.02954949624836445,0.03471849113702774,0.03158736974000931,0.02663242816925049,0.03151717036962509,0.04176830127835274,0.05256021395325661,0.053487375378608704,0.04612300172448158,0.044878024607896805,0.05125880613923073,0.06018105894327164,0.06321215629577637,0.06260290741920471,0.059813372790813446,0.050516221672296524,0.060620471835136414,0.06639448553323746,0.06325680762529373,0.06596380472183228,0.06636689603328705,0.06060204654932022,0.06042441725730896,0.07270601391792297,0.07158421725034714,0.04920557886362076,0.021861635148525238,0.03375004604458809,0.041602738201618195,0.03707215189933777,0.017360690981149673,0.030268242582678795,0.04644543305039406,0.04139441251754761,0.04560384526848793,MVP
../data/DWT_NEW/MVP/New_MVP_037.wav,79.15206146240234,-19.341636657714844,10.337539672851562,-0.18999838829040527,-1.4651873111724854,11.913782119750977,-16.64105987548828,13.25399398803711,-3.5716426372528076,-5.308298587799072,9.032316207885742,-8.070150375366211,2.655668258666992,-0.24324440956115723,-3.8204550743103027,-0.7209463715553284,-2.1389458179473877,9.785097122192383,11.326233863830566,4.2016191482543945,-13.875481605529785,-3.1661505699157715,-0.0018775463104248047,1.7510175704956055,-3.026817798614502,0.9335218071937561,3.5744056701660156,1.0695570707321167,-3.505904197692871,-0.9366917610168457,2.3529248237609863,-2.4450182914733887,0.3655279576778412,0.6194397211074829,-0.6854979395866394,0.6764132976531982,-0.9079380631446838,-0.6603827476501465,4.5032267570495605,0.5423850417137146,0.1744142770767212,0.2842787504196167,0.3282279372215271,0.3477332890033722,0.33255523443222046,0.2779952883720398,0.19393199682235718,0.10282409191131592,0.05821128934621811,0.06778168678283691,0.03858098387718201,0.09669406712055206,0.22867166996002197,0.3216269612312317,0.33728691935539246,0.2523355484008789,0.13006998598575592,0.11652100831270218,0.10913591086864471,0.10202398896217346,0.10165560245513916,0.1237473413348198,0.18825286626815796,0.16132843494415283,0.11095385253429413,0.20351503789424896,0.34755149483680725,0.3341095745563507,0.19100111722946167,0.1727600395679474,0.215236097574234,0.15732640027999878,0.04177146404981613,0.1651233732700348,0.19800379872322083,0.23714415729045868,0.32481229305267334,0.29952800273895264,0.24562197923660278,0.20653201639652252,0.2686001658439636,0.33999836444854736,0.3561658263206482,0.2892317771911621,0.1730891764163971,0.22208033502101898,0.26167914271354675,0.17893952131271362,0.2948358654975891,0.4680888056755066,0.49004122614860535,0.35636359453201294,0.307064414024353,0.23064188659191132,0.24293312430381775,0.2942189574241638,0.3981150984764099,0.4734066128730774,0.3450573682785034,0.2881168723106384,0.35557886958122253,MVP
../data/DWT_NEW/MVP/New_MVP_155.wav,14.306347846984863,-89.48405456542969,36.83522033691406,-12.09415054321289,16.420204162597656,-8.517937660217285,6.818816661834717,-2.7390944957733154,0.026603639125823975,-2.9285805225372314,-4.23945426940918,3.968379497528076,-4.4486613273620605,1.8381129503250122,6.436640739440918,0.5932137370109558,0.6470211744308472,-5.507286548614502,-4.4688897132873535,-1.5179967880249023,0.23998236656188965,2.578680992126465,0.9350852966308594,-1.2914097309112549,-0.5759246349334717,-2.9324772357940674,-1.3617053031921387,6.4374494552612305,0.5188198685646057,-2.2468643188476562,-1.9722285270690918,-4.020102500915527,2.8976998329162598,-0.20735472440719604,-4.9531779289245605,-0.3719668388366699,4.365210056304932,-6.304600715637207,-0.7500434517860413,0.2204199731349945,0.2849462628364563,0.04631822556257248,0.05185657739639282,0.056387290358543396,0.05845273658633232,0.0566876120865345,0.05088924616575241,0.04119470342993736,0.0298350490629673,0.02255379967391491,0.02307467721402645,0.023442436009645462,0.01576434262096882,0.007135703228414059,0.02855381742119789,0.05086125060915947,0.06389261037111282,0.06563381850719452,0.067808136343956,0.07399488240480423,0.06586232036352158,0.03499181568622589,0.005168480798602104,0.012206345796585083,0.014790484681725502,0.04268793761730194,0.036940302699804306,0.014013465493917465,0.03288169205188751,0.044758934527635574,0.03388270363211632,0.03514575585722923,0.05373617261648178,0.048887938261032104,0.024921247735619545,0.01291621197015047,0.01707906275987625,0.025201281532645226,0.04485572874546051,0.058535508811473846,0.06311666965484619,0.06191696971654892,0.06127118319272995,0.06036574766039848,0.04573363438248634,0.010661383159458637,0.03074478730559349,0.0495014525949955,0.037996478378772736,0.008287777192890644,0.03150317072868347,0.04279838502407074,0.05334577336907387,0.08475194871425629,0.09335699677467346,0.06901397556066513,0.03535939007997513,0.05183171480894089,0.09402748942375183,0.11461526155471802,0.09538158774375916,MVP
../data/DWT_NEW/MVP/New_MVP_105.wav,119.11636352539062,-29.848800659179688,-2.939897298812866,-6.992556571960449,5.069774627685547,-3.000197410583496,-1.2756779193878174,0.24435803294181824,-3.460205316543579,2.440000534057617,-0.9352184534072876,-0.9275384545326233,-0.6173480749130249,1.7620970010757446,-0.5969465970993042,0.04831996560096741,-1.3290144205093384,1.0384128093719482,-0.6328887343406677,0.5910962820053101,3.064009666442871,-1.9704277515411377,0.775431752204895,-0.7009959816932678,-0.4914543032646179,0.11105504631996155,-1.1016002893447876,-0.6823102831840515,-1.0352089405059814,-1.0776265859603882,-0.8262762427330017,-1.1792755126953125,-0.010847747325897217,0.45282861590385437,-0.9924989938735962,-1.7140262126922607,-1.4141311645507812,-0.8646510243415833,-0.7608224749565125,-0.2447180598974228,0.22908884286880493,0.11844033002853394,0.10934816300868988,0.09193502366542816,0.06551133841276169,0.04422915726900101,0.0745629221200943,0.13203847408294678,0.1876526176929474,0.2266826033592224,0.238607257604599,0.21963387727737427,0.1848730742931366,0.16827967762947083,0.1707128882408142,0.16680742800235748,0.13708209991455078,0.10575447976589203,0.15137669444084167,0.2116733193397522,0.2317039519548416,0.21166259050369263,0.20764167606830597,0.20741841197013855,0.1593930423259735,0.15402907133102417,0.15843909978866577,0.13335056602954865,0.12686687707901,0.203974187374115,0.24084165692329407,0.21835362911224365,0.20196788012981415,0.2043439745903015,0.20565761625766754,0.24509352445602417,0.3010219633579254,0.27376216650009155,0.2161092460155487,0.16580402851104736,0.18755194544792175,0.2539190351963043,0.2753109633922577,0.20549865067005157,0.15232717990875244,0.22099152207374573,0.2556481659412384,0.20255814492702484,0.2361268401145935,0.2619103789329529,0.2433728128671646,0.2928171157836914,0.2878001928329468,0.3142029345035553,0.33025243878364563,0.3340790569782257,0.3614353835582733,0.4263390898704529,0.484761506319046,0.524415135383606,0.5563860535621643,MVP
../data/DWT_NEW/MVP/New_MVP_138.wav,47.26900100708008,-80.21819305419922,38.37773895263672,-5.708672046661377,16.288768768310547,-9.720844268798828,3.1658263206481934,-1.307326078414917,10.494227409362793,8.100038528442383,-1.5892671346664429,6.01698112487793,-0.8631176352500916,4.0536651611328125,-6.601967811584473,-10.375343322753906,4.760842323303223,-0.3295605778694153,-6.391183853149414,-3.418909788131714,-4.018401145935059,1.867236852645874,-1.8082016706466675,-6.337281227111816,2.005711555480957,-0.9233134984970093,5.1371941566467285,4.330418586730957,-2.735560894012451,4.133252143859863,0.5302716493606567,-1.6469035148620605,0.4646495580673218,-0.8242547512054443,-7.162262916564941,2.897116184234619,-0.4044431447982788,-4.95900821685791,-2.0585694313049316,-1.9912623167037964,0.3163849413394928,0.08744015544652939,0.09113487601280212,0.08983742445707321,0.08146246522665024,0.06448372453451157,0.03927215561270714,0.010145830921828747,0.03510996326804161,0.07332805544137955,0.10568848997354507,0.12261956930160522,0.1183534488081932,0.09156960248947144,0.060184210538864136,0.08501323312520981,0.13900171220302582,0.16997113823890686,0.1566321849822998,0.10204924643039703,0.061109308153390884,0.1003507748246193,0.12178666889667511,0.11148758232593536,0.12706494331359863,0.14913082122802734,0.12103009968996048,0.08908882737159729,0.11798757314682007,0.13856258988380432,0.14169828593730927,0.12027354538440704,0.0713338851928711,0.060596633702516556,0.07906800508499146,0.05906973034143448,0.015155641362071037,0.02000047266483307,0.030753811821341515,0.04737455025315285,0.062477320432662964,0.07134941220283508,0.08215601742267609,0.09550227969884872,0.1079377755522728,0.11158589273691177,0.10929498821496964,0.10199414938688278,0.0979398563504219,0.1041102483868599,0.10624826699495316,0.09750638902187347,0.07713205367326736,0.06372726708650589,0.07470862567424774,0.08675780147314072,0.087763711810112,0.04665246233344078,0.03429621085524559,0.09841293096542358,0.09678538888692856,MVP
../data/DWT_NEW/MVP/New_MVP_092.wav,72.91996765136719,-16.793399810791016,-6.901721000671387,-21.7125244140625,-22.66716766357422,24.907567977905273,-25.899295806884766,11.123372077941895,-2.8411192893981934,-3.3753137588500977,5.009418964385986,-1.3229482173919678,1.8044575452804565,-0.7760192155838013,2.9069721698760986,-1.0656232833862305,0.8164283633232117,-3.403843879699707,-3.809890031814575,-1.0575110912322998,-0.0673312246799469,-0.39559078216552734,-3.6885998249053955,-0.46688804030418396,-0.5812147855758667,-0.08060847222805023,-2.3430373668670654,2.8763527870178223,0.6756818890571594,-1.6510279178619385,0.6620794534683228,2.7504818439483643,0.33053573966026306,1.036512851715088,-2.5571670532226562,-2.9170937538146973,1.9160794019699097,1.3485264778137207,0.18476802110671997,-0.004553467035293579,0.17815177142620087,0.01734982430934906,0.0045903450809419155,0.01756531372666359,0.025907306000590324,0.02411896362900734,0.013567154295742512,0.03191456198692322,0.07088910043239594,0.11104873567819595,0.1382615864276886,0.13818205893039703,0.10681749135255814,0.05071539431810379,0.02427488937973976,0.03324051573872566,0.03406622260808945,0.09415608644485474,0.13676871359348297,0.11808337271213531,0.06483268737792969,0.07171136140823364,0.06527028232812881,0.08014193177223206,0.10724256932735443,0.1348290592432022,0.12911951541900635,0.09576338529586792,0.10584841668605804,0.12142422050237656,0.09796614944934845,0.08174582570791245,0.07141122967004776,0.0973353162407875,0.1502057909965515,0.1794106364250183,0.1790885627269745,0.15968835353851318,0.09620875120162964,0.06343056261539459,0.14748379588127136,0.22963467240333557,0.23536384105682373,0.17824159562587738,0.1658136248588562,0.30921170115470886,0.3609950542449951,0.25484490394592285,0.2684478163719177,0.42198774218559265,0.35525816679000854,0.17405226826667786,0.37818044424057007,0.3219221532344818,0.4946812391281128,0.540432333946228,0.3967529237270355,0.4574023485183716,0.2611452639102936,0.39743971824645996,0.4740109443664551,MVP
../data/DWT_NEW/MVP/New_MVP_025.wav,58.335289001464844,-14.78939437866211,41.91902160644531,-19.259502410888672,-18.947111129760742,16.808998107910156,-16.888561248779297,11.494373321533203,-5.066213607788086,0.7044816017150879,2.895850896835327,-2.861269474029541,2.686152458190918,-0.8126543164253235,2.4900588989257812,-1.8366762399673462,0.8635759949684143,1.515425682067871,3.9747397899627686,0.8187752962112427,0.7053389549255371,1.3865869045257568,1.1027865409851074,1.2962570190429688,-0.47918450832366943,-0.09456336498260498,0.7172273397445679,2.980762481689453,1.1955244541168213,0.8164739608764648,-3.2448999881744385,-4.547466278076172,-3.5343079566955566,2.4810843467712402,1.5924192667007446,-2.800896167755127,-0.6147298812866211,2.595656156539917,0.4637637138366699,-0.12617900967597961,0.17791549861431122,0.18761348724365234,0.19392205774784088,0.20035657286643982,0.20788952708244324,0.21629880368709564,0.2248040735721588,0.2273232638835907,0.21583910286426544,0.18773645162582397,0.14532148838043213,0.09838171303272247,0.06393620371818542,0.06573117524385452,0.1104506328701973,0.1894395649433136,0.26273754239082336,0.28099459409713745,0.22355233132839203,0.12182718515396118,0.08416369557380676,0.11900462210178375,0.10963338613510132,0.061986543238162994,0.07396841049194336,0.0598236620426178,0.07537432760000229,0.18480584025382996,0.273791640996933,0.2423960119485855,0.14411137998104095,0.14237520098686218,0.16823939979076385,0.13997137546539307,0.09913688153028488,0.17654192447662354,0.20839659869670868,0.2848607897758484,0.2986759543418884,0.21023452281951904,0.1189422532916069,0.18169356882572174,0.3021547794342041,0.3442547619342804,0.24662834405899048,0.1722506433725357,0.3414750397205353,0.4197544455528259,0.3069957196712494,0.25755804777145386,0.36192017793655396,0.3036673665046692,0.28727683424949646,0.36893346905708313,0.30918359756469727,0.30835863947868347,0.3019639253616333,0.26181164383888245,0.23285606503486633,0.23087330162525177,0.2019524872303009,MVP
../data/DWT_NEW/MVP/New_MVP_047.wav,96.85943603515625,-17.739540100097656,1.7206778526306152,-1.8056564331054688,-6.521302223205566,10.72500991821289,-13.260343551635742,7.251630783081055,-0.37539970874786377,-6.678752899169922,4.430575847625732,-7.747042655944824,5.6029839515686035,-2.1410715579986572,1.3619210720062256,0.3998855948448181,1.572417974472046,0.37986433506011963,-5.31010627746582,-3.1357080936431885,-2.8029966354370117,4.742192268371582,-1.2643420696258545,-1.5693426132202148,-2.399397850036621,2.0981192588806152,1.230319857597351,-0.7155426740646362,-0.45519784092903137,0.3613338768482208,1.6766990423202515,-1.1062110662460327,2.2091495990753174,0.7708888649940491,-2.1227798461914062,-1.0530469417572021,0.07622799277305603,-1.2608531713485718,0.693862795829773,2.0096473693847656,0.18533283472061157,0.21845102310180664,0.2316744029521942,0.22204270958900452,0.1866525113582611,0.1329054981470108,0.10172225534915924,0.141636461019516,0.19079196453094482,0.1976829171180725,0.14273962378501892,0.05272383242845535,0.14930209517478943,0.2434462010860443,0.262093722820282,0.17781126499176025,0.08635611087083817,0.15867161750793457,0.1865517646074295,0.15580536425113678,0.14472658932209015,0.1031837910413742,0.14809316396713257,0.1679505705833435,0.13355939090251923,0.23151838779449463,0.27364233136177063,0.21886992454528809,0.10197379440069199,0.17946670949459076,0.20172561705112457,0.06131094694137573,0.13504967093467712,0.20407381653785706,0.23242127895355225,0.29078370332717896,0.33425140380859375,0.31299513578414917,0.24309417605400085,0.19638237357139587,0.2859007716178894,0.3551627993583679,0.3604375422000885,0.2767942547798157,0.18147507309913635,0.17086544632911682,0.19658461213111877,0.20985397696495056,0.23991161584854126,0.318715363740921,0.32249999046325684,0.2673788070678711,0.25700074434280396,0.20730730891227722,0.20705372095108032,0.27503594756126404,0.2964434325695038,0.24673306941986084,0.2108592689037323,0.2988516688346863,0.3113704025745392,MVP
../data/DWT_NEW/MVP/New_MVP_198.wav,63.485679626464844,-30.14236068725586,24.28548812866211,-22.07247543334961,11.765421867370605,-2.790426015853882,3.9266443252563477,-0.6091811656951904,5.599267959594727,-2.6176018714904785,3.0438990592956543,-3.633565902709961,-2.2113378047943115,-3.7779834270477295,3.0973219871520996,-4.705126762390137,3.1759369373321533,-1.0663244724273682,-3.226426124572754,0.07859289646148682,-1.7293676137924194,-0.5394405722618103,-0.32622236013412476,0.20306240022182465,-2.4628329277038574,-0.48286157846450806,0.06932723522186279,-1.8457145690917969,-0.15965497493743896,1.0269880294799805,0.21339625120162964,0.31596872210502625,-1.4992296695709229,-1.28309965133667,-3.7386584281921387,2.7270431518554688,0.233401358127594,-1.1387125253677368,-2.626497507095337,-1.8774372339248657,0.22515714168548584,0.02969834767282009,0.017698099836707115,0.036850981414318085,0.03111603856086731,0.018541421741247177,0.054326944053173065,0.07968990504741669,0.06900076568126678,0.046248577535152435,0.09920115768909454,0.13058412075042725,0.09774276614189148,0.035873692482709885,0.03374047577381134,0.08699867129325867,0.2261074334383011,0.27919110655784607,0.18489742279052734,0.03913632035255432,0.14830245077610016,0.3256916403770447,0.3247835040092468,0.15510892868041992,0.07869105786085129,0.15684127807617188,0.11354578286409378,0.06523071229457855,0.09886260330677032,0.15183988213539124,0.07310359925031662,0.23429711163043976,0.22483505308628082,0.12712183594703674,0.15768516063690186,0.06605570018291473,0.10018063336610794,0.11289145052433014,0.1134672537446022,0.17257319390773773,0.09831632673740387,0.05592133477330208,0.06231263279914856,0.08819203078746796,0.12324219942092896,0.07297883927822113,0.04958144575357437,0.09149593859910965,0.12607342004776,0.09389863163232803,0.10424956679344177,0.1507045328617096,0.1407349407672882,0.15820598602294922,0.16297686100006104,0.15400992333889008,0.13462159037590027,0.1388419270515442,0.13337182998657227,0.11053307354450226,0.09980322420597076,MVP
../data/DWT_NEW/MVP/New_MVP_184.wav,100.65077209472656,-24.586517333984375,18.979591369628906,-3.088040828704834,1.2673002481460571,-11.067752838134766,-2.918926239013672,3.7392239570617676,3.6599135398864746,2.601895332336426,-2.7908477783203125,-8.05367660522461,-1.3006783723831177,1.7055954933166504,2.9235706329345703,3.801363706588745,2.910048007965088,2.5311801433563232,-2.0777859687805176,4.792941093444824,0.6964834928512573,0.5450476408004761,-2.1709585189819336,-3.231675148010254,-1.6704769134521484,-1.281376600265503,-2.5024263858795166,-0.768409013748169,2.776333808898926,4.6531758308410645,-0.6094139814376831,3.731734037399292,-0.730324387550354,-0.5318083763122559,7.277613639831543,-1.9598464965820312,-0.11367911100387573,0.9246546626091003,-0.39858096837997437,1.4082088470458984,0.21349097788333893,0.1410013735294342,0.11413151025772095,0.08789868652820587,0.07368265092372894,0.08576051890850067,0.11541030555963516,0.14567382633686066,0.16943854093551636,0.19319751858711243,0.22562666237354279,0.2554607391357422,0.25684159994125366,0.2117912769317627,0.1324845254421234,0.09239684045314789,0.11214372515678406,0.1342238485813141,0.19833222031593323,0.20133459568023682,0.11416424810886383,0.12794339656829834,0.1488649845123291,0.27609342336654663,0.30195197463035583,0.24818748235702515,0.2183496654033661,0.2333594709634781,0.25924524664878845,0.23503105342388153,0.20003604888916016,0.20562592148780823,0.201711043715477,0.16701366007328033,0.10178155452013016,0.16054481267929077,0.3002760112285614,0.39368584752082825,0.37573468685150146,0.30378857254981995,0.440441757440567,0.4919653534889221,0.42909014225006104,0.32003000378608704,0.22194507718086243,0.19493281841278076,0.300764799118042,0.28428396582603455,0.16015847027301788,0.19232593476772308,0.2260562777519226,0.29144686460494995,0.34156256914138794,0.3475246727466583,0.3217931389808655,0.29294320940971375,0.2108105719089508,0.18983305990695953,0.265190064907074,0.32640475034713745,0.3778652548789978,MVP
../data/DWT_NEW/MVP/New_MVP_169.wav,7.639930248260498,-89.50163269042969,25.097694396972656,-22.229564666748047,18.839092254638672,-2.9346017837524414,11.518287658691406,-3.5807855129241943,-5.005570888519287,-0.40536558628082275,-0.8470813035964966,-3.75895094871521,-8.280285835266113,0.03380867838859558,3.2033896446228027,-2.298809766769409,3.221004009246826,2.554723024368286,-6.488382339477539,-6.7956929206848145,-0.6754567623138428,-1.1415560245513916,7.376132488250732,-0.939044713973999,-7.714133262634277,-0.16151684522628784,0.43196287751197815,-4.632724761962891,-4.411293029785156,2.17045259475708,2.3520493507385254,-2.018813133239746,2.2260890007019043,3.5765273571014404,1.5135663747787476,-2.5039267539978027,-2.8321657180786133,-1.3731818199157715,-3.94289493560791,-1.9380738735198975,0.2770204246044159,0.03692594915628433,0.0430687740445137,0.04711684584617615,0.047571323812007904,0.04303966462612152,0.033259160816669464,0.018781442195177078,0.005620687734335661,0.019975896924734116,0.03274477645754814,0.03594483435153961,0.027108903974294662,0.012295827269554138,0.02519950270652771,0.04883861541748047,0.06049499660730362,0.0539543554186821,0.035390693694353104,0.031067103147506714,0.0390453077852726,0.03414541855454445,0.02698334865272045,0.036062076687812805,0.03799761086702347,0.03928491845726967,0.04947759211063385,0.050497476011514664,0.04893459007143974,0.04899955168366432,0.04929561913013458,0.04888287931680679,0.04587072879076004,0.04297195374965668,0.04508408159017563,0.047428030520677567,0.046436186879873276,0.043144114315509796,0.03811746835708618,0.033802080899477005,0.0331522673368454,0.03565584123134613,0.03755924105644226,0.034717459231615067,0.022125259041786194,0.006708038970828056,0.026701170951128006,0.03675217181444168,0.030558865517377853,0.024501558393239975,0.04194878786802292,0.04554630070924759,0.020505696535110474,0.02697177603840828,0.0453982912003994,0.04709029942750931,0.033351752907037735,0.010232934728264809,0.03382028639316559,0.04412547126412392,0.02982514165341854,MVP
../data/DWT_NEW/MVP/New_MVP_194.wav,45.58626937866211,-66.37261962890625,14.934518814086914,-19.565216064453125,-3.3825998306274414,2.8033950328826904,-2.4326095581054688,4.1027326583862305,-2.610485076904297,-1.9495762586593628,-2.1985321044921875,-3.119403839111328,-0.9004806280136108,-5.264883995056152,-0.5112935900688171,-1.4098368883132935,-3.4433512687683105,1.5594329833984375,1.4448992013931274,-0.8020780682563782,0.2840549349784851,-0.22674405574798584,-3.337100028991699,2.089627265930176,-1.5364726781845093,2.1985535621643066,-0.6014329195022583,-0.36357682943344116,3.917095184326172,-0.4060215353965759,0.6091265082359314,1.160652995109558,2.514801502227783,2.2681941986083984,-0.45426321029663086,-3.046452283859253,0.6169407367706299,1.7475377321243286,-2.329744577407837,-0.8396841883659363,0.18135443329811096,0.017958706244826317,0.016018271446228027,0.013946451246738434,0.013820852153003216,0.018468091264367104,0.02691972255706787,0.03685971722006798,0.04574724659323692,0.05193335562944412,0.053998176008462906,0.05070429667830467,0.043787840753793716,0.03887864947319031,0.03769199550151825,0.04294360801577568,0.04957827180624008,0.05332121253013611,0.05322739854454994,0.0470760315656662,0.03268641605973244,0.016900289803743362,0.02304510772228241,0.03679535537958145,0.05807757377624512,0.08612364530563354,0.1008443832397461,0.0990620106458664,0.08442160487174988,0.04571469500660896,0.022224893793463707,0.07910720258951187,0.09713229537010193,0.06270450353622437,0.009390492923557758,0.07021462172269821,0.09351997077465057,0.06804565340280533,0.04670187085866928,0.060806918889284134,0.03159911185503006,0.020305072888731956,0.04943117871880531,0.06643405556678772,0.07180045545101166,0.05626505985856056,0.05255144089460373,0.07060550153255463,0.08293019235134125,0.06989910453557968,0.03443670645356178,0.07450411468744278,0.12159620970487595,0.133535236120224,0.15922220051288605,0.19103661179542542,0.19137005507946014,0.18828439712524414,0.19089382886886597,0.1952679604291916,0.18749485909938812,MVP
../data/DWT_NEW/MVP/New_MVP_035.wav,85.64741516113281,-32.544212341308594,13.619306564331055,1.4252634048461914,-1.7732229232788086,7.841119766235352,-14.398033142089844,7.158336639404297,-3.257033109664917,-6.1389312744140625,5.502565383911133,-5.0744829177856445,2.5041816234588623,-0.728096067905426,1.8902857303619385,2.661365509033203,0.8422953486442566,-2.154052257537842,-3.0611071586608887,1.1823713779449463,4.411344528198242,5.095203876495361,-1.975648045539856,-2.134446859359741,1.0755913257598877,1.8324406147003174,0.34658777713775635,-0.03386053442955017,1.392993450164795,-0.10647594928741455,-1.3302730321884155,0.9306002259254456,4.769734859466553,-0.20432966947555542,-2.145268440246582,1.042765498161316,0.17110693454742432,2.6727724075317383,4.077588081359863,-3.2757484912872314,0.19694076478481293,0.10381267964839935,0.10365903377532959,0.14180240035057068,0.1982651799917221,0.24811625480651855,0.27336814999580383,0.25942087173461914,0.19954046607017517,0.10587626695632935,0.04752403497695923,0.12402815371751785,0.1628398299217224,0.14436858892440796,0.09881430119276047,0.1382897049188614,0.17395374178886414,0.1442325860261917,0.07578178495168686,0.033876825124025345,0.0843113362789154,0.1346312165260315,0.11932630836963654,0.05692146345973015,0.10151056945323944,0.2525120675563812,0.30376607179641724,0.21073541045188904,0.11272643506526947,0.1861923336982727,0.18150731921195984,0.08733800053596497,0.10708371549844742,0.1921655535697937,0.24177995324134827,0.32897937297821045,0.3728675842285156,0.3202686905860901,0.2566450834274292,0.1555526703596115,0.09657829999923706,0.17002242803573608,0.2002779245376587,0.16305062174797058,0.15075597167015076,0.22956083714962006,0.2806296944618225,0.25750359892845154,0.2285931557416916,0.237303227186203,0.17766636610031128,0.1766888052225113,0.23209698498249054,0.15532934665679932,0.20801177620887756,0.27018678188323975,0.17043468356132507,0.20045343041419983,0.15344145894050598,0.17364126443862915,0.30620139837265015,MVP
../data/DWT_NEW/MVP/New_MVP_128.wav,48.12805938720703,-76.14717102050781,34.099327087402344,-16.616954803466797,11.385126113891602,-5.776681900024414,7.3955078125,-0.7040057182312012,0.3358384370803833,-2.8476998805999756,0.298798531293869,-1.3278796672821045,2.6924610137939453,6.237809181213379,-3.949540615081787,-3.060572624206543,3.9950032234191895,-4.581714153289795,-16.59214973449707,-15.283467292785645,-2.7175400257110596,-1.6979707479476929,2.4552595615386963,0.7996875643730164,1.681558609008789,0.5888214707374573,-4.3968186378479,1.7223163843154907,2.1399831771850586,-2.8862547874450684,-3.1830554008483887,6.2197771072387695,0.6535547971725464,-1.3778705596923828,2.646740198135376,-2.4826955795288086,-2.993138313293457,-1.298581600189209,-3.5315330028533936,-0.8333762288093567,0.3196535110473633,0.055487941950559616,0.059171803295612335,0.061756208539009094,0.06261477619409561,0.061259955167770386,0.05828041583299637,0.05406690761446953,0.04939861223101616,0.04608996957540512,0.045850373804569244,0.0497395284473896,0.05834483355283737,0.07119134068489075,0.08461330085992813,0.09556708484888077,0.10144231468439102,0.0995279997587204,0.0907004326581955,0.07553580403327942,0.06123915687203407,0.0697125643491745,0.10380703210830688,0.13828663527965546,0.15010763704776764,0.12702225148677826,0.07387935370206833,0.03912295773625374,0.10019449889659882,0.1346406638622284,0.1191813051700592,0.07397890090942383,0.06525174528360367,0.07980452477931976,0.07182382792234421,0.05838707461953163,0.05364830419421196,0.04812983050942421,0.03276127576828003,0.009479994885623455,0.00945243239402771,0.02648918330669403,0.04748241975903511,0.07456185668706894,0.09802690893411636,0.10575775802135468,0.0930255800485611,0.07022344321012497,0.05085405334830284,0.05113667994737625,0.07000873982906342,0.08850143849849701,0.07366033643484116,0.029457567259669304,0.021309401839971542,0.019701261073350906,0.033357854932546616,0.02818194217979908,0.01578126661479473,0.039623159915208817,0.06991428881883621,MVP
../data/DWT_NEW/MVP/New_MVP_163.wav,41.30814743041992,-70.2021713256836,29.19591522216797,-18.192262649536133,15.410534858703613,-8.724129676818848,8.829898834228516,-0.05290806293487549,-2.126138687133789,-4.020462512969971,-5.526025295257568,1.9038587808609009,-3.821326732635498,3.4258203506469727,7.065488815307617,-2.1666789054870605,-2.249321222305298,0.037345051765441895,3.1075439453125,3.458045482635498,2.010474681854248,-1.3217949867248535,3.55400013923645,2.0244784355163574,1.2616870403289795,-2.9835619926452637,-1.8663456439971924,3.240626335144043,-3.3307723999023438,-0.14030474424362183,1.9477190971374512,-3.5318312644958496,0.860563337802887,3.787452220916748,-4.33169412612915,0.0047681331634521484,4.154273986816406,-3.5397300720214844,1.5132951736450195,4.751826286315918,0.293701171875,0.066108837723732,0.052381228655576706,0.03460139036178589,0.01431279256939888,0.015735559165477753,0.03871059790253639,0.059642493724823,0.07326096296310425,0.07611510157585144,0.06587736308574677,0.042686447501182556,0.01777501218020916,0.04487570375204086,0.07860098779201508,0.10066176950931549,0.10428814589977264,0.0881180390715599,0.05872020497918129,0.028466088697314262,0.03434310853481293,0.04990767687559128,0.047738466411828995,0.039873652160167694,0.06373163312673569,0.08636385202407837,0.08045025169849396,0.06232587620615959,0.05165572464466095,0.05666137486696243,0.07203209400177002,0.07934688776731491,0.08021491765975952,0.08425348252058029,0.09404496848583221,0.10187845677137375,0.10349197685718536,0.10425639897584915,0.10444637387990952,0.09347757697105408,0.0758698582649231,0.0631098747253418,0.06385467201471329,0.06687580794095993,0.056183695793151855,0.03483954817056656,0.03386083245277405,0.052421361207962036,0.054157182574272156,0.04223184287548065,0.023011378943920135,0.015560826286673546,0.009654931724071503,0.028933865949511528,0.04458679258823395,0.03061504289507866,0.008974460884928703,0.023763878270983696,0.028599658980965614,0.022957710549235344,0.038924690335989,MVP
../data/DWT_NEW/MVP/New_MVP_055.wav,77.86302185058594,-35.94108581542969,10.730233192443848,3.1729774475097656,-4.720581531524658,12.587018966674805,-15.23367977142334,8.37234878540039,-0.03281405568122864,-4.601802349090576,4.383222579956055,-5.477405548095703,1.666100263595581,-0.8845016956329346,0.3528750538825989,-0.5529300570487976,-3.762373924255371,-1.2396875619888306,-1.7181085348129272,1.7862989902496338,-0.34675270318984985,1.6845686435699463,0.8007884621620178,3.0717930793762207,-1.0650500059127808,-0.8752908706665039,1.7295171022415161,-0.2557840049266815,0.898432195186615,2.6783998012542725,0.6086497902870178,1.0721409320831299,3.488517999649048,2.4324426651000977,1.9188716411590576,-0.4752153158187866,-1.893154263496399,0.9151723384857178,1.070932149887085,3.525890350341797,0.19039832055568695,0.10824054479598999,0.09978952258825302,0.1116148978471756,0.15041419863700867,0.1970689594745636,0.22994789481163025,0.22989338636398315,0.18442511558532715,0.09904797375202179,0.04646531492471695,0.13379047811031342,0.18771886825561523,0.17051663994789124,0.10073916614055634,0.07086557149887085,0.0910259485244751,0.06251595169305801,0.05475044995546341,0.06595410406589508,0.05455653369426727,0.08697202801704407,0.11023250222206116,0.18240684270858765,0.17839191854000092,0.24351146817207336,0.2786421775817871,0.25555428862571716,0.24177533388137817,0.25509020686149597,0.21978043019771576,0.13407331705093384,0.08760949969291687,0.12169767171144485,0.1676028072834015,0.2259279191493988,0.27117979526519775,0.23609256744384766,0.16007736325263977,0.08764468133449554,0.15419065952301025,0.24383163452148438,0.2599005699157715,0.18918326497077942,0.1326500028371811,0.2619321048259735,0.3294738233089447,0.2741392254829407,0.1665162593126297,0.21673767268657684,0.19682513177394867,0.17900851368904114,0.2565516531467438,0.2502284049987793,0.2233562469482422,0.20872199535369873,0.2214137762784958,0.22310560941696167,0.18019646406173706,0.2258504331111908,0.22910578548908234,MVP
../data/DWT_NEW/MVP/New_MVP_161.wav,22.3431396484375,-78.73023986816406,25.726463317871094,-19.059825897216797,13.313053131103516,-10.49137020111084,2.551689386367798,-4.296091079711914,9.852242469787598,6.538188934326172,-1.3578236103057861,-2.7984676361083984,-4.118171215057373,2.460820198059082,2.655684471130371,-1.0700056552886963,-1.262291669845581,2.7240962982177734,-6.224592208862305,-3.9189157485961914,1.822253704071045,1.5625675916671753,3.317166805267334,-1.7272523641586304,-2.7310142517089844,-0.7999193668365479,4.506952285766602,4.384995937347412,-3.0311412811279297,5.0674028396606445,-2.1966497898101807,-3.520477533340454,1.127197504043579,5.727592468261719,-1.8420751094818115,-2.9406018257141113,-1.6787313222885132,-3.1329755783081055,-0.7638958096504211,-3.340538263320923,0.2610712945461273,0.02360360324382782,0.02838728576898575,0.03623373061418533,0.045170798897743225,0.05332900583744049,0.05954393744468689,0.06263110041618347,0.06182165443897247,0.05824632942676544,0.05404311418533325,0.051419105380773544,0.05104852095246315,0.05021489039063454,0.04523151367902756,0.03670872747898102,0.028926685452461243,0.02878597564995289,0.037548523396253586,0.047874100506305695,0.05390014499425888,0.05260182172060013,0.04554389417171478,0.038711272180080414,0.03386460244655609,0.02609013393521309,0.02175397053360939,0.04835736006498337,0.06180873513221741,0.055730752646923065,0.04306086525321007,0.04476079344749451,0.056420378386974335,0.06206073611974716,0.05700719356536865,0.043873921036720276,0.03244270756840706,0.028552528470754623,0.03223470598459244,0.03829704225063324,0.037765394896268845,0.028141630813479424,0.015325697138905525,0.016637712717056274,0.023594342172145844,0.029992220923304558,0.040688399225473404,0.04673391208052635,0.05357344448566437,0.04605071246623993,0.038130879402160645,0.026150085031986237,0.010925841517746449,0.0038545038551092148,0.004591863602399826,0.006341957487165928,0.011765846982598305,0.014477221295237541,0.016843032091856003,0.011843782849609852,0.014590134844183922,MVP
../data/DWT_NEW/MVP/New_MVP_083.wav,82.0126953125,-9.758163452148438,2.096853017807007,-18.50371551513672,-13.914992332458496,23.13153076171875,-19.81100845336914,9.731300354003906,-1.0990928411483765,-3.4105002880096436,3.376711368560791,-4.840490341186523,4.317094326019287,-2.4425745010375977,0.7991288900375366,-0.498719185590744,4.1614155769348145,2.3307044506073,0.7443523406982422,-6.615542411804199,-8.441925048828125,1.2010176181793213,2.9792439937591553,-2.014193058013916,-6.513066291809082,4.040931224822998,1.6627838611602783,-3.1275746822357178,0.8266326189041138,6.413330078125,0.6379979252815247,1.2232236862182617,2.2911715507507324,-0.26432812213897705,-2.606358528137207,-1.3011523485183716,2.6944503784179688,-0.5647760629653931,-1.8944755792617798,2.6313610076904297,0.17395295202732086,0.13226622343063354,0.1193627119064331,0.1011214405298233,0.07876613736152649,0.05499759316444397,0.03506975620985031,0.024303734302520752,0.028530297800898552,0.050123244524002075,0.08665194362401962,0.13034948706626892,0.16987894475460052,0.1941506266593933,0.19560375809669495,0.17187190055847168,0.13172876834869385,0.08861623704433441,0.06223201006650925,0.07409919798374176,0.1199340671300888,0.15588253736495972,0.16083946824073792,0.1501586139202118,0.11019239574670792,0.178413987159729,0.20317703485488892,0.15031474828720093,0.1335536390542984,0.1631067395210266,0.17045584321022034,0.0871908888220787,0.04042651504278183,0.08054366707801819,0.094031922519207,0.1558842957019806,0.1786765158176422,0.14189544320106506,0.07784470915794373,0.0624692365527153,0.1987018585205078,0.30452343821525574,0.331042617559433,0.242212176322937,0.11216692626476288,0.24388651549816132,0.3333771824836731,0.2466295063495636,0.23039773106575012,0.38119712471961975,0.330955445766449,0.3150143027305603,0.5239751935005188,0.42327380180358887,0.3294656574726105,0.36724820733070374,0.42306262254714966,0.5294654369354248,0.3712913691997528,0.46430569887161255,0.42444491386413574,MVP
../data/DWT_NEW/MVP/New_MVP_059.wav,81.8252182006836,-19.34408187866211,9.262001037597656,6.991179466247559,-5.064666748046875,13.033817291259766,-17.270700454711914,8.46207332611084,-0.001600027084350586,-4.2074875831604,8.406030654907227,-5.627615928649902,4.3543853759765625,0.27762603759765625,0.6862945556640625,-0.3519144058227539,-1.218092679977417,0.010100334882736206,-2.555123805999756,3.121570110321045,1.3891040086746216,10.284814834594727,-1.8908932209014893,-4.523557186126709,0.9356672763824463,4.208045482635498,-3.430746555328369,1.7353442907333374,2.7806496620178223,-4.207723617553711,-0.38355591893196106,1.1724474430084229,4.905454635620117,1.7651057243347168,-1.2049272060394287,2.7642126083374023,2.699972152709961,-2.0667388439178467,1.1970406770706177,1.1712192296981812,0.1738344430923462,0.34197813272476196,0.3527447581291199,0.3381350040435791,0.29237470030784607,0.2154405564069748,0.1202947273850441,0.03205648064613342,0.051217254251241684,0.0674884244799614,0.05582352727651596,0.1511128842830658,0.28225061297416687,0.37076181173324585,0.37144944071769714,0.2687937021255493,0.12275320291519165,0.041801344603300095,0.04215385764837265,0.08018489927053452,0.08960326015949249,0.1278313547372818,0.2090543508529663,0.18744629621505737,0.10231668502092361,0.18679936230182648,0.36323484778404236,0.3715671896934509,0.2149066925048828,0.16612745821475983,0.21516506373882294,0.15989580750465393,0.057856485247612,0.13080796599388123,0.17332527041435242,0.22768191993236542,0.30931147933006287,0.2626243233680725,0.16788138449192047,0.17770206928253174,0.2137097269296646,0.26441556215286255,0.2783038318157196,0.2101844847202301,0.17941078543663025,0.30775976181030273,0.360526978969574,0.26480913162231445,0.17810896039009094,0.2696419656276703,0.2844022810459137,0.1745423823595047,0.21747079491615295,0.2301453948020935,0.23860174417495728,0.2192801684141159,0.16948145627975464,0.18633507192134857,0.2534538209438324,0.22361114621162415,0.19924461841583252,MVP
../data/DWT_NEW/MVP/New_MVP_107.wav,76.04741668701172,-44.67866897583008,-3.515716552734375,-6.34743070602417,5.262198448181152,-2.1640539169311523,4.581534385681152,1.3845521211624146,-0.1707923710346222,2.3841466903686523,-0.35852688550949097,3.4350147247314453,-2.760477066040039,-3.7984158992767334,-7.766711235046387,-3.0318450927734375,0.2508680522441864,1.5523303747177124,-1.499790906906128,0.3237970471382141,0.07568186521530151,-0.9639543294906616,-1.079605221748352,0.9647783041000366,1.01932692527771,-2.589184284210205,0.275912344455719,0.6687953472137451,2.372762680053711,3.373007297515869,2.1999459266662598,1.549612045288086,-0.7682005167007446,-1.4304780960083008,-0.6173216700553894,-0.5322902202606201,-0.5970004200935364,0.9165351390838623,-0.028927147388458252,-4.604737758636475,0.1793363243341446,0.047494690865278244,0.06506746262311935,0.088690847158432,0.10639660060405731,0.11047232896089554,0.10056664049625397,0.08718142658472061,0.09098008275032043,0.10785217583179474,0.10749450325965881,0.07151035964488983,0.03968516364693642,0.11405619978904724,0.17249628901481628,0.17683136463165283,0.12810413539409637,0.06515905261039734,0.038830701261758804,0.031170308589935303,0.05880528688430786,0.10885575413703918,0.12660831212997437,0.08969977498054504,0.09182070195674896,0.12473198771476746,0.16054649651050568,0.13562548160552979,0.11559338122606277,0.16636456549167633,0.1725393831729889,0.13147622346878052,0.17071273922920227,0.14006786048412323,0.12082839012145996,0.13554948568344116,0.09645846486091614,0.06725567579269409,0.0782083049416542,0.13093386590480804,0.10401394218206406,0.06655806303024292,0.06397486478090286,0.04977882653474808,0.1224154531955719,0.16317151486873627,0.14351575076580048,0.17366111278533936,0.18736284971237183,0.14023712277412415,0.19343812763690948,0.17287296056747437,0.13001522421836853,0.14362803101539612,0.10239261388778687,0.16819638013839722,0.14788424968719482,0.2600799798965454,0.17216598987579346,0.22870510816574097,0.19576847553253174,MVP
../data/DWT_NEW/MVP/New_MVP_073.wav,86.71701049804688,-32.72228240966797,-1.2659001350402832,-22.565719604492188,-20.632280349731445,14.386611938476562,-15.30276870727539,3.394731044769287,-2.9019527435302734,-2.6848340034484863,0.8147430419921875,-4.470699310302734,3.5825653076171875,-1.0789474248886108,1.7780841588974,1.0330369472503662,2.686102867126465,4.24663782119751,2.6692240238189697,0.5507500767707825,-2.159984588623047,0.799877405166626,2.0213022232055664,4.381086826324463,-0.6786559224128723,2.291889190673828,4.491467475891113,1.4206384420394897,1.1300530433654785,5.393481254577637,3.5768961906433105,3.9665470123291016,3.4147567749023438,1.0243642330169678,2.1657373905181885,-0.05045437812805176,0.34630823135375977,3.423642158508301,-1.4861512184143066,0.9778716564178467,0.20269525051116943,0.10991375148296356,0.09264515340328217,0.06788966804742813,0.03785192593932152,0.011816739104688168,0.03231925517320633,0.052086591720581055,0.058354780077934265,0.0528549998998642,0.05394972115755081,0.0795581191778183,0.10980592668056488,0.12460288405418396,0.11641748249530792,0.08631697297096252,0.04967968910932541,0.02190414071083069,0.011675368994474411,0.020279232412576675,0.018076930195093155,0.026329509913921356,0.030354801565408707,0.04463009536266327,0.05938038229942322,0.11151481419801712,0.15628165006637573,0.13386395573616028,0.08720077574253082,0.11135746538639069,0.13453206419944763,0.08629748970270157,0.0394655242562294,0.08120262622833252,0.09737811237573624,0.1342216432094574,0.18965768814086914,0.17334306240081787,0.12329015135765076,0.06314247846603394,0.11788785457611084,0.2066655457019806,0.24471771717071533,0.19801227748394012,0.16634535789489746,0.2680591344833374,0.33331361413002014,0.23925301432609558,0.21471215784549713,0.3339804410934448,0.2626842260360718,0.28420838713645935,0.48226168751716614,0.3955477476119995,0.49429231882095337,0.515300989151001,0.4126410484313965,0.47250422835350037,0.4415726065635681,0.49873989820480347,0.4203068017959595,MVP
../data/DWT_NEW/MVP/New_MVP_023.wav,56.6745719909668,-24.639795303344727,40.16413116455078,-10.87004280090332,-21.240543365478516,10.517285346984863,-16.966398239135742,15.494345664978027,-6.5025739669799805,-1.012947678565979,3.9267709255218506,-2.103851556777954,1.7757086753845215,0.12305554747581482,1.3389166593551636,-2.9803271293640137,-1.616764783859253,-0.5530633926391602,6.51405143737793,4.316580295562744,-0.8871558308601379,-1.541903018951416,1.8465266227722168,4.187962055206299,0.47962239384651184,-2.195220708847046,0.44330698251724243,4.151843070983887,-2.1010892391204834,-3.4414901733398438,-1.118326187133789,-0.5003977417945862,-1.9483691453933716,-0.1547812521457672,0.6915914416313171,1.426644206047058,0.3400264382362366,-0.1702783703804016,0.08063645660877228,1.8146708011627197,0.18520160019397736,0.1579761803150177,0.16571930050849915,0.17410990595817566,0.18094167113304138,0.1831064224243164,0.17965829372406006,0.16913801431655884,0.15155240893363953,0.13031992316246033,0.10723310708999634,0.08136618137359619,0.05510269105434418,0.06562528014183044,0.12420117110013962,0.19387486577033997,0.23936882615089417,0.2270021140575409,0.1548408567905426,0.0726546123623848,0.07169431447982788,0.08605117350816727,0.07727572321891785,0.05347925424575806,0.1051439493894577,0.1157853901386261,0.05461697652935982,0.09309909492731094,0.21691948175430298,0.23191824555397034,0.15425986051559448,0.11782358586788177,0.1328580528497696,0.12951189279556274,0.1187087818980217,0.18607717752456665,0.2105533480644226,0.2772955298423767,0.27944034337997437,0.20776209235191345,0.13397365808486938,0.17088881134986877,0.27029097080230713,0.2886788547039032,0.1908373385667801,0.21469785273075104,0.3348543047904968,0.35637366771698,0.22698919475078583,0.22650399804115295,0.3447595238685608,0.3021676242351532,0.2645917236804962,0.27311792969703674,0.21731099486351013,0.25716277956962585,0.20006904006004333,0.16643229126930237,0.20312939584255219,0.1493525505065918,0.09539282321929932,MVP
../data/DWT_NEW/MVP/New_MVP_093.wav,54.88481903076172,-26.59482192993164,-15.119564056396484,-21.28591537475586,-27.19322967529297,23.769094467163086,-25.58767318725586,9.897514343261719,-4.747671127319336,-1.4594751596450806,1.200519323348999,-5.97232723236084,2.5939524173736572,-4.45004415512085,1.2974836826324463,-3.4590988159179688,3.5432446002960205,2.0012805461883545,7.435035705566406,4.245818138122559,3.1111268997192383,-1.6782243251800537,-2.080824136734009,3.1780312061309814,-1.8510993719100952,-4.184154510498047,-1.7631919384002686,2.9681954383850098,-4.1575469970703125,-0.6386679410934448,1.4645490646362305,0.7763614654541016,-2.508044481277466,2.657504081726074,-0.9010375142097473,-4.100867748260498,-2.571758508682251,0.3998103439807892,0.5726333856582642,0.0035407841205596924,0.16032001376152039,0.013337451964616776,0.02024644985795021,0.028907975181937218,0.03836818411946297,0.04721879959106445,0.053744278848171234,0.055430635809898376,0.04983171820640564,0.03741849213838577,0.025408558547496796,0.03323451429605484,0.04808260127902031,0.05629477649927139,0.05566731095314026,0.06407143175601959,0.07460884749889374,0.06317706406116486,0.03413642570376396,0.038991302251815796,0.04456696659326553,0.03702617436647415,0.05521807819604874,0.051980774849653244,0.03072524257004261,0.03791533783078194,0.06745290011167526,0.06751003116369247,0.03875017538666725,0.03693932294845581,0.04720296710729599,0.044799115508794785,0.04485026374459267,0.07961440831422806,0.08698708564043045,0.12819057703018188,0.15885905921459198,0.13760194182395935,0.11381591856479645,0.0752682238817215,0.12013966590166092,0.18359698355197906,0.20425042510032654,0.1403811275959015,0.037128426134586334,0.18301403522491455,0.2773199677467346,0.23972418904304504,0.17548209428787231,0.33646172285079956,0.3110450506210327,0.1894507110118866,0.37142542004585266,0.32992714643478394,0.28327417373657227,0.44159001111984253,0.30636918544769287,0.4133705198764801,0.2391202598810196,0.38320255279541016,0.3511936366558075,MVP
../data/DWT_NEW/MVP/New_MVP_076.wav,80.37631225585938,-22.262531280517578,0.9210995435714722,-25.83704376220703,-16.476043701171875,18.69377326965332,-19.43084144592285,8.726591110229492,-2.2194254398345947,-3.575695514678955,5.182681083679199,-5.5508623123168945,3.7657365798950195,-1.637742280960083,1.2330126762390137,-4.053863525390625,1.687002420425415,2.8296940326690674,9.570579528808594,8.201109886169434,3.4312119483947754,-1.5548298358917236,1.698366641998291,3.7969889640808105,-2.049562454223633,-2.063828468322754,1.0290045738220215,2.448618173599243,-2.4598357677459717,-0.9343967437744141,4.443964958190918,-1.7600288391113281,-4.374624252319336,4.953470230102539,-0.15164636075496674,-6.679678440093994,1.149883508682251,-1.6862049102783203,-0.29822245240211487,0.310945063829422,0.1888325810432434,0.1253359615802765,0.13601696491241455,0.14346355199813843,0.14434298872947693,0.13602429628372192,0.11982619762420654,0.09910981357097626,0.07996771484613419,0.0692540779709816,0.0702986940741539,0.08852608501911163,0.12349411845207214,0.15805566310882568,0.16713106632232666,0.14154817163944244,0.0940210372209549,0.06394107639789581,0.06678406894207001,0.06501691788434982,0.061942365020513535,0.048489004373550415,0.025270022451877594,0.01582934707403183,0.05163202062249184,0.1126457080245018,0.13115672767162323,0.08918911963701248,0.053693339228630066,0.10163367539644241,0.10250487178564072,0.06977914273738861,0.09320580959320068,0.17593759298324585,0.21040374040603638,0.26001331210136414,0.30446216464042664,0.2725190818309784,0.20930716395378113,0.14280256628990173,0.15759918093681335,0.2280840277671814,0.23541900515556335,0.12934479117393494,0.08531200885772705,0.28802555799484253,0.3871798515319824,0.3395233750343323,0.3578862249851227,0.5159064531326294,0.43731459975242615,0.23003017902374268,0.3817327618598938,0.26577994227409363,0.5237616300582886,0.6266931295394897,0.3881990909576416,0.5048962235450745,0.33469560742378235,0.40105000138282776,0.44766202569007874,MVP
../data/DWT_NEW/MVP/New_MVP_018.wav,48.680606842041016,-14.0347900390625,47.537376403808594,-20.25399398803711,-22.10344696044922,21.182220458984375,-18.00135040283203,11.827035903930664,-6.348319053649902,2.4632105827331543,4.057045936584473,-4.547338962554932,3.32407283782959,-0.7096582651138306,0.8109645843505859,-2.0833544731140137,1.2186191082000732,-3.7226345539093018,1.338576078414917,0.1541515588760376,1.0679550170898438,2.3482725620269775,0.7872406840324402,-0.41130733489990234,1.6476008892059326,2.063342571258545,-1.5825119018554688,3.046745538711548,-0.3502819538116455,0.07260966300964355,0.9659101963043213,-2.309652328491211,-3.8882718086242676,2.8193535804748535,0.022353410720825195,1.7695270776748657,0.6569953560829163,-1.8712376356124878,4.096160888671875,2.974212169647217,0.17756223678588867,0.17753100395202637,0.18683895468711853,0.1930713951587677,0.1963861733675003,0.19836783409118652,0.2028845250606537,0.20855265855789185,0.2080368995666504,0.19422779977321625,0.16265258193016052,0.11841259896755219,0.08671163022518158,0.09757587313652039,0.13138671219348907,0.17528577148914337,0.2155919373035431,0.2178909331560135,0.16674190759658813,0.09027522802352905,0.07209429144859314,0.0723128616809845,0.04829869419336319,0.08150255680084229,0.15198053419589996,0.16564804315567017,0.11101710796356201,0.12403736263513565,0.2617585062980652,0.2668791711330414,0.14591747522354126,0.09617956727743149,0.1257307529449463,0.10237457603216171,0.12363909929990768,0.1700071096420288,0.19146451354026794,0.2538267970085144,0.25470757484436035,0.17744699120521545,0.11785517632961273,0.18711696565151215,0.29127007722854614,0.3076591491699219,0.19619077444076538,0.13907960057258606,0.29878705739974976,0.3535546064376831,0.23876462876796722,0.16536548733711243,0.31916770339012146,0.3113441467285156,0.3167245388031006,0.34336918592453003,0.22492313385009766,0.25307199358940125,0.29438918828964233,0.26633986830711365,0.2397245615720749,0.25305941700935364,0.20657506585121155,MVP
../data/DWT_NEW/MVP/New_MVP_020.wav,58.22925567626953,-15.845230102539062,34.86864471435547,-10.748767852783203,-20.123878479003906,18.849218368530273,-20.898643493652344,18.439470291137695,-10.191226959228516,3.249039649963379,4.085695266723633,-2.51993465423584,1.3979932069778442,-0.20240896940231323,-0.18321707844734192,-4.392358303070068,-2.1963982582092285,-4.528200626373291,3.609102249145508,3.4256370067596436,6.775660514831543,1.5225646495819092,0.27839910984039307,-0.35182300209999084,2.1066765785217285,2.469146251678467,1.899752140045166,1.770178198814392,0.5263449549674988,-2.7079567909240723,-1.5884467363357544,4.280053615570068,-2.2939107418060303,-2.5101213455200195,1.610618233680725,3.194763660430908,2.658485174179077,0.245273619890213,-0.580376386642456,4.357430934906006,0.1896241009235382,0.20910468697547913,0.2011902779340744,0.18843357264995575,0.1728288233280182,0.1579340100288391,0.1496334671974182,0.14878493547439575,0.15108110010623932,0.15237095952033997,0.15019142627716064,0.14530351758003235,0.1434796154499054,0.1597888469696045,0.16753160953521729,0.16814061999320984,0.16699200868606567,0.1654740273952484,0.14980962872505188,0.10763083398342133,0.05496128648519516,0.05328068882226944,0.09126495569944382,0.12645666301250458,0.13444241881370544,0.09683369845151901,0.04807540029287338,0.20295041799545288,0.309471994638443,0.2731906771659851,0.15558017790317535,0.1519262045621872,0.19029855728149414,0.16558127105236053,0.15404072403907776,0.2162204086780548,0.22990164160728455,0.2866280972957611,0.28651463985443115,0.18766456842422485,0.061030998826026917,0.11092211306095123,0.2308935970067978,0.256781667470932,0.1714184284210205,0.1944063901901245,0.392179399728775,0.45527923107147217,0.33102208375930786,0.22769787907600403,0.32125696539878845,0.2383517026901245,0.23447121679782867,0.3337814509868622,0.26912352442741394,0.320524126291275,0.32433629035949707,0.22867417335510254,0.15697720646858215,0.2108822762966156,0.21090146899223328,MVP
../data/DWT_NEW/MVP/New_MVP_002.wav,134.808837890625,-50.88174819946289,4.120265960693359,12.832271575927734,-7.224698066711426,-5.2977776527404785,-17.57564926147461,-12.483081817626953,-18.71743392944336,9.497482299804688,2.1880910396575928,10.16057014465332,-15.950902938842773,-5.767124176025391,-7.958603858947754,12.095654487609863,0.34786510467529297,-9.338125228881836,-4.182249069213867,7.361075401306152,-4.432156562805176,-4.078790664672852,-0.9795122146606445,7.860025405883789,-3.7491207122802734,-10.0886812210083,3.746948719024658,6.81662654876709,-4.659284591674805,-3.6269543170928955,-0.1469166874885559,-0.6797949075698853,1.860388994216919,-2.2991621494293213,-2.801532506942749,1.3667831420898438,0.9852468967437744,-3.272963523864746,-5.66016960144043,-0.8617873787879944,0.37664031982421875,0.08446086198091507,0.07433296740055084,0.05537404119968414,0.028994567692279816,0.02124270237982273,0.056051746010780334,0.08958727866411209,0.10695702582597733,0.09715457260608673,0.056038789451122284,0.04293955862522125,0.11901530623435974,0.17327842116355896,0.16608893871307373,0.10095152258872986,0.06240687146782875,0.0946153998374939,0.06888429075479507,0.16206204891204834,0.23828783631324768,0.1978147327899933,0.08887878060340881,0.07332955300807953,0.19431519508361816,0.22279709577560425,0.12103353440761566,0.1362978219985962,0.24055421352386475,0.24553951621055603,0.1692999303340912,0.2831788957118988,0.32717061042785645,0.20763936638832092,0.3138429820537567,0.26095080375671387,0.2682859003543854,0.28930532932281494,0.31239286065101624,0.35757285356521606,0.37702733278274536,0.381076842546463,0.36415278911590576,0.33655303716659546,0.3488285541534424,0.3666921854019165,0.37240248918533325,0.3102843165397644,0.2141338586807251,0.1912996470928192,0.23251007497310638,0.17661258578300476,0.08370636403560638,0.13033327460289001,0.18194375932216644,0.16010978817939758,0.08701477944850922,0.1508634090423584,0.3015088140964508,0.19206947088241577,0.1911114752292633,MVP
../data/DWT_NEW/MVP/New_MVP_102.wav,44.3614616394043,-72.71107482910156,13.737079620361328,-26.27077865600586,-2.029421329498291,1.6351203918457031,-4.889793872833252,4.52764892578125,-0.6891516447067261,-0.4140833020210266,-0.25264039635658264,0.10180523991584778,3.839311122894287,1.4214168787002563,3.5375914573669434,-1.8755584955215454,1.860630750656128,-0.5304551720619202,1.8961291313171387,2.478095054626465,-0.6685256958007812,-0.07185119390487671,2.0511627197265625,-0.6476500034332275,-2.5382306575775146,0.1555156707763672,-0.7978362441062927,-1.3573111295700073,5.378169059753418,1.050207257270813,-1.4094065427780151,0.5806467533111572,-1.56978440284729,-1.2140870094299316,1.051971673965454,-1.8433473110198975,2.06250262260437,5.155656814575195,0.8991222381591797,-2.0403614044189453,0.20844599604606628,0.052848514169454575,0.0580412857234478,0.06156375631690025,0.06253515183925629,0.060495294630527496,0.055857185274362564,0.048948947340250015,0.04044134542346001,0.03206142410635948,0.025840865448117256,0.024518655613064766,0.029807452112436295,0.03985894098877907,0.05071106180548668,0.055498458445072174,0.04905217885971069,0.03041539527475834,0.012346900068223476,0.025679191574454308,0.03270001709461212,0.024970943108201027,0.023065639659762383,0.03326856344938278,0.035051070153713226,0.028360940515995026,0.017364731058478355,0.020416148006916046,0.03627089411020279,0.047004275023937225,0.043895602226257324,0.026949571445584297,0.014893210493028164,0.030138690024614334,0.03396352007985115,0.026786666363477707,0.025882096961140633,0.050708506256341934,0.05776065215468407,0.03830045461654663,0.02366146259009838,0.017925122752785683,0.009789930656552315,0.02967311255633831,0.035791005939245224,0.02809150144457817,0.007984493859112263,0.03100575879216194,0.0546703115105629,0.0584033839404583,0.03995116800069809,0.04747070372104645,0.0769391804933548,0.08640683442354202,0.09944433718919754,0.1274544596672058,0.1327672302722931,0.13345907628536224,0.14181017875671387,0.16061089932918549,0.1796281933784485,MVP
../data/DWT_NEW/MVP/New_MVP_183.wav,95.81312561035156,-25.560115814208984,6.045433044433594,-1.3992197513580322,2.165566921234131,2.090404987335205,10.564538955688477,4.887875556945801,2.630368947982788,-0.43091684579849243,-1.8547254800796509,-1.732358455657959,-2.8700103759765625,-3.1079025268554688,-6.075486660003662,-3.2312827110290527,4.420052528381348,1.3884780406951904,1.5125951766967773,2.008617401123047,7.593869686126709,7.193764686584473,-0.7161208987236023,-1.0835754871368408,1.8616687059402466,5.969837188720703,2.7275094985961914,-2.267160654067993,1.912359595298767,0.2700464129447937,-1.591536045074463,4.156181812286377,0.6948226690292358,-3.0830345153808594,0.2911049723625183,1.7061619758605957,0.2343013882637024,-2.18161940574646,3.3326640129089355,4.205580711364746,0.18159878253936768,0.27149704098701477,0.2792503833770752,0.2685316205024719,0.2384999394416809,0.19603385031223297,0.16752922534942627,0.18617340922355652,0.23819711804389954,0.282787561416626,0.28927069902420044,0.23927155137062073,0.1478700041770935,0.12327355146408081,0.2270178198814392,0.2904403805732727,0.2635769844055176,0.16076919436454773,0.07833020389080048,0.11015459895133972,0.09952311217784882,0.07615778595209122,0.11750580370426178,0.13685525953769684,0.1387694776058197,0.25507307052612305,0.30767393112182617,0.2371763288974762,0.1518210619688034,0.22161218523979187,0.2636865973472595,0.2898165285587311,0.2635796368122101,0.15725505352020264,0.1750529259443283,0.23346003890037537,0.2146826684474945,0.21611016988754272,0.23003040254116058,0.2187856286764145,0.17128534615039825,0.1179763674736023,0.13702189922332764,0.2057037353515625,0.21269305050373077,0.15813544392585754,0.17589829862117767,0.2951536774635315,0.35862505435943604,0.3317372798919678,0.28030112385749817,0.24424302577972412,0.1556103527545929,0.21097791194915771,0.32775911688804626,0.3375844955444336,0.26226291060447693,0.1598479300737381,0.26489564776420593,0.2877621352672577,0.20947250723838806,MVP
../data/DWT_NEW/MVP/New_MVP_156.wav,22.407794952392578,-69.85296630859375,39.21990966796875,-22.01752471923828,1.3308329582214355,-10.118303298950195,8.673526763916016,0.341788113117218,-1.555511236190796,2.49849271774292,-1.6958385705947876,-2.8608133792877197,-6.191295146942139,2.008462429046631,5.637377738952637,-6.253289699554443,-2.9061312675476074,-4.633261203765869,-1.7879186868667603,3.6912527084350586,1.867173194885254,-4.221940040588379,0.6928261518478394,3.4633371829986572,-0.6746894121170044,-1.4337471723556519,5.3423919677734375,4.843843460083008,-4.627047538757324,-0.16159969568252563,-3.042295455932617,-3.229867458343506,1.5124335289001465,-1.1208927631378174,-0.4865856170654297,-2.8191354274749756,-0.07571113109588623,-5.146766662597656,-1.8435242176055908,2.4847354888916016,0.2516510784626007,0.04742518067359924,0.049905113875865936,0.04906953126192093,0.04383711516857147,0.03356975317001343,0.01968821883201599,0.01319118682295084,0.029879560694098473,0.04829363897442818,0.06093788146972656,0.06260273605585098,0.05185384303331375,0.03376803174614906,0.024234846234321594,0.0391152948141098,0.045827023684978485,0.040362875908613205,0.053207773715257645,0.08086520433425903,0.08997192978858948,0.0716877207159996,0.03840888291597366,0.008354514837265015,0.03266970440745354,0.06221738085150719,0.07038158178329468,0.054408907890319824,0.02889619953930378,0.02760968543589115,0.04971432685852051,0.07012058794498444,0.06056801974773407,0.03949098289012909,0.05775018781423569,0.0653163492679596,0.05337626114487648,0.03835753723978996,0.02926144003868103,0.026886776089668274,0.03152933716773987,0.04098072648048401,0.04925224184989929,0.052097611129283905,0.04855832830071449,0.0428505502641201,0.036497339606285095,0.027852948755025864,0.030131656676530838,0.04163454845547676,0.05689862370491028,0.05921067297458649,0.040469683706760406,0.02377944625914097,0.038654230535030365,0.04319938272237778,0.03314315155148506,0.01835842803120613,0.024428315460681915,0.03303822502493858,0.03025946021080017,MVP
../data/DWT_NEW/MVP/New_MVP_172.wav,40.82855987548828,-79.00637817382812,30.20659637451172,-16.697402954101562,14.060323715209961,-13.724830627441406,7.498607635498047,1.4411154985427856,3.5795130729675293,2.8350155353546143,-1.4038941860198975,-0.5863386392593384,-1.6054714918136597,1.5487773418426514,1.2523083686828613,0.9779819846153259,3.1208443641662598,3.806619882583618,-0.3832613229751587,-2.9302656650543213,3.501152276992798,4.69197940826416,-1.6227121353149414,-0.463140070438385,0.759617269039154,2.317178964614868,2.5194497108459473,-1.4205681085586548,0.12755441665649414,-2.085365056991577,-2.9663331508636475,3.875197410583496,-4.7262468338012695,-1.0946096181869507,1.488954782485962,-2.5646774768829346,1.6528418064117432,-4.212765216827393,0.5317872762680054,-3.9854648113250732,0.3285357654094696,0.048594143241643906,0.035048067569732666,0.01947960816323757,0.006986688822507858,0.018129514530301094,0.03174324333667755,0.03954199701547623,0.037602365016937256,0.023558257147669792,0.0034320696722716093,0.04074680432677269,0.08182992786169052,0.11808117479085922,0.1363970786333084,0.12902730703353882,0.09567003697156906,0.04687187075614929,0.01676252670586109,0.03525005653500557,0.031925566494464874,0.01421058364212513,0.042051851749420166,0.06930701434612274,0.07257062941789627,0.05409030243754387,0.036308564245700836,0.013907217420637608,0.030227378010749817,0.047669339925050735,0.026364710181951523,0.022299321368336678,0.06093194708228111,0.05408143997192383,0.03643222153186798,0.06854009628295898,0.07189813256263733,0.05606018379330635,0.03811661899089813,0.015346749685704708,0.019924204796552658,0.03749489411711693,0.037510186433792114,0.03420412912964821,0.05296081677079201,0.0859423577785492,0.10502016544342041,0.08691342920064926,0.03173684701323509,0.04846721142530441,0.09792789816856384,0.10207813233137131,0.07094334810972214,0.06845668703317642,0.09148918837308884,0.07561798393726349,0.05808190628886223,0.05667881667613983,0.07835038006305695,0.11270722001791,0.09201843291521072,MVP
../data/DWT_NEW/MVP/New_MVP_196.wav,105.77294921875,-39.743247985839844,22.388275146484375,-17.622520446777344,-9.338081359863281,-11.859214782714844,-2.848266363143921,-6.588512897491455,-4.902822017669678,-3.5546183586120605,-4.228116512298584,6.727900505065918,-2.5319628715515137,-0.5031465291976929,-0.2521296441555023,2.201490879058838,-2.2748589515686035,2.2893238067626953,1.472149133682251,-2.164522409439087,6.515734672546387,-1.6775341033935547,-0.269326776266098,1.47938072681427,2.5336172580718994,0.9631897211074829,-2.1447196006774902,-0.6104099750518799,0.6156470775604248,2.09853458404541,0.8973054885864258,-5.141175270080566,-1.1508457660675049,-2.483403205871582,1.3141058683395386,-1.4621940851211548,-2.319767475128174,1.3770477771759033,0.7685366868972778,-1.8164503574371338,0.2786349952220917,0.05770857259631157,0.06500888615846634,0.07826650887727737,0.09853620082139969,0.12379185855388641,0.15144404768943787,0.17657268047332764,0.1923147588968277,0.19425377249717712,0.17853489518165588,0.1428261399269104,0.09346089512109756,0.03642590343952179,0.019675452262163162,0.03669677674770355,0.04056558758020401,0.05710886791348457,0.09810639172792435,0.12994150817394257,0.121796615421772,0.06314726173877716,0.029037080705165863,0.1156201958656311,0.15910258889198303,0.14347988367080688,0.06434502452611923,0.035905871540308,0.08576707541942596,0.1609845608472824,0.1898917257785797,0.1623488813638687,0.1174069419503212,0.04607434943318367,0.17271259427070618,0.2270512878894806,0.1090104877948761,0.0888829231262207,0.18108989298343658,0.0994759052991867,0.12182509899139404,0.15488611161708832,0.1323326975107193,0.17261497676372528,0.19301407039165497,0.21397237479686737,0.22752386331558228,0.22255514562129974,0.2161255031824112,0.23506441712379456,0.2434912472963333,0.2740336060523987,0.3214258551597595,0.35512322187423706,0.3678112030029297,0.3617759644985199,0.3201904892921448,0.276760071516037,0.2843460142612457,0.31431370973587036,0.31193697452545166,MVP
../data/DWT_NEW/MVP/New_MVP_029.wav,60.79499053955078,-17.513168334960938,36.50432586669922,-8.405256271362305,-24.369770050048828,18.674121856689453,-15.221769332885742,12.127296447753906,-6.6034674644470215,2.0721817016601562,4.270737648010254,-2.6190762519836426,3.3195438385009766,-0.8353430032730103,1.7070670127868652,-3.8974227905273438,0.49899259209632874,-2.122593879699707,0.8753604292869568,1.7669281959533691,4.609469890594482,2.4358761310577393,-2.7191390991210938,1.0197833776474,3.9655380249023438,0.7682291865348816,-4.711923599243164,4.471019744873047,2.4291839599609375,-5.525493621826172,-3.619450092315674,3.516860008239746,-6.4987688064575195,-2.514777183532715,4.587148666381836,1.5969960689544678,1.0419816970825195,1.5169720649719238,-0.05748087167739868,3.7742838859558105,0.18349261581897736,0.18261167407035828,0.14386050403118134,0.09509183466434479,0.09290126711130142,0.16570766270160675,0.24869951605796814,0.3059709370136261,0.31154412031173706,0.25530582666397095,0.14633922278881073,0.059818677604198456,0.16232210397720337,0.21867120265960693,0.18938517570495605,0.09672832489013672,0.15409564971923828,0.23238159716129303,0.2185388207435608,0.13686548173427582,0.07657848298549652,0.06673463433980942,0.04663525149226189,0.10575743019580841,0.14133912324905396,0.15047165751457214,0.18612229824066162,0.229038804769516,0.3128766119480133,0.282105028629303,0.1605672538280487,0.12391064316034317,0.08201282471418381,0.07270212471485138,0.19767510890960693,0.30441898107528687,0.3484152555465698,0.38851240277290344,0.3396148681640625,0.20404423773288727,0.10223688185214996,0.22844351828098297,0.3390275835990906,0.32756873965263367,0.16397078335285187,0.10134409368038177,0.3209267854690552,0.371785044670105,0.24499398469924927,0.2302866280078888,0.3773724436759949,0.31437933444976807,0.23831743001937866,0.24432353675365448,0.1441625952720642,0.2281971275806427,0.2689955234527588,0.2210139036178589,0.19139987230300903,0.13782064616680145,0.09554974734783173,MVP
../data/DWT_NEW/MVP/New_MVP_113.wav,143.02236938476562,-16.344955444335938,10.371539115905762,7.497846603393555,-1.3213058710098267,-1.818542718887329,5.760622024536133,-5.882948398590088,-3.831479549407959,-1.4579994678497314,0.6913151741027832,-5.001972198486328,2.369840145111084,-0.02356046438217163,-1.5389609336853027,6.3454484939575195,2.7566118240356445,1.0955954790115356,4.189371109008789,-2.8681764602661133,1.9443774223327637,7.212482452392578,0.7702835202217102,0.22645732760429382,4.46662712097168,3.7205147743225098,-2.7505035400390625,2.264059543609619,4.239846706390381,-1.1554391384124756,0.5264708399772644,-0.6826740503311157,0.8586024045944214,3.6781671047210693,-4.171170234680176,-0.9637299180030823,5.8511152267456055,-5.419658184051514,-1.868696689605713,3.0526697635650635,0.28277358412742615,0.33179914951324463,0.35657456517219543,0.38469064235687256,0.4102638363838196,0.4271637499332428,0.43420833349227905,0.4269670248031616,0.40150803327560425,0.364398717880249,0.3300977349281311,0.3183058798313141,0.33461523056030273,0.3561336398124695,0.36387062072753906,0.35348981618881226,0.3321504592895508,0.29622682929039,0.2575334906578064,0.2494792342185974,0.2533254027366638,0.20983630418777466,0.1867738515138626,0.2501634955406189,0.24271363019943237,0.17262223362922668,0.13038910925388336,0.31714382767677307,0.3569793105125427,0.22110265493392944,0.24003088474273682,0.447655588388443,0.3740749955177307,0.25750285387039185,0.46601811051368713,0.3466128408908844,0.3776238262653351,0.419067919254303,0.3946784734725952,0.4470541477203369,0.4513019323348999,0.43877214193344116,0.3951524496078491,0.3229272961616516,0.2281714379787445,0.14894428849220276,0.19197425246238708,0.25576427578926086,0.3056335747241974,0.32776182889938354,0.34661662578582764,0.29236704111099243,0.1799239069223404,0.19715186953544617,0.1972806751728058,0.2285044640302658,0.31912654638290405,0.3623144030570984,0.28193414211273193,0.23424524068832397,0.30919134616851807,MVP
../data/DWT_NEW/MVP/New_MVP_142.wav,16.751144409179688,-81.375244140625,33.214622497558594,-16.716373443603516,13.791691780090332,-11.292482376098633,-1.7391172647476196,-2.0991461277008057,-1.5918680429458618,-2.178393840789795,-3.331562042236328,3.676877498626709,2.964778184890747,2.3812503814697266,-0.39024510979652405,0.14235800504684448,2.947200298309326,0.5360691547393799,-2.1833081245422363,0.8408152461051941,1.4809355735778809,3.8197970390319824,-0.9056501388549805,-3.176706075668335,3.932804584503174,1.3441855907440186,1.213384985923767,5.249963760375977,2.0111045837402344,-1.846304178237915,-0.31563878059387207,5.25367546081543,-3.0617127418518066,-0.619777500629425,2.191058874130249,1.9970512390136719,3.3285653591156006,1.3494317531585693,-2.211805582046509,-3.9419023990631104,0.26176366209983826,0.052709322422742844,0.04587695747613907,0.03556561470031738,0.022583678364753723,0.0088422279804945,0.006530163809657097,0.014733340591192245,0.017651893198490143,0.01660141907632351,0.022433845326304436,0.03821033984422684,0.05396132171154022,0.06114596128463745,0.05692419037222862,0.042908087372779846,0.03407324478030205,0.03971210867166519,0.0379745215177536,0.025275923311710358,0.022453434765338898,0.022608626633882523,0.026819437742233276,0.04387747496366501,0.045416928827762604,0.03633803501725197,0.03424149006605148,0.03873685747385025,0.06031988561153412,0.05440952628850937,0.027865435928106308,0.043447576463222504,0.05478064343333244,0.055368732661008835,0.05546051636338234,0.04799840599298477,0.04534470662474632,0.03478150814771652,0.038456711918115616,0.05038119852542877,0.05448159575462341,0.053890787065029144,0.049119818955659866,0.036856114864349365,0.033287905156612396,0.042967379093170166,0.040366031229496,0.029866034165024757,0.04536544531583786,0.05506344884634018,0.03753643110394478,0.011625177226960659,0.03247840702533722,0.04632953181862831,0.035576436668634415,0.013837656006217003,0.024736937135457993,0.028831543400883675,0.015894588083028793,0.01831144466996193,0.03072725422680378,MVP
../data/DWT_NEW/MVP/New_MVP_112.wav,144.28347778320312,-14.507672309875488,-0.017386436462402344,2.5904858112335205,3.853708267211914,-4.026505470275879,8.283554077148438,-3.5846166610717773,-2.7083687782287598,-2.62052845954895,-3.110321044921875,-6.252291679382324,1.4693154096603394,1.110977053642273,1.5745677947998047,6.7310662269592285,-1.4251863956451416,-0.6150743961334229,3.1399893760681152,-3.13816499710083,2.3678619861602783,3.7857539653778076,-1.3414299488067627,3.779834747314453,8.677690505981445,4.48118782043457,0.7886629700660706,1.1475080251693726,-2.762619972229004,0.45420584082603455,2.955120801925659,-0.8404690623283386,0.0836935043334961,2.989185333251953,-1.8499079942703247,-1.7087675333023071,4.74721622467041,-3.098447799682617,-2.439760208129883,2.567169189453125,0.2799684405326843,0.5184922814369202,0.49991172552108765,0.4308711290359497,0.32552123069763184,0.23318593204021454,0.2442319393157959,0.3154299855232239,0.34442585706710815,0.303861141204834,0.23862162232398987,0.2600487470626831,0.33028843998908997,0.3459439277648926,0.3037668466567993,0.2674761414527893,0.2203824520111084,0.17534728348255157,0.2787493169307709,0.2969604432582855,0.1926886886358261,0.2059064358472824,0.1988915652036667,0.2687474191188812,0.28049272298812866,0.2415773868560791,0.2930854558944702,0.3559015989303589,0.3878158628940582,0.48426157236099243,0.5305957794189453,0.5576390027999878,0.6612050533294678,0.6640706062316895,0.634387731552124,0.6611183881759644,0.5888755321502686,0.5536860823631287,0.5004453063011169,0.4582265019416809,0.4666338860988617,0.4952146112918854,0.5530690550804138,0.6067013740539551,0.6195155382156372,0.5756299495697021,0.49591782689094543,0.41711318492889404,0.3846508264541626,0.44873911142349243,0.5727208852767944,0.6558573246002197,0.6751234531402588,0.6426942348480225,0.6176319122314453,0.653456449508667,0.6138702630996704,0.5785805583000183,0.561020016670227,0.5976232886314392,0.6314444541931152,MVP
../data/DWT_NEW/MVP/New_MVP_043.wav,93.74905395507812,-14.982735633850098,4.934328079223633,3.0258164405822754,-6.756048202514648,8.074127197265625,-15.17908000946045,9.757795333862305,-1.6925866603851318,-2.8125760555267334,7.155194282531738,-7.1207194328308105,4.025403022766113,-3.136018753051758,-0.7758908271789551,3.680396556854248,-1.6244945526123047,1.2804313898086548,-2.151472330093384,4.401740074157715,1.5428452491760254,5.490832328796387,-3.858045816421509,1.37973952293396,0.4429818391799927,1.0744370222091675,0.06364339590072632,0.9754251837730408,1.3191022872924805,-1.354270339012146,-1.7347149848937988,0.7830464243888855,3.151629686355591,-0.307634174823761,-1.1134849786758423,-1.6647831201553345,-1.5391020774841309,3.0369763374328613,-0.6150047183036804,1.0899102687835693,0.1821233183145523,0.31979241967201233,0.3617900013923645,0.38289371132850647,0.37323126196861267,0.3271212875843048,0.251918762922287,0.16392472386360168,0.09618376940488815,0.08528219163417816,0.09194307774305344,0.1249939501285553,0.2219904214143753,0.3211755156517029,0.38228467106819153,0.35343921184539795,0.23558324575424194,0.10239124298095703,0.10884233564138412,0.12052349746227264,0.06969989836215973,0.08044032752513885,0.08009789139032364,0.09852515906095505,0.10643836855888367,0.276201069355011,0.359896183013916,0.26226502656936646,0.13650374114513397,0.22187167406082153,0.2353176474571228,0.11548064649105072,0.10761094093322754,0.2577269375324249,0.292453408241272,0.34981992840766907,0.42587417364120483,0.36647331714630127,0.24596889317035675,0.1285102367401123,0.18192054331302643,0.31306445598602295,0.36988580226898193,0.3207579255104065,0.2184593379497528,0.3310421407222748,0.4409039616584778,0.37139183282852173,0.30602920055389404,0.4439563751220703,0.36340707540512085,0.25210076570510864,0.3920184373855591,0.3984069228172302,0.3250527083873749,0.33302417397499084,0.3073553442955017,0.352120041847229,0.3174528479576111,0.3696945309638977,0.339412659406662,MVP
../data/DWT_NEW/MVP/New_MVP_140.wav,5.416794300079346,-75.95925903320312,26.09835433959961,-16.14827537536621,7.61199951171875,-3.203037738800049,1.8880579471588135,-1.8916388750076294,-2.6320815086364746,-3.1197831630706787,-4.260014533996582,3.8068909645080566,-6.2707366943359375,-0.10024762153625488,-1.906812071800232,-2.8598103523254395,5.639470100402832,5.963235378265381,4.794392108917236,1.762323260307312,-3.465362071990967,-2.063939094543457,2.4965860843658447,0.9939233064651489,0.021623551845550537,1.3181087970733643,-1.7274610996246338,4.047645568847656,-4.1212286949157715,-3.8931233882904053,-2.514711380004883,-5.3808274269104,2.37261962890625,-1.8655095100402832,-2.26183819770813,1.4368730783462524,0.012583881616592407,0.1360400915145874,-2.548845052719116,-3.2542853355407715,0.18859916925430298,0.025396473705768585,0.03211023658514023,0.03956467658281326,0.04701320827007294,0.053235433995723724,0.057320017367601395,0.057692889124155045,0.05269325524568558,0.04198680445551872,0.026959072798490524,0.018838897347450256,0.03237181901931763,0.046964194625616074,0.05239981785416603,0.04331168159842491,0.019699452444911003,0.014025202952325344,0.04086541384458542,0.04871787503361702,0.029968108981847763,0.01086837612092495,0.04097326472401619,0.04676877707242966,0.02373369038105011,0.009498964063823223,0.02946259081363678,0.0377805233001709,0.04024865850806236,0.03567800298333168,0.0433063730597496,0.04809749498963356,0.047797638922929764,0.057109296321868896,0.061372701078653336,0.05518346652388573,0.05498339235782623,0.054851170629262924,0.05368165299296379,0.051656149327754974,0.04031096398830414,0.026785405352711678,0.03828440234065056,0.054921217262744904,0.05376806482672691,0.03445516899228096,0.0226678978651762,0.03352612629532814,0.03651166707277298,0.04073844105005264,0.0656009241938591,0.07195138931274414,0.05440950021147728,0.051244135946035385,0.03703931346535683,0.016796542331576347,0.05298135057091713,0.06329413503408432,0.06127963960170746,0.06577907502651215,0.0648522675037384,MVP
../data/DWT_NEW/MVP/New_MVP_106.wav,123.68183898925781,-37.803016662597656,-3.3464138507843018,-11.238265991210938,7.864841461181641,-4.84684419631958,-2.1241402626037598,2.101475238800049,-8.432732582092285,4.306112289428711,-2.4469237327575684,-0.9799236059188843,-5.437916278839111,0.14619702100753784,0.04576429724693298,3.601545810699463,-2.3903729915618896,-0.3663836121559143,-3.0084340572357178,-0.6633076071739197,0.003674924373626709,-3.0895633697509766,2.8971712589263916,0.42336177825927734,-2.165834665298462,3.1095659732818604,-3.3796324729919434,-0.9218673706054688,1.1297423839569092,-1.1856329441070557,-0.19310590624809265,-3.0048294067382812,-0.584550142288208,1.2737250328063965,-1.0036036968231201,-0.422079473733902,-0.7885981798171997,0.5238239765167236,-1.7972640991210938,0.303599089384079,0.28034067153930664,0.09888573735952377,0.09981825947761536,0.08883260190486908,0.06401898711919785,0.02707574889063835,0.031678564846515656,0.08276490122079849,0.12838920950889587,0.15801578760147095,0.1671198010444641,0.15980955958366394,0.15487387776374817,0.17418764531612396,0.19338500499725342,0.19550248980522156,0.1727886199951172,0.13662397861480713,0.10838417708873749,0.09406477957963943,0.10207158327102661,0.13116368651390076,0.15063565969467163,0.21100810170173645,0.2787531912326813,0.24508681893348694,0.143463134765625,0.10409410297870636,0.12889781594276428,0.13343223929405212,0.14909888803958893,0.11047449707984924,0.1575154960155487,0.18255002796649933,0.2156974971294403,0.3099172115325928,0.31986379623413086,0.22620409727096558,0.1875295788049698,0.1508825123310089,0.25044217705726624,0.3096870183944702,0.28932568430900574,0.19700363278388977,0.2412717491388321,0.34872180223464966,0.317562997341156,0.2464371621608734,0.2992766499519348,0.25255775451660156,0.23755744099617004,0.3770219087600708,0.3936692476272583,0.4515717029571533,0.40750062465667725,0.4176632761955261,0.41359657049179077,0.47201067209243774,0.4791696071624756,0.6152372360229492,0.7414053678512573,MVP
../data/DWT_NEW/MVP/New_MVP_089.wav,71.96781921386719,-26.672685623168945,0.4908086061477661,-25.84678840637207,-23.736534118652344,27.039335250854492,-22.34954833984375,7.082461833953857,1.045998215675354,-0.25739264488220215,1.2614444494247437,-2.2664873600006104,4.202452659606934,-2.281839609146118,1.7755985260009766,-1.2200291156768799,2.557924509048462,1.2742822170257568,3.0305020809173584,0.6618467569351196,1.2141785621643066,1.6628397703170776,-0.18325671553611755,1.374746561050415,0.8229925036430359,1.2791857719421387,-0.13905799388885498,4.286816596984863,1.883483648300171,1.8264248371124268,1.2740743160247803,3.2049806118011475,0.8405812978744507,0.35635513067245483,-1.9448723793029785,-0.31260156631469727,-1.6121528148651123,0.5987131595611572,0.39117947220802307,-2.260061740875244,0.19406773149967194,0.12506744265556335,0.1254468411207199,0.11758443713188171,0.10023103654384613,0.07460461556911469,0.04735346883535385,0.02950449474155903,0.024614151567220688,0.013569404371082783,0.033662330359220505,0.08732575178146362,0.1419447958469391,0.1718260943889618,0.1552332043647766,0.09691721946001053,0.037036582827568054,0.040012940764427185,0.03419473022222519,0.033714424818754196,0.04122482240200043,0.03006354719400406,0.04474778473377228,0.04376690462231636,0.0400288924574852,0.09498471021652222,0.13803502917289734,0.11099986732006073,0.06453922390937805,0.09147150814533234,0.10555338859558105,0.05495283007621765,0.029305176809430122,0.09702221304178238,0.11884871125221252,0.17636018991470337,0.21089980006217957,0.16490478813648224,0.09854499995708466,0.052605681121349335,0.18194612860679626,0.27941271662712097,0.2937401235103607,0.1960262507200241,0.11557675898075104,0.2785952687263489,0.34777015447616577,0.22173167765140533,0.24358907341957092,0.4350409209728241,0.37180158495903015,0.2466261088848114,0.46786439418792725,0.37509894371032715,0.48127180337905884,0.4821293354034424,0.37943941354751587,0.5166332721710205,0.4350869357585907,0.462947279214859,0.44962748885154724,MVP
../data/DWT_NEW/MVP/New_MVP_008.wav,72.31499481201172,-11.373287200927734,37.443115234375,-7.22075080871582,-23.981632232666016,24.121356964111328,-18.912803649902344,11.571712493896484,-5.3436503410339355,4.419568061828613,1.7076621055603027,-3.5622167587280273,2.487475872039795,-1.7704472541809082,3.9466426372528076,-0.7662057876586914,5.82117223739624,-1.136675477027893,-0.634934663772583,-9.123807907104492,-2.9319663047790527,0.6691898107528687,4.831010341644287,-2.249171733856201,-1.9522111415863037,2.2927041053771973,2.8563692569732666,-0.2356116771697998,0.3740857243537903,3.121515989303589,-2.8747401237487793,-4.865501880645752,1.194907307624817,6.564352035522461,-2.0814778804779053,-0.5321077108383179,2.559953451156616,0.35560327768325806,-0.9895489811897278,1.6483750343322754,0.20758457481861115,0.1439080536365509,0.07458935678005219,0.0687313973903656,0.1742444634437561,0.28612762689590454,0.373138427734375,0.40725404024124146,0.36496636271476746,0.2467367947101593,0.09247663617134094,0.1603672206401825,0.272960364818573,0.272921621799469,0.1554950773715973,0.15143373608589172,0.2917836904525757,0.30645257234573364,0.19043280184268951,0.07887069135904312,0.06626403331756592,0.11965818703174591,0.14807873964309692,0.19204358756542206,0.2735055088996887,0.27864450216293335,0.30213263630867004,0.35629984736442566,0.443942666053772,0.4096227288246155,0.28498679399490356,0.2226046323776245,0.16438141465187073,0.08792923390865326,0.18934673070907593,0.32914823293685913,0.36530596017837524,0.38511934876441956,0.3027324080467224,0.1528356969356537,0.18685784935951233,0.41730111837387085,0.55570387840271,0.5401496887207031,0.3837369680404663,0.29947629570961,0.41881492733955383,0.40068310499191284,0.20203690230846405,0.31948763132095337,0.4903845489025116,0.4312325119972229,0.34699249267578125,0.44335609674453735,0.38351893424987793,0.3202793002128601,0.2549222707748413,0.32337844371795654,0.3698943555355072,0.25454050302505493,0.22025176882743835,MVP
../data/DWT_NEW/MVP/New_MVP_197.wav,79.09766387939453,-24.9733829498291,17.119688034057617,-34.189720153808594,10.24510383605957,-7.759614944458008,-1.2102360725402832,-2.839498519897461,4.755335807800293,-4.960896968841553,5.933419227600098,-6.076952934265137,6.419915199279785,-9.06051254272461,6.240503311157227,-4.630850791931152,4.03820276260376,-0.7170288562774658,0.44306236505508423,-2.3732190132141113,2.641704559326172,-2.7383501529693604,1.8660502433776855,-0.4335628151893616,-0.057290174067020416,-1.8816125392913818,0.9781430959701538,-1.86757493019104,0.7762318849563599,1.5852198600769043,2.4811201095581055,0.7349915504455566,-0.0681704506278038,2.7266721725463867,-4.264484405517578,1.1024458408355713,-0.18676340579986572,-0.3217300772666931,1.6081100702285767,-0.27624285221099854,0.3417813181877136,0.05242832750082016,0.07579858601093292,0.0848410576581955,0.07330592721700668,0.04284704104065895,0.023866010829806328,0.0656546801328659,0.10435997694730759,0.12907889485359192,0.13827143609523773,0.12715397775173187,0.09114646166563034,0.041781384497880936,0.04784585162997246,0.04631156101822853,0.07558370381593704,0.16064389050006866,0.16483008861541748,0.10328087210655212,0.13500186800956726,0.12902706861495972,0.11204633116722107,0.14280381798744202,0.12019585072994232,0.13797077536582947,0.12829068303108215,0.08493711054325104,0.12281809747219086,0.1843545287847519,0.1178235113620758,0.13311399519443512,0.17436155676841736,0.12025905400514603,0.10340182483196259,0.16512209177017212,0.162327378988266,0.1447598934173584,0.15412768721580505,0.12411631643772125,0.15734800696372986,0.14343446493148804,0.18974338471889496,0.141189306974411,0.046650663018226624,0.14943405985832214,0.16363374888896942,0.1536887288093567,0.06988810002803802,0.11485138535499573,0.10358639806509018,0.05959378927946091,0.10907004773616791,0.10254586488008499,0.10162381827831268,0.10139380395412445,0.1052827462553978,0.12228922545909882,0.1418551504611969,0.1653728187084198,0.196008563041687,MVP
../data/DWT_NEW/MVP/New_MVP_001.wav,91.97288513183594,-62.98686981201172,21.260005950927734,2.548985481262207,8.515157699584961,-15.437841415405273,-11.978739738464355,-17.816967010498047,-10.928001403808594,-6.629918098449707,3.617098093032837,8.577508926391602,-5.553245544433594,-0.38422954082489014,-5.023682117462158,-12.613292694091797,-8.550491333007812,14.321985244750977,5.473947525024414,-10.277061462402344,-2.3967416286468506,-0.35093680024147034,0.4433984160423279,-6.239242076873779,0.30413925647735596,8.516040802001953,-3.2095704078674316,-4.229898452758789,0.8789870738983154,-1.0626914501190186,-1.2071470022201538,2.873852252960205,0.8780142664909363,1.2432491779327393,-0.7192419171333313,-4.543001651763916,2.3571603298187256,2.916883707046509,-1.0946959257125854,-0.4545559287071228,0.32810550928115845,0.061430513858795166,0.06326843798160553,0.05850832536816597,0.04688467085361481,0.03196518123149872,0.025784676894545555,0.03259242698550224,0.03457373380661011,0.023756273090839386,0.019075889140367508,0.05048517510294914,0.07923076301813126,0.09382619708776474,0.07567673921585083,0.03876456245779991,0.03196736425161362,0.03745562583208084,0.042248521000146866,0.10654747486114502,0.139288067817688,0.10282763838768005,0.06684811413288116,0.08325767517089844,0.1587088406085968,0.1782311052083969,0.11898106336593628,0.11987042427062988,0.19304022192955017,0.18094588816165924,0.11153088510036469,0.18086977303028107,0.19259047508239746,0.1383950412273407,0.2259514331817627,0.20654645562171936,0.23168647289276123,0.24452823400497437,0.22399723529815674,0.22209352254867554,0.21055354177951813,0.21888691186904907,0.24550902843475342,0.24789811670780182,0.23466402292251587,0.20688170194625854,0.20485183596611023,0.2121332287788391,0.1958656907081604,0.15347498655319214,0.11454403400421143,0.10387349128723145,0.08363626897335052,0.06938967108726501,0.055469416081905365,0.08525498956441879,0.10730363428592682,0.0895758718252182,0.06810969114303589,0.07438470423221588,0.07190495729446411,MVP
../data/DWT_NEW/MVP/New_MVP_120.wav,140.0610809326172,-20.240753173828125,-6.308157920837402,5.8044514656066895,-2.8005192279815674,-3.5183422565460205,4.9490156173706055,-3.8671517372131348,-2.931180953979492,-0.24084222316741943,-1.5831937789916992,-5.8933210372924805,-2.6455230712890625,-0.7014580368995667,-1.8516943454742432,3.8908438682556152,-1.4785363674163818,3.6236822605133057,7.828291893005371,2.7287378311157227,7.0522966384887695,9.006807327270508,1.3852341175079346,4.086332321166992,5.686659336090088,4.070024490356445,4.012619972229004,7.113908767700195,-2.205275535583496,-2.980872631072998,1.5573935508728027,1.6144901514053345,2.0401382446289062,1.9686520099639893,-1.0709919929504395,1.8720948696136475,4.563170433044434,-5.026220321655273,-1.9889293909072876,2.8379244804382324,0.2723788619041443,0.3098706007003784,0.32403385639190674,0.2832959294319153,0.1857403814792633,0.05347274988889694,0.15019048750400543,0.3086632490158081,0.41169029474258423,0.42397335171699524,0.339500367641449,0.20809334516525269,0.19467127323150635,0.24290814995765686,0.19672340154647827,0.09017442166805267,0.14693650603294373,0.1847308874130249,0.13070347905158997,0.16681089997291565,0.17938587069511414,0.1082058846950531,0.028619693592190742,0.07560328394174576,0.09008081257343292,0.08314728736877441,0.2095623016357422,0.3078860640525818,0.2659701108932495,0.35047411918640137,0.5193824172019958,0.4755886197090149,0.46817174553871155,0.6104311943054199,0.4900062382221222,0.5220445990562439,0.49383172392845154,0.4139084219932556,0.3993004560470581,0.34384119510650635,0.2892259359359741,0.21489813923835754,0.21832919120788574,0.29218384623527527,0.3743545114994049,0.4622233211994171,0.4744960069656372,0.4262317419052124,0.4288204312324524,0.5057365894317627,0.5167070031166077,0.4479478597640991,0.4866235554218292,0.5258957147598267,0.5585891008377075,0.5387578010559082,0.487165629863739,0.5324586629867554,0.5277160406112671,0.5243381261825562,0.5838164687156677,MVP
../data/DWT_NEW/MVP/New_MVP_127.wav,27.06355857849121,-83.47864532470703,32.95097351074219,-22.906354904174805,10.08891487121582,-12.222391128540039,0.4278796315193176,0.5984591245651245,-1.05610191822052,-3.280945301055908,-6.348836898803711,-1.3198846578598022,2.299274206161499,3.1149730682373047,2.222879409790039,-1.4025442600250244,1.2612788677215576,3.3807449340820312,-2.533578634262085,-0.6511011123657227,0.8576576113700867,1.1474974155426025,0.8150840997695923,-1.2872792482376099,2.188861846923828,-1.38310706615448,3.801307201385498,2.32034969329834,0.9767903089523315,0.3038679361343384,-2.153010606765747,2.4616036415100098,-0.27238792181015015,-2.9081311225891113,0.7231420278549194,-1.3004869222640991,0.8174645900726318,-0.07261192798614502,-3.3583288192749023,-1.627197504043579,0.31373152136802673,0.04116597771644592,0.04319868981838226,0.0433451272547245,0.04038210213184357,0.033284641802310944,0.022153709083795547,0.00829436257481575,0.010818294249475002,0.02531295269727707,0.03568785637617111,0.038834959268569946,0.03652741014957428,0.03634054586291313,0.047461964190006256,0.059619173407554626,0.06110590323805809,0.046912599354982376,0.024319682270288467,0.02398436702787876,0.03287580609321594,0.026239104568958282,0.032096341252326965,0.04379836842417717,0.036881837993860245,0.01923942379653454,0.011322923004627228,0.029198143631219864,0.0487712137401104,0.05235941708087921,0.03806455433368683,0.019519589841365814,0.038499291986227036,0.054728686809539795,0.047281209379434586,0.040528930723667145,0.04844942316412926,0.05535368248820305,0.05846932530403137,0.06001307815313339,0.06276070326566696,0.06451631337404251,0.06466399133205414,0.06960531324148178,0.06833900511264801,0.05230770260095596,0.03508459031581879,0.030094802379608154,0.02954711765050888,0.020038345828652382,0.0288851335644722,0.02591123804450035,0.015183272771537304,0.04510098695755005,0.03768857941031456,0.04557860270142555,0.04117400571703911,0.04432898014783859,0.048908546566963196,0.0412360355257988,0.02216443419456482,MVP
../data/DWT_NEW/MVP/New_MVP_170.wav,19.53366470336914,-93.92823791503906,27.512516021728516,-23.47738265991211,15.226003646850586,-3.7274670600891113,7.945486068725586,-3.2000322341918945,-2.1252424716949463,7.419301509857178,11.334223747253418,6.901476860046387,-8.255443572998047,1.709330439567566,1.101947546005249,-9.982484817504883,-1.650469183921814,0.1522405743598938,0.7960999011993408,0.5743989944458008,-1.845730185508728,1.1615264415740967,2.823326349258423,-4.228939056396484,-4.438480377197266,3.587531089782715,5.0930962562561035,2.547900915145874,-3.06042218208313,0.6107612252235413,-0.9937097430229187,-8.19897747039795,-1.5510519742965698,-0.10525166988372803,-2.031656265258789,-7.366335868835449,-0.5354194641113281,-0.4922524392604828,-0.7260791063308716,-1.8539361953735352,0.33024120330810547,0.025922264903783798,0.024529431015253067,0.024852750822901726,0.02677033096551895,0.02938236854970455,0.03149968758225441,0.03222642093896866,0.03234538435935974,0.035432979464530945,0.04494106397032738,0.059150926768779755,0.07262106239795685,0.07689791917800903,0.06981242448091507,0.049204446375370026,0.025331711396574974,0.0300433486700058,0.03664657846093178,0.01634526625275612,0.02605716697871685,0.06147121638059616,0.06018126383423805,0.022098693996667862,0.03657880425453186,0.05297910049557686,0.03819112107157707,0.02119770459830761,0.009285964071750641,0.009671897627413273,0.009845943190157413,0.02609623596072197,0.04398518428206444,0.04321105778217316,0.03569508716464043,0.04522647336125374,0.041493941098451614,0.020622875541448593,0.011926681734621525,0.03029312938451767,0.04277092590928078,0.044646091759204865,0.031102221459150314,0.002127835527062416,0.030654340982437134,0.052836548537015915,0.05488096922636032,0.035555120557546616,0.02730431966483593,0.04697039723396301,0.04825396090745926,0.02933732606470585,0.01856277883052826,0.011005780659615993,0.03167080506682396,0.039896562695503235,0.038189712911844254,0.03962686285376549,0.03443517908453941,0.023697249591350555,0.004124180879443884,MVP
../data/DWT_NEW/MVP/New_MVP_086.wav,79.55458068847656,-13.620771408081055,3.123377799987793,-21.014280319213867,-20.386852264404297,23.963237762451172,-24.06070899963379,11.31637191772461,-4.045116424560547,-1.1240036487579346,1.6986274719238281,-2.455448865890503,1.5258572101593018,-1.5868639945983887,1.6959104537963867,-2.4260854721069336,0.33652979135513306,-0.6663230657577515,2.2648396492004395,-1.2052876949310303,2.7000668048858643,2.862653970718384,0.18857112526893616,-0.7435443997383118,3.1129884719848633,-0.21778647601604462,-2.2634339332580566,0.8156078457832336,0.9673668742179871,-1.2588989734649658,-0.006524637341499329,1.652306318283081,2.3561344146728516,2.309156894683838,-1.8559441566467285,-1.3311901092529297,-0.3741720914840698,2.047712564468384,0.6902040243148804,-0.9694123268127441,0.18760833144187927,0.1246342808008194,0.1403542459011078,0.1451374888420105,0.13480019569396973,0.10811883956193924,0.07155393064022064,0.04573672264814377,0.06274274736642838,0.08600854873657227,0.0940966010093689,0.0945192351937294,0.11309455335140228,0.1379150003194809,0.15522226691246033,0.14004969596862793,0.09621847420930862,0.06458038836717606,0.0871320366859436,0.09261688590049744,0.07062026113271713,0.043024785816669464,0.035528309643268585,0.08099373430013657,0.09504316002130508,0.15387317538261414,0.19217073917388916,0.1463971734046936,0.10517188161611557,0.12693952023983002,0.14076176285743713,0.09652440249919891,0.12389504909515381,0.1729799509048462,0.20464538037776947,0.2699328660964966,0.30973297357559204,0.27188873291015625,0.1998661309480667,0.10954491794109344,0.11668884754180908,0.20075801014900208,0.20722997188568115,0.11763086169958115,0.19025331735610962,0.39193087816238403,0.4592658281326294,0.33319365978240967,0.3282032608985901,0.4821208119392395,0.36101430654525757,0.21753263473510742,0.43736279010772705,0.3142911195755005,0.5487726926803589,0.5865646004676819,0.31711259484291077,0.39058107137680054,0.3448861241340637,0.38916993141174316,0.4219200909137726,MVP
../data/DWT_NEW/MVP/New_MVP_021.wav,63.75044250488281,-16.465747833251953,25.606307983398438,-10.605817794799805,-15.991470336914062,17.289119720458984,-20.972152709960938,17.143829345703125,-6.062456130981445,0.23139777779579163,3.4648427963256836,-3.5938758850097656,2.4725677967071533,1.582229495048523,0.4890121817588806,-3.9786674976348877,3.458986282348633,1.1383907794952393,4.761914253234863,-2.7226662635803223,-3.8052401542663574,-0.5371756553649902,3.8152709007263184,0.3822227120399475,-1.4314723014831543,-0.9594197273254395,1.5593562126159668,4.215980529785156,-0.5695765018463135,-0.9286131262779236,-0.8919157981872559,-5.755166530609131,-4.542229652404785,6.600831985473633,-0.6505486369132996,-2.5027410984039307,4.540060043334961,0.5429835319519043,-0.48950350284576416,2.6937530040740967,0.17832878232002258,0.10940765589475632,0.06654530763626099,0.05831915885210037,0.12541761994361877,0.20426800847053528,0.2677631378173828,0.29451245069503784,0.2668501138687134,0.18446961045265198,0.07537026703357697,0.12406361103057861,0.21400320529937744,0.2284555435180664,0.15266548097133636,0.08320949971675873,0.18675968050956726,0.23483023047447205,0.176254540681839,0.08663336932659149,0.08880122005939484,0.08455269783735275,0.08439116179943085,0.08570858836174011,0.14474764466285706,0.15249718725681305,0.1591009497642517,0.1982996165752411,0.28387248516082764,0.27680957317352295,0.2106109857559204,0.16524836421012878,0.14205390214920044,0.08529330044984818,0.1264202892780304,0.25676408410072327,0.30842024087905884,0.34874266386032104,0.32004985213279724,0.1863936483860016,0.03923854976892471,0.22012175619602203,0.3768480718135834,0.41488009691238403,0.30555281043052673,0.18562264740467072,0.3072383403778076,0.3693060278892517,0.24039609730243683,0.23101389408111572,0.36491668224334717,0.3050236403942108,0.2258199155330658,0.34338831901550293,0.3336818516254425,0.29775571823120117,0.21727228164672852,0.1971140205860138,0.23712784051895142,0.21231569349765778,0.1730847954750061,MVP
../data/DWT_NEW/MVP/New_MVP_041.wav,87.78010559082031,-28.564746856689453,13.886714935302734,2.243105888366699,0.4736829400062561,8.968114852905273,-14.35247802734375,8.074548721313477,-1.9016432762145996,-4.299618244171143,6.005804061889648,-3.917752265930176,2.4175543785095215,-2.022319793701172,-0.38851892948150635,-1.2262227535247803,-3.1722612380981445,0.5443359613418579,1.6170399188995361,4.694411277770996,2.164336681365967,5.193404197692871,-0.22437921166419983,-2.1508123874664307,0.7212257981300354,5.399293422698975,-1.2792162895202637,-1.6428380012512207,3.819058895111084,3.047875165939331,-1.1635475158691406,0.08396995067596436,4.343282222747803,0.2852672338485718,-0.27107053995132446,0.9996169805526733,-3.3029184341430664,-0.6039773225784302,3.841057538986206,-3.977710247039795,0.19410386681556702,0.206746906042099,0.27882665395736694,0.33960384130477905,0.374685138463974,0.3714649975299835,0.3272608518600464,0.24558456242084503,0.14156338572502136,0.04762006551027298,0.07123640179634094,0.11939148604869843,0.1620502471923828,0.20846793055534363,0.2626281678676605,0.2686436176300049,0.20563898980617523,0.10409349203109741,0.0349014475941658,0.03089502453804016,0.05079122632741928,0.09366224706172943,0.12037257105112076,0.12961654365062714,0.1011257991194725,0.2379201054573059,0.31455591320991516,0.24142831563949585,0.19000959396362305,0.22386211156845093,0.25252270698547363,0.20291079580783844,0.14642706513404846,0.20391671359539032,0.20954370498657227,0.2406785488128662,0.32072579860687256,0.26331260800361633,0.1875406801700592,0.1109887883067131,0.18425360321998596,0.25329530239105225,0.2588275671005249,0.16483324766159058,0.11553291976451874,0.2756715714931488,0.3935350477695465,0.35332027077674866,0.21817085146903992,0.30065155029296875,0.26009443402290344,0.10486481338739395,0.21102651953697205,0.21147766709327698,0.2571181654930115,0.331887423992157,0.2796715795993805,0.24584990739822388,0.18297699093818665,0.3076491355895996,0.23967398703098297,MVP
../data/DWT_NEW/MVP/New_MVP_016.wav,61.68575668334961,-14.327901840209961,19.891551971435547,-5.253444194793701,-20.39980697631836,14.27578067779541,-19.496414184570312,16.836856842041016,-11.663102149963379,5.997014045715332,0.16390958428382874,-1.0881706476211548,2.975370407104492,-0.5309168100357056,2.4940900802612305,0.9433419704437256,3.8925609588623047,1.7446999549865723,7.281694412231445,1.918051838874817,3.492518186569214,-0.5922170877456665,2.6452488899230957,1.6626704931259155,2.5149755477905273,-2.3799126148223877,2.8979835510253906,0.8695777654647827,-2.797909736633301,0.22361406683921814,-0.45315009355545044,-5.079782485961914,-1.35894775390625,-2.206923246383667,-0.584351658821106,2.0171146392822266,-2.0214152336120605,1.2566413879394531,0.9983059763908386,-0.2603025436401367,0.16710582375526428,0.17923694849014282,0.19131717085838318,0.20295724272727966,0.21357804536819458,0.22234496474266052,0.22965097427368164,0.2315402626991272,0.22130629420280457,0.19620223343372345,0.15899616479873657,0.12555290758609772,0.12041465938091278,0.13440963625907898,0.1458820402622223,0.18364548683166504,0.24016684293746948,0.261427640914917,0.21744070947170258,0.1275601089000702,0.05911490321159363,0.06979022920131683,0.04969073832035065,0.023508820682764053,0.05006864666938782,0.061618246138095856,0.031918566673994064,0.11934539675712585,0.21499648690223694,0.21086162328720093,0.127448171377182,0.0951271653175354,0.11019667237997055,0.09089626371860504,0.10079154372215271,0.16112132370471954,0.1849943995475769,0.25032520294189453,0.2551524043083191,0.1793912649154663,0.10400132834911346,0.1925344467163086,0.31128230690956116,0.33915624022483826,0.23462051153182983,0.10090218484401703,0.2566733956336975,0.3285501003265381,0.2370433509349823,0.17302274703979492,0.3370736837387085,0.3060077428817749,0.2729698419570923,0.3278645873069763,0.19064545631408691,0.21664130687713623,0.2985817790031433,0.2606998682022095,0.1905902773141861,0.2195395678281784,0.17744211852550507,MVP
../data/DWT_NEW/MVP/New_MVP_101.wav,94.9603271484375,-37.52333068847656,12.079158782958984,-18.814620971679688,0.9179677963256836,1.6955006122589111,2.6830387115478516,-3.6138594150543213,7.830219268798828,-5.164305686950684,7.99815559387207,-1.5372600555419922,-3.2895216941833496,5.93654727935791,-4.528120517730713,3.303365468978882,-1.0661801099777222,-3.176206588745117,0.6209807991981506,-1.2727676630020142,1.984011173248291,0.6747763156890869,3.458643913269043,-2.3796427249908447,3.443042039871216,1.6434632539749146,-1.1407721042633057,-1.1507917642593384,-3.516313076019287,-0.8801879286766052,-3.3478949069976807,0.19017207622528076,1.0866529941558838,0.025896549224853516,1.8132234811782837,-1.7058846950531006,4.719751834869385,9.828902244567871,5.962052345275879,0.4965195655822754,0.22669975459575653,0.09280531108379364,0.07430526614189148,0.05565151199698448,0.050231948494911194,0.07103647291660309,0.10541239380836487,0.1414230316877365,0.16991329193115234,0.18616390228271484,0.1862679421901703,0.1666785627603531,0.13182564079761505,0.09373240172863007,0.059952087700366974,0.06513781100511551,0.09130728244781494,0.10465052723884583,0.09721250087022781,0.0979311615228653,0.14622099697589874,0.20305560529232025,0.21532724797725677,0.17215904593467712,0.15795548260211945,0.21551483869552612,0.23941577970981598,0.22993230819702148,0.2446650117635727,0.22866526246070862,0.14519786834716797,0.1034538522362709,0.1013934388756752,0.14769412577152252,0.22102852165699005,0.24035093188285828,0.2610107958316803,0.3238352835178375,0.29662764072418213,0.17380842566490173,0.10906694084405899,0.12854956090450287,0.24832260608673096,0.34495726227760315,0.34752485156059265,0.2580316960811615,0.09100686013698578,0.16000796854496002,0.3144723176956177,0.3538465201854706,0.3322482109069824,0.3926246762275696,0.45807313919067383,0.41672202944755554,0.39684852957725525,0.4752989411354065,0.5109646320343018,0.5410872101783752,0.603032112121582,0.6524506211280823,0.6582291126251221,MVP
../data/DWT_NEW/MVP/New_MVP_066.wav,68.44567108154297,-26.893497467041016,6.965770244598389,-29.90017318725586,-19.837690353393555,22.104158401489258,-20.96820831298828,4.755270004272461,2.333185911178589,-4.197187423706055,2.5203030109405518,-2.6461758613586426,2.466581344604492,-2.4531610012054443,0.6762417554855347,-1.36699378490448,-0.008169718086719513,1.1999059915542603,2.200763702392578,2.0112433433532715,0.16170239448547363,0.7726551294326782,-0.855984091758728,1.6031900644302368,0.7684805393218994,-0.02253386378288269,-0.03036653995513916,3.313863754272461,1.8202897310256958,0.66396164894104,3.369023561477661,2.7824575901031494,0.41226112842559814,0.9884702563285828,-0.8560765981674194,-3.389918327331543,0.8193932175636292,0.27161523699760437,-1.3363935947418213,-0.2803223729133606,0.1815454065799713,0.07955425977706909,0.09799224138259888,0.10959899425506592,0.1098565086722374,0.09645374119281769,0.07301269471645355,0.051460377871990204,0.052826352417469025,0.06554833054542542,0.06674458831548691,0.05878998711705208,0.07394837588071823,0.10063133388757706,0.11118701845407486,0.09580552577972412,0.0784037783741951,0.08328799903392792,0.07019008696079254,0.03653489798307419,0.02805984765291214,0.02842482551932335,0.04549899324774742,0.04102311283349991,0.049035608768463135,0.08916135877370834,0.14881399273872375,0.15405549108982086,0.12880340218544006,0.12747935950756073,0.13581408560276031,0.122629314661026,0.0823526382446289,0.07303884625434875,0.09058302640914917,0.13923262059688568,0.19471123814582825,0.1819375604391098,0.13305096328258514,0.096611388027668,0.1652909368276596,0.2585429549217224,0.2934936285018921,0.22414430975914001,0.10596337169408798,0.2614055275917053,0.3416086435317993,0.23765432834625244,0.2383754551410675,0.43549346923828125,0.3957754969596863,0.2377312332391739,0.4536599814891815,0.3501856029033661,0.39254051446914673,0.4210151433944702,0.3667543828487396,0.47225233912467957,0.3885970711708069,0.40341103076934814,0.4359440505504608,MVP
../data/DWT_NEW/MVP/New_MVP_013.wav,63.683624267578125,-16.960233688354492,40.75883483886719,-16.44222640991211,-15.788126945495605,16.807693481445312,-18.974491119384766,16.086055755615234,-8.165830612182617,2.885986804962158,4.986220359802246,-3.6492888927459717,1.6631877422332764,-0.40479472279548645,0.5340476036071777,-3.5634026527404785,-4.435628890991211,-5.924415111541748,4.924613952636719,3.655569314956665,2.446686267852783,1.3634458780288696,1.3715102672576904,0.16744351387023926,-0.08768868446350098,1.427417516708374,3.3611884117126465,-0.9449669122695923,-3.1128146648406982,2.76002836227417,-0.4778083562850952,0.3342881202697754,1.8562288284301758,-3.829106569290161,-0.6616905927658081,7.914610385894775,0.6383838057518005,-2.3140721321105957,3.1646294593811035,2.9268038272857666,0.20004159212112427,0.19725152850151062,0.18530718982219696,0.18128447234630585,0.19288718700408936,0.2146291434764862,0.23080027103424072,0.22207936644554138,0.17466983199119568,0.09169117361307144,0.053468067198991776,0.15204983949661255,0.22456252574920654,0.24238136410713196,0.21132580935955048,0.18364959955215454,0.18953604996204376,0.15952454507350922,0.08618038147687912,0.08419852703809738,0.10052657127380371,0.06047728657722473,0.0508720725774765,0.15651139616966248,0.2345726490020752,0.20037613809108734,0.11753249913454056,0.1704641878604889,0.32098105549812317,0.2894397974014282,0.12781821191310883,0.06889320909976959,0.08329605311155319,0.1050175279378891,0.18968898057937622,0.29128319025039673,0.30820512771606445,0.3379726707935333,0.2883574962615967,0.15463076531887054,0.07299581915140152,0.2188878208398819,0.32297778129577637,0.3134813904762268,0.20659011602401733,0.25135934352874756,0.4003494679927826,0.39435720443725586,0.19819486141204834,0.2191329300403595,0.3635360896587372,0.3135753870010376,0.2881225645542145,0.31676143407821655,0.28561022877693176,0.33197420835494995,0.2691301107406616,0.1848229467868805,0.23043294250965118,0.2408175766468048,0.1854788213968277,MVP
../data/DWT_NEW/MVP/New_MVP_141.wav,18.92608642578125,-77.25634765625,34.19554901123047,-18.72952651977539,10.968929290771484,-11.984077453613281,6.103547096252441,-0.11625275015830994,5.324505805969238,8.804977416992188,-1.2829781770706177,-2.9878358840942383,-1.7380759716033936,7.13742208480835,-0.06721752882003784,-2.6200122833251953,2.5175561904907227,3.695466995239258,8.186830520629883,7.002918243408203,5.811018943786621,0.6275285482406616,1.7438856363296509,4.024035453796387,-0.04881250858306885,0.6701986193656921,-1.083587646484375,-1.581852912902832,-1.6665974855422974,4.271969318389893,-0.38645434379577637,-3.1145434379577637,-3.5515193939208984,3.0097413063049316,2.950226306915283,0.4335702061653137,0.670028805732727,-6.125324249267578,-1.3182231187820435,-2.5897574424743652,0.2669552266597748,0.06488056480884552,0.06269226223230362,0.05890077352523804,0.052739955484867096,0.043612413108348846,0.031965430825948715,0.018244847655296326,0.005358546506613493,0.016262350603938103,0.03421364724636078,0.054091908037662506,0.07551434636116028,0.09562709927558899,0.11065904796123505,0.11434057354927063,0.10264125466346741,0.07548731565475464,0.04227792099118233,0.024899829179048538,0.03021359257400036,0.023457884788513184,0.01714690774679184,0.022751959040760994,0.021499384194612503,0.02824949473142624,0.030715899541974068,0.021849054843187332,0.020414315164089203,0.02200726419687271,0.030387427657842636,0.04272943735122681,0.05340795964002609,0.06008302420377731,0.06219981983304024,0.05397084355354309,0.05064351111650467,0.05362970381975174,0.05083132162690163,0.047894079238176346,0.0367012619972229,0.017636854201555252,0.014341882430016994,0.019633859395980835,0.03584704548120499,0.04421982169151306,0.03731150180101395,0.02612575888633728,0.025923240929841995,0.032418638467788696,0.04286554455757141,0.03197183459997177,0.025909844785928726,0.030975550413131714,0.021832698956131935,0.023840026929974556,0.02166943997144699,0.027867674827575684,0.0312337726354599,0.02640092745423317,0.03365647792816162,MVP
../data/DWT_NEW/MVP/New_MVP_131.wav,11.228424072265625,-71.28361511230469,28.658239364624023,-24.04945182800293,16.62004852294922,-5.510498046875,6.50955057144165,1.7132759094238281,-4.6103081703186035,2.6415297985076904,4.913322448730469,-1.586375117301941,-10.5482759475708,-3.4025774002075195,0.9974372386932373,-3.0284430980682373,-2.8418922424316406,1.228417158126831,4.233473777770996,5.2796807289123535,1.015590786933899,-2.4155380725860596,2.2264485359191895,-4.122982025146484,-7.229127883911133,-1.527825117111206,0.5653759837150574,-0.5318191051483154,-4.983803749084473,-2.7992916107177734,0.6183416843414307,0.1063721776008606,-3.294487476348877,-0.505424439907074,0.8430873155593872,0.9622450470924377,-5.5867462158203125,-0.9110190868377686,2.1300034523010254,-3.034593105316162,0.22029389441013336,0.014946424402296543,0.01637638360261917,0.01766345091164112,0.020807720720767975,0.02850322425365448,0.04161077365279198,0.05842237547039986,0.07531097531318665,0.08824551850557327,0.09233669936656952,0.08246736228466034,0.058320820331573486,0.026183363050222397,0.030358988791704178,0.05812951922416687,0.06669265031814575,0.05011546611785889,0.02779821865260601,0.05385074019432068,0.07451953738927841,0.0686274915933609,0.04424230009317398,0.022662848234176636,0.029695451259613037,0.05776899680495262,0.06666973233222961,0.05887753516435623,0.05415859818458557,0.05236188322305679,0.055090926587581635,0.05107341706752777,0.04036446660757065,0.04761068895459175,0.052571624517440796,0.05032312124967575,0.050924379378557205,0.03879448026418686,0.02973102778196335,0.03305799514055252,0.042210694402456284,0.04957767575979233,0.04999672994017601,0.0390956737101078,0.017639629542827606,0.02765885554254055,0.04591168090701103,0.04588013142347336,0.040314603596925735,0.057438723742961884,0.0608794279396534,0.03328590467572212,0.021924633532762527,0.04699232056736946,0.051122769713401794,0.043585777282714844,0.027999283745884895,0.013829653151333332,0.02359893172979355,0.038363486528396606,0.03548913076519966,MVP
../data/DWT_NEW/MVP/New_MVP_003.wav,121.21624755859375,-60.958274841308594,16.22098159790039,5.833942890167236,3.930047035217285,-18.763484954833984,-19.390640258789062,-19.53325080871582,-8.127714157104492,-7.051329135894775,-0.5695022344589233,4.094947814941406,-7.403738021850586,-3.660858154296875,-5.563977241516113,-10.01789379119873,-10.986892700195312,9.384955406188965,7.337441444396973,-11.155380249023438,-6.308526039123535,-1.7184919118881226,1.4813023805618286,-3.5815589427948,-1.5933984518051147,4.634455680847168,-3.661515235900879,-6.654940128326416,-0.11626362800598145,-0.18712717294692993,-1.4533970355987549,2.4770092964172363,-2.229769706726074,-2.4287667274475098,-0.9537529349327087,-4.053154945373535,1.0880461931228638,1.519568920135498,-6.264050483703613,-5.037127494812012,0.39383143186569214,0.03948313370347023,0.043355055153369904,0.04554842412471771,0.04373650997877121,0.0367976576089859,0.02925657294690609,0.03452472761273384,0.05123259127140045,0.06483454257249832,0.06547912955284119,0.04835035279393196,0.0259858388453722,0.06466956436634064,0.09771843254566193,0.09216070920228958,0.04976089671254158,0.09332635998725891,0.1310276985168457,0.09955982863903046,0.11486785113811493,0.1577603667974472,0.128352090716362,0.16672444343566895,0.16791091859340668,0.17933103442192078,0.19250822067260742,0.20342707633972168,0.2188178300857544,0.23719522356987,0.2619873881340027,0.2913663387298584,0.3242839276790619,0.35659706592559814,0.3835967779159546,0.3972051739692688,0.39526307582855225,0.3850667476654053,0.3798184394836426,0.39515531063079834,0.4354012608528137,0.47023677825927734,0.4759843349456787,0.436674028635025,0.37920907139778137,0.3744004964828491,0.427665650844574,0.4459041953086853,0.36863911151885986,0.2244819700717926,0.20877116918563843,0.2680548429489136,0.23513337969779968,0.1593409776687622,0.07737603783607483,0.1352408230304718,0.2664557695388794,0.24109941720962524,0.12553660571575165,0.21370404958724976,0.3069267272949219,MVP
../data/DWT_NEW/MS/New_MS_014.wav,-0.9959607124328613,-85.87369537353516,33.562042236328125,-21.532854080200195,-4.608345031738281,-2.7588186264038086,-0.39151865243911743,-6.001213073730469,-10.99332046508789,-7.414641380310059,-12.345133781433105,5.930262565612793,-5.891183853149414,5.630400657653809,-6.9895148277282715,12.333358764648438,-0.5212767124176025,-1.2363601922988892,5.200117588043213,7.952564239501953,-1.0654865503311157,0.85097336769104,-0.23276746273040771,1.3719199895858765,2.564448356628418,7.343435764312744,4.959804058074951,-0.8656846284866333,3.9019875526428223,2.829608917236328,0.18849757313728333,4.0663862228393555,0.6450490951538086,-0.6704750061035156,1.045435905456543,-1.875270128250122,3.5978684425354004,-3.6533336639404297,-1.7901138067245483,-3.7735042572021484,0.20178385078907013,0.021277157589793205,0.023918891325592995,0.026325207203626633,0.028017880395054817,0.028719281777739525,0.02828364446759224,0.026421887800097466,0.022734027355909348,0.01726675219833851,0.01007138006389141,0.0019724061712622643,0.008704060688614845,0.018725229427218437,0.02560117468237877,0.029717201367020607,0.030049137771129608,0.026002047583460808,0.01825636811554432,0.008445323444902897,0.003070282284170389,0.008489624597132206,0.009255759418010712,0.004485621582716703,0.007226223591715097,0.019518226385116577,0.030835499987006187,0.04561421647667885,0.06294233351945877,0.07348538935184479,0.07118392735719681,0.058817751705646515,0.04375087842345238,0.037879254668951035,0.05568552017211914,0.08226463943719864,0.10139969736337662,0.10098068416118622,0.07445859909057617,0.0187999177724123,0.05995161831378937,0.11411411315202713,0.1205931156873703,0.08133942633867264,0.04103690758347511,0.07337237149477005,0.08259466290473938,0.05536402016878128,0.06634793430566788,0.08706743270158768,0.06914835423231125,0.05809153988957405,0.06053860858082771,0.061738546937704086,0.06647376716136932,0.06324978172779083,0.06391541659832001,0.0723721981048584,0.08528313040733337,0.0964764952659607,0.09748969972133636,MS
../data/DWT_NEW/MS/New_MS_161.wav,96.99223327636719,-60.237892150878906,18.591737747192383,-16.392337799072266,6.545684337615967,5.425700664520264,-2.5574638843536377,2.0821242332458496,-6.62596321105957,2.4375829696655273,-1.947324275970459,7.346846580505371,1.520279884338379,-2.4223339557647705,-4.327193260192871,0.01775968074798584,2.8681700229644775,-6.299142837524414,2.18131685256958,2.8873744010925293,-3.544192314147949,1.7330501079559326,-0.7960841655731201,-1.5327093601226807,-1.0212026834487915,-0.04050225019454956,-0.1493711620569229,-0.5063203573226929,1.0341076850891113,-0.22055503726005554,1.204129934310913,-0.012188732624053955,0.07420361042022705,-0.95987868309021,-0.9625094532966614,-0.3141098916530609,0.7705860733985901,0.9411954879760742,0.7257036566734314,-0.8793321847915649,0.33414068818092346,0.0744960606098175,0.05966993421316147,0.04625755548477173,0.03556983172893524,0.02737535908818245,0.023969706147909164,0.03868504986166954,0.06997624039649963,0.10396406054496765,0.12468422949314117,0.1192474216222763,0.10649578273296356,0.1465611755847931,0.2048356831073761,0.21171362698078156,0.14057821035385132,0.07874345034360886,0.1413046419620514,0.1427438110113144,0.09088204056024551,0.08285729587078094,0.08044616878032684,0.09734074771404266,0.10285311192274094,0.13819648325443268,0.13585230708122253,0.10672474652528763,0.15881112217903137,0.17261455953121185,0.15064600110054016,0.10296027362346649,0.06369383633136749,0.11180707067251205,0.1842012256383896,0.1625697910785675,0.07618480175733566,0.09859391301870346,0.15889301896095276,0.1755194365978241,0.14261719584465027,0.11430314183235168,0.11994756013154984,0.191668301820755,0.1854580044746399,0.09959353506565094,0.16098341345787048,0.1884550303220749,0.10839886963367462,0.13884508609771729,0.1413443237543106,0.12798051536083221,0.16584166884422302,0.18288996815681458,0.19573405385017395,0.21842613816261292,0.23599402606487274,0.25870656967163086,0.2823631763458252,0.29806625843048096,0.32429924607276917,MS
../data/DWT_NEW/MS/New_MS_110.wav,79.94453430175781,-44.74461364746094,29.103811264038086,-6.4451799392700195,-12.093257904052734,7.176788330078125,-4.975027084350586,3.4735145568847656,-6.504319190979004,3.7611663341522217,3.7959704399108887,-2.616990089416504,-1.648897647857666,1.0265965461730957,3.241703987121582,-3.159306049346924,-0.8080752491950989,0.9529157876968384,3.3618197441101074,-0.7557491064071655,1.0217792987823486,0.509934663772583,3.296489715576172,-4.537998199462891,1.4734448194503784,1.9935005903244019,1.5456244945526123,-2.435222625732422,-0.4186442196369171,-1.53369140625,0.22322385013103485,-1.4906305074691772,2.140096664428711,2.1406311988830566,-0.5186021327972412,0.3261193037033081,1.2743842601776123,-0.7398315668106079,1.0201196670532227,-1.154178500175476,0.227085679769516,0.12053026258945465,0.09013085812330246,0.05053315684199333,0.03308679163455963,0.08005600422620773,0.13200260698795319,0.17170920968055725,0.18907001614570618,0.1825486123561859,0.1583915799856186,0.13094627857208252,0.1201663464307785,0.12878276407718658,0.14600323140621185,0.14344629645347595,0.09804551303386688,0.07623723149299622,0.16354277729988098,0.19877851009368896,0.14937113225460052,0.07089750468730927,0.07335922867059708,0.07966931164264679,0.10402967035770416,0.07055681943893433,0.08521544933319092,0.1489109992980957,0.20708400011062622,0.25897136330604553,0.20919394493103027,0.08215044438838959,0.06747349351644516,0.13910451531410217,0.16422544419765472,0.22171226143836975,0.20585981011390686,0.07972023636102676,0.19423171877861023,0.2586338222026825,0.20407354831695557,0.1543894112110138,0.21817943453788757,0.24751004576683044,0.19124038517475128,0.2237165868282318,0.2124805450439453,0.21447083353996277,0.2015557885169983,0.18636685609817505,0.20592105388641357,0.19510017335414886,0.24032863974571228,0.24775657057762146,0.2692405581474304,0.25568991899490356,0.22775214910507202,0.18281006813049316,0.15300352871418,0.14068293571472168,0.1499534547328949,MS
../data/DWT_NEW/MS/New_MS_126.wav,37.08241271972656,-67.72763061523438,34.642093658447266,-2.587634325027466,-3.9620633125305176,15.377663612365723,-14.631189346313477,-3.5747008323669434,4.723773956298828,-3.0198864936828613,0.13365238904953003,4.944741725921631,-4.053089141845703,2.337014675140381,2.956331729888916,-4.666628360748291,1.653730869293213,-0.5500308275222778,-0.6997202634811401,1.769068717956543,-0.2537842392921448,0.7194259166717529,-2.7690603733062744,0.10436084866523743,-0.6722743511199951,1.806339979171753,-1.6048787832260132,0.257854163646698,1.362251877784729,-0.10855896770954132,0.8613340854644775,0.028725266456604004,-1.8226743936538696,-0.5499140620231628,-1.3293335437774658,-3.5323784351348877,-1.0175437927246094,1.8622163534164429,-1.644766926765442,1.0866694450378418,0.21710486710071564,0.10415932536125183,0.10327835381031036,0.09080404043197632,0.06644482910633087,0.034337155520915985,0.010136621072888374,0.02355443686246872,0.020206667482852936,0.02592473104596138,0.07697989791631699,0.12604418396949768,0.14685258269309998,0.1263207346200943,0.07877805829048157,0.03696521744132042,0.027412772178649902,0.03640962764620781,0.09471822530031204,0.13101287186145782,0.1131325364112854,0.0578155443072319,0.007834278047084808,0.0495869517326355,0.08405714482069016,0.07391182333230972,0.03506859019398689,0.05448649078607559,0.10111407935619354,0.0829438716173172,0.03207578510046005,0.11493454873561859,0.10345256328582764,0.027278713881969452,0.07218271493911743,0.05688606947660446,0.0967615395784378,0.05939488857984543,0.06832855939865112,0.0650886744260788,0.06989727169275284,0.0686008408665657,0.06241150200366974,0.06081095710396767,0.04800346493721008,0.04770619049668312,0.04300602152943611,0.04323345795273781,0.020782412961125374,0.031686652451753616,0.010918603278696537,0.010182294994592667,0.016910435631871223,0.009390315972268581,0.013370770029723644,0.023041725158691406,0.017733700573444366,0.01704307831823826,0.022232864052057266,0.02775939181447029,0.0463731475174427,MS
../data/DWT_NEW/MS/New_MS_199.wav,35.96119689941406,-44.194854736328125,27.926416397094727,-6.091269493103027,-3.7806396484375,-6.29827880859375,0.3906192183494568,9.899532318115234,-5.937895774841309,-2.005150318145752,-4.0894904136657715,7.181358337402344,-2.642637252807617,1.1065565347671509,-5.040223598480225,1.528761386871338,-2.214143753051758,0.8895536661148071,-2.257169246673584,2.049290180206299,-1.9000542163848877,0.9054140448570251,-0.2726488411426544,-0.3833141326904297,-0.5784504413604736,-0.4637661576271057,-0.3653557300567627,0.3215426802635193,-0.12052106857299805,-0.8724456429481506,0.3391001224517822,0.8375837802886963,-3.133981704711914,1.5779998302459717,-2.064185380935669,2.805885076522827,-1.0863765478134155,-1.5315862894058228,-1.0050582885742188,-0.07331104576587677,0.14639812707901,0.06371935456991196,0.0640643835067749,0.06453698873519897,0.06617774814367294,0.06988044083118439,0.07645583897829056,0.08472014963626862,0.09201514720916748,0.09652964025735855,0.09645145386457443,0.08970652520656586,0.07616807520389557,0.05536675453186035,0.028672076761722565,0.03276604041457176,0.07448960840702057,0.11479580402374268,0.14197605848312378,0.14486105740070343,0.1179266944527626,0.07063561677932739,0.04726177453994751,0.06886112689971924,0.06704878062009811,0.09092080593109131,0.12025207281112671,0.10715332627296448,0.05798844248056412,0.05253415182232857,0.09916124492883682,0.10180076956748962,0.07448217272758484,0.07746563851833344,0.10898441076278687,0.11302458494901657,0.09304483234882355,0.08434775471687317,0.0744735598564148,0.07591935992240906,0.08824238181114197,0.08948051929473877,0.07568661868572235,0.07098890095949173,0.08241964876651764,0.07940693944692612,0.062285132706165314,0.07596776634454727,0.07482559233903885,0.06175561249256134,0.06626473367214203,0.05995192751288414,0.0550852008163929,0.05031440407037735,0.04953759163618088,0.047160446643829346,0.04568573832511902,0.04123646765947342,0.03489294648170471,0.03524501621723175,0.03555171936750412,MS
../data/DWT_NEW/MS/New_MS_137.wav,70.69140625,-55.60098648071289,18.137210845947266,-11.307661056518555,2.0176546573638916,1.1548457145690918,-7.4629011154174805,2.4237756729125977,-3.5446105003356934,4.638515949249268,-3.4898390769958496,-0.16052848100662231,3.1607236862182617,-0.03695791959762573,2.7986464500427246,-0.7868938446044922,4.118329048156738,-0.3627588748931885,2.8976588249206543,2.3414406776428223,-0.12116315960884094,1.9289897680282593,2.10457181930542,-1.6744730472564697,2.494694709777832,-3.2834739685058594,0.65993332862854,0.00564458966255188,-1.0247387886047363,3.0977842807769775,-0.9362891912460327,2.2547013759613037,-0.20965877175331116,2.244297504425049,1.0590686798095703,1.004978895187378,-0.6817812919616699,-1.052131175994873,-0.06648717820644379,0.12457200884819031,0.23278199136257172,0.04805756360292435,0.03656252473592758,0.01210730243474245,0.048448119312524796,0.10385394841432571,0.15496939420700073,0.1854531168937683,0.1815042346715927,0.1418275088071823,0.07903458178043365,0.023265723139047623,0.04087119549512863,0.039070118218660355,0.058546312153339386,0.08758772909641266,0.07597827911376953,0.04937196895480156,0.0692971795797348,0.05539989471435547,0.01981109008193016,0.09324164688587189,0.14844146370887756,0.12526780366897583,0.0683288499712944,0.06634730100631714,0.08172900229692459,0.07341048866510391,0.0672481507062912,0.08567338436841965,0.10876569896936417,0.07527032494544983,0.052645884454250336,0.06182721257209778,0.11305562406778336,0.18114900588989258,0.14630553126335144,0.0814029648900032,0.07441696524620056,0.13963429629802704,0.16616667807102203,0.19587239623069763,0.12831737101078033,0.08066558092832565,0.1675214171409607,0.16267196834087372,0.1250244379043579,0.13801737129688263,0.16446104645729065,0.17819179594516754,0.16808149218559265,0.17569302022457123,0.16510961949825287,0.1415724754333496,0.1343313604593277,0.12420719116926193,0.10863277316093445,0.08462198078632355,0.07788107544183731,0.07376749068498611,0.07729653269052505,MS
../data/DWT_NEW/MS/New_MS_080.wav,64.53262329101562,-53.027130126953125,33.32361602783203,-12.619379043579102,-1.8568706512451172,-3.9450411796569824,1.2321674823760986,3.9410040378570557,0.44663235545158386,-3.3046038150787354,2.209787368774414,5.552708625793457,-1.4081823825836182,0.8731398582458496,-6.180743217468262,4.902817249298096,-4.612725257873535,2.694702625274658,-3.432821750640869,2.2483162879943848,-0.8730144500732422,-0.791895866394043,-0.1721661537885666,-0.0821947455406189,0.4632822275161743,-0.4145517349243164,0.479549765586853,-0.3665212392807007,0.30956172943115234,0.5415793657302856,-0.6779221296310425,0.8669598698616028,-1.8884614706039429,-0.7196438312530518,-0.16680000722408295,1.3006279468536377,0.850838303565979,-1.199258804321289,-0.7105450630187988,-1.6096749305725098,0.24379850924015045,0.10738949477672577,0.10119171440601349,0.09180280566215515,0.0799531564116478,0.06635723263025284,0.05302942916750908,0.04466460645198822,0.053390294313430786,0.07993955910205841,0.1107034906744957,0.13034917414188385,0.12663376331329346,0.09152727574110031,0.04056474566459656,0.061148107051849365,0.11415116488933563,0.13671129941940308,0.13375894725322723,0.13773271441459656,0.13743789494037628,0.10202644765377045,0.07930339872837067,0.11798465996980667,0.11549613624811172,0.0918344259262085,0.0654895231127739,0.0983746349811554,0.10517571866512299,0.11107344925403595,0.11007966101169586,0.10277602076530457,0.102139413356781,0.09217017143964767,0.07546234130859375,0.08643980324268341,0.10335221886634827,0.09430697560310364,0.07791605591773987,0.09078067541122437,0.12392733991146088,0.13385441899299622,0.10216329991817474,0.0721910148859024,0.14258065819740295,0.16327178478240967,0.11605373024940491,0.10335996747016907,0.14338244497776031,0.10894514620304108,0.09924674034118652,0.12040136754512787,0.12110303342342377,0.12796054780483246,0.12880423665046692,0.12178182601928711,0.11117778718471527,0.09855751693248749,0.08698873221874237,0.07083804160356522,0.058756787329912186,MS
../data/DWT_NEW/MS/New_MS_113.wav,48.30607604980469,-34.734928131103516,22.567296981811523,-21.599098205566406,-4.195030689239502,11.537300109863281,-4.891456127166748,-0.6458213329315186,-3.1942310333251953,6.12779426574707,-3.624504566192627,3.903498649597168,5.624929428100586,0.32181549072265625,1.9385377168655396,0.05041014403104782,-1.0760703086853027,1.0381332635879517,0.41519269347190857,-1.362343430519104,1.3600763082504272,0.32760685682296753,4.820918560028076,-5.064548969268799,2.9803385734558105,2.5371193885803223,-3.169754981994629,-0.5494685769081116,-0.5167481303215027,-1.3881398439407349,0.3218984007835388,1.4236966371536255,3.34709095954895,0.2010841816663742,2.4974863529205322,2.4758353233337402,-0.6221046447753906,2.2435970306396484,1.6963340044021606,1.0687029361724854,0.15131260454654694,0.09718937426805496,0.07745373249053955,0.050285130739212036,0.015888158231973648,0.03690221905708313,0.0907130241394043,0.1453528106212616,0.1870746612548828,0.20292484760284424,0.1833561658859253,0.12850864231586456,0.05952863395214081,0.026483165100216866,0.04722606763243675,0.04006930813193321,0.019255129620432854,0.018612947314977646,0.06987321376800537,0.12328960001468658,0.1237872838973999,0.07568816840648651,0.08279566466808319,0.08588213473558426,0.13267987966537476,0.13837653398513794,0.07394750416278839,0.030084434896707535,0.07147887349128723,0.13896912336349487,0.15524804592132568,0.1031130850315094,0.04470273107290268,0.07311620563268661,0.08309341967105865,0.12958157062530518,0.14662162959575653,0.0913224071264267,0.08962570875883102,0.17211557924747467,0.15746286511421204,0.11069698631763458,0.1403326839208603,0.19058462977409363,0.13682425022125244,0.15894246101379395,0.17058667540550232,0.14377425611019135,0.15441104769706726,0.12738767266273499,0.13213849067687988,0.11394084244966507,0.136091947555542,0.1483975201845169,0.17212967574596405,0.17543527483940125,0.1599809229373932,0.12109676003456116,0.0987778753042221,0.11337913572788239,0.12083462625741959,MS
../data/DWT_NEW/MS/New_MS_053.wav,83.7186279296875,-38.35697937011719,10.467735290527344,-9.736976623535156,14.810508728027344,-10.449776649475098,-11.89721965789795,1.2652597427368164,-1.146491527557373,-4.09202766418457,3.298074960708618,-1.2150424718856812,-2.869929313659668,2.9791259765625,-3.994119644165039,1.6927685737609863,-1.7281465530395508,1.0239920616149902,-1.2778908014297485,0.6916194558143616,0.39455488324165344,-1.500563383102417,1.4540700912475586,-1.6977366209030151,0.7394381761550903,-0.7293171286582947,-1.2604738473892212,0.14523263275623322,0.43805766105651855,0.6510229706764221,1.8624893426895142,-0.21533739566802979,0.26692551374435425,-0.0303804874420166,-1.3780726194381714,1.3944165706634521,-0.7040214538574219,0.8184183239936829,0.4433795213699341,-1.6289750337600708,0.2100580930709839,0.07686234265565872,0.09611991047859192,0.11271391808986664,0.12318046391010284,0.12422043085098267,0.1150214672088623,0.09638009965419769,0.07425069808959961,0.06277218461036682,0.06668612360954285,0.06726102530956268,0.05923566222190857,0.07887262105941772,0.1372150182723999,0.18760520219802856,0.19686917960643768,0.15225759148597717,0.07772434502840042,0.0597294420003891,0.08321022242307663,0.06387662887573242,0.10840331763029099,0.15238183736801147,0.12659968435764313,0.092479407787323,0.10176938772201538,0.13977131247520447,0.19491040706634521,0.17829158902168274,0.11368182301521301,0.1259388029575348,0.19422081112861633,0.18521340191364288,0.14592291414737701,0.17861156165599823,0.16592170298099518,0.14740817248821259,0.21743135154247284,0.2008056342601776,0.19242770969867706,0.1816200613975525,0.19216878712177277,0.20343072712421417,0.20594830811023712,0.22100375592708588,0.2248327136039734,0.2353399693965912,0.2259720414876938,0.24584971368312836,0.22624355554580688,0.20615454018115997,0.2233392745256424,0.21610766649246216,0.20788531005382538,0.19626519083976746,0.18450823426246643,0.16732844710350037,0.1640346348285675,0.17295295000076294,0.1988915503025055,MS
../data/DWT_NEW/MS/New_MS_051.wav,52.77000045776367,-36.35385513305664,44.588226318359375,-15.086158752441406,-4.637587070465088,10.164358139038086,-10.64793586730957,8.553845405578613,-4.125774383544922,3.276026725769043,-0.6334162950515747,-2.951460838317871,2.090791702270508,0.12890276312828064,-0.6513979434967041,-0.8377984762191772,2.644787073135376,-0.6259163618087769,0.09627532958984375,-0.984420657157898,1.5093127489089966,0.30375874042510986,0.7267096042633057,-2.8310093879699707,1.0130723714828491,0.36683785915374756,-1.195082664489746,-3.5649096965789795,-2.2225451469421387,-2.4259777069091797,-1.5507879257202148,-1.1941255331039429,1.717721700668335,-0.1979328691959381,-3.7357287406921387,-2.2307980060577393,-0.7580634355545044,-2.144096851348877,-1.0958657264709473,-3.419512987136841,0.19486893713474274,0.03851146996021271,0.018878813832998276,0.02301749959588051,0.07383765280246735,0.13301371037960052,0.18767030537128448,0.2216963768005371,0.21817642450332642,0.17064853012561798,0.08773550391197205,0.04211943596601486,0.10161126405000687,0.10518408566713333,0.05657515674829483,0.13832271099090576,0.2639145851135254,0.3108453154563904,0.2511085867881775,0.13366293907165527,0.04114115610718727,0.03892138972878456,0.044008269906044006,0.14846080541610718,0.2583463191986084,0.256696879863739,0.16468815505504608,0.09815318882465363,0.11757635325193405,0.12432998418807983,0.11721798777580261,0.11606773734092712,0.21265645325183868,0.2786277234554291,0.2120089828968048,0.08570075035095215,0.18125760555267334,0.23937316238880157,0.22671547532081604,0.16078656911849976,0.09944185614585876,0.20728446543216705,0.2223474681377411,0.18145188689231873,0.2079353779554367,0.202459454536438,0.1786411702632904,0.22481542825698853,0.22297139465808868,0.21249577403068542,0.19810917973518372,0.1975938081741333,0.21083246171474457,0.21583707630634308,0.2112174779176712,0.20354929566383362,0.18736082315444946,0.19336533546447754,0.19114923477172852,0.18002700805664062,0.17378994822502136,MS
../data/DWT_NEW/MS/New_MS_198.wav,34.6688232421875,-56.45079803466797,18.77628517150879,-20.164749145507812,-3.268620491027832,-6.191385269165039,2.5640177726745605,-1.427837610244751,1.1100794076919556,-3.9428374767303467,-4.013668060302734,5.780245780944824,-4.119028091430664,-0.6861120462417603,-3.678313970565796,1.78424072265625,-4.345770835876465,1.8833668231964111,-3.245344638824463,2.1104626655578613,-1.6534446477890015,-0.7836817502975464,0.5043429732322693,-1.0746420621871948,-0.25142353773117065,-1.0105434656143188,-0.6599241495132446,-1.3747609853744507,0.39911949634552,-0.593134880065918,-1.3567842245101929,0.11821249127388,-2.0036487579345703,-0.5206887125968933,-0.7432020902633667,-0.1302320957183838,-0.17956513166427612,-3.094967842102051,-0.9685392379760742,-1.5024595260620117,0.17185285687446594,0.007066068239510059,0.0104075837880373,0.014381134882569313,0.018668606877326965,0.02315482869744301,0.02791944146156311,0.032770149409770966,0.037108056247234344,0.04047619551420212,0.04214880242943764,0.041398800909519196,0.039243098348379135,0.040226973593235016,0.04441516473889351,0.05126720666885376,0.05964365601539612,0.06892377138137817,0.08146271109580994,0.09352457523345947,0.09616627544164658,0.08309732377529144,0.05666316673159599,0.030526548624038696,0.02464018203318119,0.025901122018694878,0.044612400233745575,0.0607253834605217,0.054309286177158356,0.0369139239192009,0.03748830407857895,0.04690546542406082,0.05861350893974304,0.05622746795415878,0.053286291658878326,0.0627255067229271,0.059866830706596375,0.04675456881523132,0.040321242064237595,0.04592159390449524,0.058253176510334015,0.06151936203241348,0.052541397511959076,0.04616884887218475,0.056137166917324066,0.060240332037210464,0.052859827876091,0.055603306740522385,0.06025946885347366,0.05455261468887329,0.05268567055463791,0.0526968277990818,0.05514165759086609,0.057315804064273834,0.05661188066005707,0.05339929461479187,0.049136366695165634,0.04373512044548988,0.037921201437711716,0.032606661319732666,0.0257872287184,MS
../data/DWT_NEW/MS/New_MS_173.wav,59.853919982910156,-43.032100677490234,21.679183959960938,-26.105499267578125,1.683164358139038,-0.08166217803955078,5.733245372772217,-4.477774143218994,2.208127975463867,1.6244823932647705,-1.4037169218063354,0.49766290187835693,0.006253242492675781,1.0740954875946045,-1.1687061786651611,0.9330556988716125,-0.08805474638938904,-0.6690673232078552,1.2008652687072754,-1.5773756504058838,0.3026867210865021,-0.7508381009101868,0.12379468977451324,0.5828215479850769,-0.23534739017486572,0.04785154014825821,-0.8327367305755615,-0.14356756210327148,-0.03411141037940979,0.3828638195991516,0.2802257537841797,-0.6270596385002136,0.4372284412384033,-0.20080937445163727,0.03438262641429901,0.4097779393196106,-0.30126261711120605,0.7918106317520142,0.24909526109695435,-0.6369277238845825,0.21228785812854767,0.03065420314669609,0.022970857098698616,0.025765419006347656,0.03416736423969269,0.03891688585281372,0.034403879195451736,0.021041980013251305,0.037371229380369186,0.08325833082199097,0.1326693892478943,0.16667471826076508,0.17051471769809723,0.13853499293327332,0.08337177336215973,0.02906830422580242,0.039470329880714417,0.05418974906206131,0.07055079936981201,0.09030336886644363,0.11163605749607086,0.12093542516231537,0.09074606001377106,0.041552022099494934,0.04326574131846428,0.1054135411977768,0.13677603006362915,0.09846293926239014,0.04900757223367691,0.0834338366985321,0.11928509175777435,0.10850967466831207,0.06118380278348923,0.09672662615776062,0.10324470698833466,0.07470209896564484,0.10258779674768448,0.09526357799768448,0.08342947065830231,0.12457738071680069,0.10687369853258133,0.09639769792556763,0.11187110841274261,0.12617188692092896,0.10893204063177109,0.11811737716197968,0.11722192913293839,0.12380112707614899,0.14111702144145966,0.14562039077281952,0.14788514375686646,0.15818852186203003,0.15988464653491974,0.16914543509483337,0.1808943897485733,0.18476027250289917,0.19400066137313843,0.19911044836044312,0.202498197555542,0.20337101817131042,0.20181256532669067,MS
../data/DWT_NEW/MS/New_MS_175.wav,40.88239288330078,-56.73931121826172,22.88681411743164,-37.86409378051758,-3.3232321739196777,2.9785473346710205,2.837582588195801,-6.178339958190918,4.961941719055176,-0.32438719272613525,0.012196451425552368,-0.8441751003265381,2.707242012023926,-0.5294950008392334,0.31405025720596313,1.8660378456115723,0.40250474214553833,0.0731184333562851,1.5762231349945068,-0.40783244371414185,-0.3736090660095215,-0.44879862666130066,0.06848382949829102,0.613987147808075,-0.15733402967453003,0.6520583033561707,0.8124548196792603,-0.6617726683616638,1.213374376296997,0.7683985829353333,-1.0722156763076782,-0.13683097064495087,0.49088436365127563,-1.3946900367736816,-0.4422641396522522,0.6981240510940552,-0.14744538068771362,-0.34843647480010986,-1.3345571756362915,-0.6446253061294556,0.2233564555644989,0.021003693342208862,0.01679927110671997,0.014137135818600655,0.014660844579339027,0.01903916895389557,0.025805577635765076,0.03301752731204033,0.03927312046289444,0.04525206238031387,0.05329940468072891,0.06402938067913055,0.07393766939640045,0.07702220976352692,0.06900522857904434,0.04877956956624985,0.024961601942777634,0.010804226621985435,0.025542831048369408,0.0513225719332695,0.07021613419055939,0.07349445670843124,0.059269607067108154,0.03283625841140747,0.018023207783699036,0.03699652478098869,0.06287666410207748,0.06043878570199013,0.03384140878915787,0.02833269163966179,0.0632738471031189,0.07650120556354523,0.03850102424621582,0.052513886243104935,0.06430415064096451,0.04329632595181465,0.06256533414125443,0.07247637212276459,0.04568446800112724,0.06565465033054352,0.06154954433441162,0.07587148994207382,0.09581424295902252,0.10221065580844879,0.08846855163574219,0.09389571100473404,0.09340217709541321,0.10790382325649261,0.1188661977648735,0.12996064126491547,0.14099322259426117,0.13474176824092865,0.13708063960075378,0.15831202268600464,0.16577406227588654,0.17278988659381866,0.18319448828697205,0.1945377141237259,0.19499200582504272,0.20345689356327057,0.21046942472457886,MS
../data/DWT_NEW/MS/New_MS_010.wav,40.80692672729492,-97.33982849121094,18.3817195892334,-19.270549774169922,0.6708957552909851,-0.07603448629379272,-11.857972145080566,6.028392314910889,-2.155219554901123,-3.3119940757751465,-9.027925491333008,0.9462049603462219,3.5229878425598145,3.198197364807129,1.1702661514282227,6.297529220581055,1.0147051811218262,-2.6665077209472656,0.45156601071357727,1.4829885959625244,-5.794436931610107,1.8638670444488525,3.1634459495544434,1.2068908214569092,1.9437463283538818,1.7903046607971191,0.7647570967674255,-0.794003427028656,2.1505582332611084,-2.1662144660949707,-4.218327045440674,0.3633718490600586,2.301650047302246,-2.6351773738861084,-3.574599266052246,-7.5852484703063965,-0.6587289571762085,-2.2622039318084717,0.06291463971138,-1.7906980514526367,0.2620178759098053,0.027454031631350517,0.026336723938584328,0.024775944650173187,0.022679917514324188,0.02037256583571434,0.01841275580227375,0.017223531380295753,0.016809847205877304,0.017250187695026398,0.01887197233736515,0.022102927789092064,0.027992429211735725,0.035169899463653564,0.04208694025874138,0.04609299823641777,0.04428069293498993,0.03442257642745972,0.018083328381180763,0.015285075642168522,0.035838328301906586,0.05180440843105316,0.055729322135448456,0.04647953063249588,0.029794123023748398,0.017712334170937538,0.00919165089726448,0.010358663275837898,0.019165214151144028,0.039541423320770264,0.0513199158012867,0.03474699705839157,0.008309208787977695,0.02120557613670826,0.017744895070791245,0.05179353058338165,0.06688767671585083,0.032252274453639984,0.020091483369469643,0.05164724588394165,0.04107576608657837,0.019983908161520958,0.07201454043388367,0.0936734676361084,0.10822764784097672,0.12211363762617111,0.10258938372135162,0.06917356699705124,0.05350477993488312,0.06021971255540848,0.050047617405653,0.022873099893331528,0.05880206823348999,0.11009827256202698,0.1480065882205963,0.1835961788892746,0.19880855083465576,0.20847657322883606,0.19973407685756683,0.15512153506278992,0.12238594144582748,MS
../data/DWT_NEW/MS/New_MS_123.wav,-16.125429153442383,-95.57002258300781,46.645347595214844,-4.4488019943237305,3.0168027877807617,-0.685350239276886,-0.17719654738903046,-0.8933137655258179,-2.6049423217773438,0.9903947710990906,-4.177018642425537,8.165961265563965,-3.219665050506592,-2.085991382598877,-0.44740697741508484,-0.0008671879768371582,-2.622288703918457,-0.29113900661468506,-1.935878038406372,2.551692485809326,0.8977627754211426,-3.6240530014038086,-0.7252191305160522,-3.762354612350464,1.5152792930603027,0.42138975858688354,-1.5184615850448608,3.760835647583008,-3.91874098777771,-4.025158882141113,-0.7997157573699951,-0.33998435735702515,0.0839545950293541,4.28587532043457,4.695463180541992,1.7444528341293335,2.242338180541992,1.6335101127624512,3.2716779708862305,7.228272438049316,0.20972667634487152,0.034453440457582474,0.03642231225967407,0.0386439710855484,0.04029829800128937,0.04039061442017555,0.038508523255586624,0.03424472734332085,0.02771587297320366,0.020182128995656967,0.0133284330368042,0.00878860242664814,0.006450521759688854,0.00468089384958148,0.004113021772354841,0.011160078458487988,0.021262526512145996,0.032349057495594025,0.041441529989242554,0.043832458555698395,0.037639930844306946,0.03586820513010025,0.053780194371938705,0.06526702642440796,0.06309115886688232,0.05098265781998634,0.036515504121780396,0.033521868288517,0.03462435305118561,0.0362607017159462,0.038992755115032196,0.0387100912630558,0.03440680727362633,0.027409328147768974,0.01883217692375183,0.019131451845169067,0.035465847700834274,0.04904421791434288,0.04940519481897354,0.03769703954458237,0.022035088390111923,0.014947567135095596,0.01837579533457756,0.015579545870423317,0.026964638382196426,0.03552835434675217,0.02863568440079689,0.014658043161034584,0.01069108210504055,0.016282446682453156,0.02408374845981598,0.023137856274843216,0.017055576667189598,0.015266427770256996,0.020752590149641037,0.019129160791635513,0.011797579005360603,0.01169660035520792,0.02100757136940956,0.020728345960378647,0.017059681937098503,MS
../data/DWT_NEW/MS/New_MS_008.wav,17.275026321411133,-103.70146942138672,30.092994689941406,-10.207731246948242,7.489800453186035,-8.775336265563965,-1.00959312915802,-0.0859518051147461,3.8897650241851807,3.3448143005371094,-6.896742343902588,-5.8489484786987305,-12.719524383544922,-10.68025016784668,-0.6595908999443054,5.951645851135254,2.2618331909179688,5.683740615844727,-1.436943531036377,0.24293780326843262,0.3094758987426758,0.9852886199951172,3.016658306121826,-4.008640766143799,-1.6822654008865356,-2.878873348236084,-1.6572128534317017,3.0030765533447266,0.8643090128898621,4.719546318054199,4.009711742401123,1.753404140472412,1.2609765529632568,-0.29928213357925415,0.6699303388595581,2.9074227809906006,-1.7414567470550537,1.5201640129089355,-1.9834843873977661,3.1048736572265625,0.26488253474235535,0.019403597339987755,0.017700785771012306,0.016119355335831642,0.014901584014296532,0.01437386590987444,0.014994010329246521,0.01671028696000576,0.018999630585312843,0.02142265997827053,0.023467758670449257,0.024354396387934685,0.02387935481965542,0.02322254329919815,0.018732858821749687,0.011593780480325222,0.002391958609223366,0.009944681078195572,0.022053269669413567,0.03255864232778549,0.03824504837393761,0.036257196217775345,0.024989044293761253,0.012972433120012283,0.03405700623989105,0.062180254608392715,0.07945934683084488,0.07943270355463028,0.06306768208742142,0.038607269525527954,0.016081301495432854,0.008012433536350727,0.026489829644560814,0.04830325394868851,0.06480684876441956,0.0708606094121933,0.0740584060549736,0.06400439888238907,0.03181630000472069,0.02307238057255745,0.06478773802518845,0.08197369426488876,0.07028688490390778,0.045737892389297485,0.027211781591176987,0.0174308679997921,0.0150907589122653,0.02686181664466858,0.06790944933891296,0.08748567849397659,0.09256142377853394,0.11349451541900635,0.11218354851007462,0.09673087298870087,0.07878679037094116,0.06848156452178955,0.0728326141834259,0.09262660145759583,0.12162484228610992,0.1422886848449707,0.1488684117794037,MS
../data/DWT_NEW/MS/New_MS_086.wav,55.66871643066406,-44.19715118408203,26.49812889099121,-9.906245231628418,8.821990966796875,0.8574398159980774,3.6625938415527344,4.091449737548828,0.44926804304122925,-3.1523098945617676,-0.5396533608436584,2.4159493446350098,2.6763720512390137,-4.76647424697876,1.656184196472168,1.1141083240509033,-3.4187235832214355,2.880624532699585,-1.4537553787231445,0.2484535276889801,1.143048644065857,-0.8884496688842773,1.3943856954574585,0.6224642992019653,-0.5544842481613159,-0.5849301815032959,0.12451443076133728,-0.9059048295021057,1.2778124809265137,-1.2424324750900269,0.5549035668373108,0.9567053318023682,-2.198373317718506,1.9263787269592285,0.48097652196884155,1.2779409885406494,0.5654032230377197,-1.6266205310821533,0.7533844709396362,-0.6125026941299438,0.18280325829982758,0.10551735758781433,0.09415914118289948,0.08110704272985458,0.0672764778137207,0.05490775778889656,0.049148835241794586,0.05405522882938385,0.06813077628612518,0.08811065554618835,0.11182472109794617,0.13633140921592712,0.15851305425167084,0.1764935553073883,0.18200883269309998,0.1722564399242401,0.1495116800069809,0.11864002048969269,0.09164613485336304,0.08064934611320496,0.09136888384819031,0.11580413579940796,0.13788878917694092,0.13963958621025085,0.11423936486244202,0.07791087031364441,0.09443829953670502,0.11196182668209076,0.10550212860107422,0.08334484696388245,0.058408863842487335,0.030026476830244064,0.04067625105381012,0.051690638065338135,0.059392090886831284,0.06591424345970154,0.05110477656126022,0.04084710031747818,0.029447102919220924,0.029581928625702858,0.03783740475773811,0.04029164835810661,0.03532680869102478,0.037793952971696854,0.04608077555894852,0.04787953570485115,0.051932722330093384,0.059437308460474014,0.048880159854888916,0.04008648917078972,0.05613526701927185,0.04685544967651367,0.04888983815908432,0.048289746046066284,0.045279596000909805,0.04002474993467331,0.038962189108133316,0.034550853073596954,0.03077576868236065,0.0302547886967659,0.032214608043432236,MS
../data/DWT_NEW/MS/New_MS_071.wav,51.859619140625,-36.70780944824219,37.125606536865234,-1.9983954429626465,4.826937675476074,-4.727814197540283,-2.065025806427002,3.004098892211914,-2.278926372528076,-0.39248543977737427,1.496870756149292,2.356874704360962,-1.590980052947998,2.914628028869629,-4.412716865539551,3.1869492530822754,-3.3553736209869385,1.0437722206115723,-1.8396906852722168,2.0517044067382812,-2.463951826095581,1.2974255084991455,0.046163514256477356,0.23772776126861572,-0.7814456224441528,-0.6020945310592651,-0.0735132247209549,0.6006736755371094,-0.2484297752380371,-0.041506052017211914,-0.1813805103302002,0.28297850489616394,-1.4523165225982666,1.7279298305511475,-1.7421164512634277,1.7604405879974365,0.09541012346744537,-0.6852982044219971,0.6188325881958008,-1.4928901195526123,0.16972048580646515,0.13152651488780975,0.12418583780527115,0.11247435212135315,0.09737801551818848,0.07878652960062027,0.05599711090326309,0.03074077144265175,0.04802589863538742,0.10373097658157349,0.16436423361301422,0.20730853080749512,0.21251137554645538,0.16495488584041595,0.09703587740659714,0.13135570287704468,0.21029166877269745,0.22378239035606384,0.1537819504737854,0.10127192735671997,0.17069515585899353,0.1886565238237381,0.1344570815563202,0.11652854084968567,0.125481516122818,0.10658008605241776,0.12402753531932831,0.18155024945735931,0.20192891359329224,0.20809420943260193,0.2050219476222992,0.19187206029891968,0.16951006650924683,0.14536890387535095,0.13767117261886597,0.16703031957149506,0.19279038906097412,0.1893405318260193,0.1682182103395462,0.157296285033226,0.1758299171924591,0.18460550904273987,0.16026201844215393,0.1269257366657257,0.1638452559709549,0.1754424124956131,0.13427406549453735,0.10307576507329941,0.12404049932956696,0.09276251494884491,0.08446072041988373,0.08643345534801483,0.08447939157485962,0.08723460137844086,0.08361697942018509,0.07353653758764267,0.06289863586425781,0.05202605575323105,0.04837152734398842,0.04723789170384407,0.049209676682949066,MS
../data/DWT_NEW/MS/New_MS_001.wav,37.74339294433594,-86.40008544921875,20.257810592651367,10.727666854858398,-1.9829288721084595,-5.371283531188965,-16.64190101623535,-7.273566246032715,-9.472542762756348,-4.004651069641113,7.426555633544922,5.316844463348389,10.12173080444336,3.984316349029541,5.94406795501709,-4.208582401275635,-2.149397373199463,-3.203665256500244,0.9299618005752563,5.6715240478515625,1.5619436502456665,7.12358283996582,-3.416163921356201,-5.126474380493164,-2.385437250137329,5.0087571144104,2.3678932189941406,3.7981534004211426,-0.2704123854637146,-6.92039155960083,-3.7323813438415527,-0.9903931617736816,1.9509451389312744,3.513317108154297,2.2011821269989014,5.438491344451904,-3.3304250240325928,-4.409360885620117,-3.155109405517578,-2.748702049255371,0.22502052783966064,0.045450013130903244,0.04316163808107376,0.03224446624517441,0.01618485525250435,0.016906771808862686,0.03088470734655857,0.03403378278017044,0.020763050764799118,0.0149577297270298,0.04542086273431778,0.06578905135393143,0.062264543026685715,0.03625044971704483,0.021895086392760277,0.036746732890605927,0.028653327375650406,0.030697986483573914,0.04538536071777344,0.036506280303001404,0.05106506869196892,0.0708094984292984,0.0497109480202198,0.01759348064661026,0.014372085221111774,0.02029229700565338,0.048680778592824936,0.05280997231602669,0.04315663129091263,0.04884801059961319,0.02182937227189541,0.030072668567299843,0.03325173258781433,0.04853387176990509,0.021464155986905098,0.04201340302824974,0.029758352786302567,0.03009440004825592,0.02150813676416874,0.05656038597226143,0.07556449621915817,0.08934220671653748,0.10519514977931976,0.10632845014333725,0.0966196209192276,0.12880051136016846,0.15232659876346588,0.13655060529708862,0.07166381180286407,0.0263516902923584,0.05847812443971634,0.056360747665166855,0.018192535266280174,0.03469080850481987,0.06879360973834991,0.05492072552442551,0.03730585426092148,0.036845408380031586,0.03083530068397522,0.04445376992225647,0.04767850041389465,MS
../data/DWT_NEW/MS/New_MS_019.wav,53.656578063964844,-29.570934295654297,47.7758903503418,-10.272043228149414,-0.8076276779174805,9.72857666015625,-15.694204330444336,12.805739402770996,-6.687331199645996,3.4109349250793457,0.8426723480224609,-4.001898765563965,1.0729072093963623,-0.6147172451019287,-0.43336766958236694,0.42416810989379883,1.451298475265503,-1.9070978164672852,2.1907923221588135,0.6772557497024536,0.8927946090698242,-1.7739925384521484,0.8988253474235535,-0.442613810300827,1.7649509906768799,-0.8406271934509277,-3.3233160972595215,0.41573405265808105,4.5469207763671875,0.6730825901031494,1.4421288967132568,3.7276248931884766,0.27246373891830444,1.0197283029556274,0.024756789207458496,-0.1968393325805664,-1.2426033020019531,-1.1776180267333984,-3.2832632064819336,-1.0710668563842773,0.19291186332702637,0.059904031455516815,0.03317709267139435,0.09678953886032104,0.14892806112766266,0.17313270270824432,0.16185900568962097,0.1144917905330658,0.04431212693452835,0.053917113691568375,0.11185619235038757,0.1290963888168335,0.09994040429592133,0.05243629962205887,0.016309935599565506,0.029177214950323105,0.09716913104057312,0.1579936146736145,0.14005696773529053,0.14958027005195618,0.33376407623291016,0.44313621520996094,0.37063848972320557,0.19714029133319855,0.08716268092393875,0.0563400536775589,0.13800621032714844,0.23557108640670776,0.23827528953552246,0.1986323893070221,0.21462848782539368,0.20894774794578552,0.10333939641714096,0.09800805896520615,0.27270612120628357,0.3286116123199463,0.2254052311182022,0.06646645069122314,0.16412141919136047,0.26416128873825073,0.2455628514289856,0.10902799665927887,0.18425875902175903,0.2194318175315857,0.1363316774368286,0.2015993297100067,0.2238847017288208,0.18319490551948547,0.18901872634887695,0.17521141469478607,0.17023369669914246,0.16240474581718445,0.16813798248767853,0.17967310547828674,0.1600860357284546,0.12521885335445404,0.1296129822731018,0.13041511178016663,0.10539285838603973,0.08521559834480286,0.09227324277162552,MS
../data/DWT_NEW/MS/New_MS_016.wav,131.27426147460938,-57.09968566894531,-15.666267395019531,-6.559935569763184,1.438995599746704,-6.649747848510742,-3.6421191692352295,-1.061374306678772,-5.903474807739258,6.681045055389404,-4.127230167388916,-12.599974632263184,-15.974135398864746,7.989263534545898,12.055719375610352,13.563606262207031,-1.2337617874145508,1.5275490283966064,-0.2041880488395691,1.6106183528900146,7.921130657196045,2.341611623764038,-2.571218967437744,-6.864142894744873,-2.7770233154296875,6.494089603424072,-3.6917951107025146,2.045948028564453,8.269157409667969,-5.1810503005981445,-1.5419037342071533,-3.9832797050476074,-4.986302852630615,3.5376434326171875,-9.427206039428711,-10.291959762573242,3.4298126697540283,-0.5600908994674683,-2.8980016708374023,-1.3931236267089844,0.35522931814193726,0.09625446051359177,0.0924624502658844,0.08675767481327057,0.07741641998291016,0.06259213387966156,0.04252327233552933,0.018290802836418152,0.017733383923768997,0.053521446883678436,0.09396690130233765,0.12746432423591614,0.14413592219352722,0.14275765419006348,0.1286689043045044,0.09364253282546997,0.04553194344043732,0.08779090642929077,0.12766195833683014,0.1429491490125656,0.14547139406204224,0.09978459775447845,0.04893132299184799,0.06133724004030228,0.08257763087749481,0.06264317035675049,0.04791560769081116,0.03725554049015045,0.06940987706184387,0.08603398501873016,0.0742311179637909,0.12364274263381958,0.17582711577415466,0.13460904359817505,0.18548378348350525,0.2133486419916153,0.19617004692554474,0.22330695390701294,0.24269720911979675,0.27355635166168213,0.3062809407711029,0.3076072335243225,0.31177571415901184,0.27347683906555176,0.20219358801841736,0.1500701606273651,0.16119444370269775,0.20519624650478363,0.25602513551712036,0.30734118819236755,0.3450562357902527,0.4312586784362793,0.5365149974822998,0.6027408838272095,0.5731760263442993,0.4613693952560425,0.33290350437164307,0.32431560754776,0.4831215739250183,0.660264790058136,0.7177077531814575,MS
../data/DWT_NEW/MS/New_MS_122.wav,-15.901359558105469,-95.63790893554688,47.897438049316406,-7.915665626525879,8.716409683227539,2.9810428619384766,-6.805542945861816,-2.282396078109741,-7.145613670349121,1.3818734884262085,-2.7392501831054688,2.1370301246643066,5.2485551834106445,-4.207720756530762,-3.883141279220581,0.327164888381958,-5.701587677001953,-5.535068511962891,3.6783177852630615,5.846100807189941,8.06533145904541,1.9043395519256592,-3.9807748794555664,-5.398106575012207,1.3305542469024658,3.662519931793213,-1.4380457401275635,6.977235317230225,2.30057954788208,0.30444973707199097,-0.6807622909545898,-1.2164398431777954,1.5559443235397339,5.536118030548096,0.3894972801208496,-7.622018814086914,-0.02950907126069069,2.9068589210510254,-0.1680859923362732,-0.3310328722000122,0.21916186809539795,0.02106703817844391,0.02274630218744278,0.02504420094192028,0.027831152081489563,0.030928289517760277,0.034367453306913376,0.037999656051397324,0.041288573294878006,0.044061820954084396,0.04553133621811867,0.04382600262761116,0.03782273456454277,0.026266692206263542,0.01143671851605177,0.01531132310628891,0.0319172739982605,0.042228635400533676,0.04243726283311844,0.032723382115364075,0.01567167043685913,0.0039903451688587666,0.017253313213586807,0.018586929887533188,0.024058954790234566,0.03951416537165642,0.04424845799803734,0.04255068674683571,0.045350831001996994,0.05921638756990433,0.06091253459453583,0.047374628484249115,0.043044157326221466,0.04386597126722336,0.039962343871593475,0.03587459772825241,0.031881801784038544,0.025630800053477287,0.024067744612693787,0.02922852337360382,0.035018499940633774,0.03536037355661392,0.031537674367427826,0.03222601115703583,0.033126238733530045,0.02574160136282444,0.027507532387971878,0.04037874564528465,0.036522381007671356,0.012152430601418018,0.012138857506215572,0.02443508803844452,0.02755965292453766,0.03413569927215576,0.04405555874109268,0.045214880257844925,0.04033784195780754,0.026336289942264557,0.015086808241903782,0.04670331999659538,0.0638875886797905,MS
../data/DWT_NEW/MS/New_MS_057.wav,70.1961898803711,-37.9303092956543,6.034392356872559,-9.225478172302246,14.702305793762207,-20.996231079101562,-9.529786109924316,-5.020646572113037,-3.909829616546631,-2.2638697624206543,3.351001024246216,-7.747172832489014,4.109254837036133,-6.763436317443848,3.4803640842437744,-4.345053195953369,2.2826218605041504,-2.1391992568969727,-0.48050421476364136,1.4793431758880615,-2.4651060104370117,2.0253818035125732,-2.1686620712280273,-0.3117908835411072,-0.9042477607727051,-1.754692554473877,-0.21454858779907227,0.12953239679336548,0.09242704510688782,1.3620020151138306,0.36075711250305176,-0.4016695022583008,1.2309293746948242,-0.10697900503873825,-0.6171694993972778,0.3232606053352356,-1.3215349912643433,0.0924902856349945,0.045401036739349365,-0.5536966323852539,0.20559225976467133,0.06187307834625244,0.057766467332839966,0.050682008266448975,0.04066235199570656,0.02885947749018669,0.022222409024834633,0.03221461921930313,0.049737539142370224,0.06409066915512085,0.06724552810192108,0.052060361951589584,0.0226142480969429,0.053941477090120316,0.11064474284648895,0.15018263459205627,0.1514197587966919,0.11061546206474304,0.051933132112026215,0.032592810690402985,0.035697825253009796,0.04400157928466797,0.08558876067399979,0.10801542550325394,0.09007158875465393,0.07042313367128372,0.0716305524110794,0.13080324232578278,0.17721286416053772,0.14375077188014984,0.08376435935497284,0.12269462645053864,0.1740082949399948,0.1532423496246338,0.11433063447475433,0.16280770301818848,0.15868137776851654,0.15130534768104553,0.20021358132362366,0.17058882117271423,0.18622030317783356,0.1806650459766388,0.16680100560188293,0.18091142177581787,0.19448021054267883,0.16238610446453094,0.17509089410305023,0.19106145203113556,0.17243386805057526,0.20300914347171783,0.20406441390514374,0.19459818303585052,0.20072528719902039,0.18295061588287354,0.17740674316883087,0.1737307757139206,0.16490405797958374,0.16709713637828827,0.18847133219242096,0.2140960544347763,0.2591157853603363,MS
../data/DWT_NEW/MS/New_MS_100.wav,43.63324737548828,-40.63751983642578,24.996353149414062,-3.557208776473999,-8.56277847290039,5.822364807128906,-9.951763153076172,6.6623640060424805,-0.23492220044136047,-0.3696107864379883,1.8165199756622314,-1.0523133277893066,4.129289627075195,-5.930166244506836,-2.3954715728759766,0.44898492097854614,4.860529899597168,1.258799433708191,-2.7219738960266113,-1.8640574216842651,2.7467117309570312,-1.1363670825958252,0.9953664541244507,4.097360610961914,-1.6953396797180176,-0.5725750923156738,2.6850690841674805,-3.0387065410614014,-0.30027806758880615,0.35354354977607727,0.7366224527359009,0.6890329122543335,-1.1620914936065674,1.593062162399292,-0.26146531105041504,2.609395980834961,0.14041638374328613,2.4484176635742188,-1.3861287832260132,1.7975503206253052,0.14446288347244263,0.07807299494743347,0.07694436609745026,0.0780310407280922,0.08633354306221008,0.10605749487876892,0.13507381081581116,0.16317103803157806,0.17580647766590118,0.16177664697170258,0.11670757830142975,0.0548180416226387,0.0755843073129654,0.12072591483592987,0.1343367099761963,0.10751991719007492,0.06625007838010788,0.045873843133449554,0.06305774301290512,0.08472694456577301,0.06956954300403595,0.056539230048656464,0.07027483731508255,0.0871635228395462,0.13993264734745026,0.13082891702651978,0.10607749968767166,0.08035555481910706,0.03481007739901543,0.13334397971630096,0.16688774526119232,0.13802148401737213,0.08488783985376358,0.09303197264671326,0.08363833278417587,0.09830449521541595,0.15756642818450928,0.10726988315582275,0.05997173860669136,0.11951412260532379,0.10218304395675659,0.055134113878011703,0.08435922861099243,0.09218631684780121,0.05704464763402939,0.13895797729492188,0.12820380926132202,0.1700741946697235,0.20581620931625366,0.20502007007598877,0.2298363745212555,0.20372846722602844,0.18812456727027893,0.1427982896566391,0.116559699177742,0.10858535766601562,0.13517408072948456,0.18524673581123352,0.20786137878894806,0.18712404370307922,0.1308254599571228,MS
../data/DWT_NEW/MS/New_MS_179.wav,26.709102630615234,-43.2337646484375,20.611692428588867,-24.922992706298828,-2.1409454345703125,-6.222634792327881,3.7264065742492676,-7.190181255340576,0.7722485661506653,0.39294135570526123,-0.8711212873458862,-0.3118203282356262,5.771735191345215,-2.394556999206543,3.5270142555236816,-1.422959327697754,1.615734338760376,-2.233839750289917,1.8099133968353271,-0.8603650331497192,0.19828689098358154,-1.7380976676940918,-0.5296416282653809,0.40664157271385193,-0.7116671800613403,-0.5752777457237244,-0.7898107767105103,-1.7848966121673584,-0.23458823561668396,0.5373563766479492,-0.01102445274591446,-0.5563586950302124,-1.349954605102539,0.05947834253311157,-2.3072314262390137,-0.6053453683853149,-0.06828531622886658,0.3100410997867584,-0.43758320808410645,-0.13160963356494904,0.1531643569469452,0.054858386516571045,0.045697495341300964,0.03092224895954132,0.012289568781852722,0.011069750413298607,0.029110074043273926,0.04165871441364288,0.045305587351322174,0.04114918410778046,0.035065628588199615,0.034925445914268494,0.04120498150587082,0.04964451491832733,0.05835121124982834,0.05526498332619667,0.033785395324230194,0.04421761631965637,0.08212403953075409,0.08720020204782486,0.05617090314626694,0.07093490660190582,0.08056940138339996,0.055430177599191666,0.06276927888393402,0.07626309990882874,0.06254486739635468,0.045739851891994476,0.04176932945847511,0.05076131969690323,0.05167856812477112,0.05393563210964203,0.06794925779104233,0.0899425745010376,0.08875083923339844,0.0737745612859726,0.07003282755613327,0.0718926340341568,0.08524797856807709,0.09417322278022766,0.09448033571243286,0.10982255637645721,0.10421325266361237,0.08518615365028381,0.10171863436698914,0.11513315886259079,0.1002042144536972,0.11011754721403122,0.10862012207508087,0.10851899534463882,0.09876086562871933,0.11335749179124832,0.125123992562294,0.12593552470207214,0.1349984109401703,0.13944801688194275,0.14349201321601868,0.13448554277420044,0.1403323858976364,0.14356118440628052,0.13892295956611633,MS
../data/DWT_NEW/MS/New_MS_018.wav,63.822303771972656,-32.688270568847656,44.824302673339844,-22.91559600830078,0.4342647194862366,12.420902252197266,-14.909056663513184,10.456018447875977,-5.056668758392334,1.2274932861328125,-0.7363219857215881,-1.2742689847946167,0.4982151985168457,-0.6330159306526184,1.3926594257354736,-0.07432246208190918,-0.08743762969970703,-0.924307107925415,-0.36634498834609985,-1.579298496246338,0.2314356118440628,-1.5034259557724,1.2781314849853516,0.3166358470916748,2.8369460105895996,2.625274658203125,-0.7008768320083618,-2.890751838684082,2.2266249656677246,1.1887893676757812,3.5068655014038086,3.891328811645508,1.2173101902008057,-0.18403613567352295,0.6222462058067322,-0.09256461262702942,0.017144620418548584,-3.413710117340088,-2.980133056640625,-1.0034263134002686,0.22688935697078705,0.1289852261543274,0.0741414874792099,0.05122142285108566,0.0828971192240715,0.11337143182754517,0.12155404686927795,0.10178935527801514,0.05799943953752518,0.019254721701145172,0.058774519711732864,0.08372713625431061,0.0763973593711853,0.04736574739217758,0.0177545715123415,0.048637598752975464,0.07779639959335327,0.08375357836484909,0.09351053833961487,0.23034314811229706,0.370074987411499,0.40638267993927,0.3087397813796997,0.15014883875846863,0.04693323001265526,0.06616312265396118,0.1608712077140808,0.2470673769712448,0.22871997952461243,0.14569701254367828,0.15190787613391876,0.16340529918670654,0.10278181731700897,0.1031404510140419,0.2356562316417694,0.26341602206230164,0.1423758566379547,0.07844001054763794,0.16472339630126953,0.21369466185569763,0.19385996460914612,0.10739873349666595,0.14803634583950043,0.17556387186050415,0.16673004627227783,0.24870887398719788,0.25156471133232117,0.18036650121212006,0.14744120836257935,0.1836332082748413,0.22235369682312012,0.2243683785200119,0.22944431006908417,0.22163662314414978,0.20811182260513306,0.21830004453659058,0.22032210230827332,0.21523596346378326,0.22703440487384796,0.23799380660057068,0.23716390132904053,MS
../data/DWT_NEW/MS/New_MS_131.wav,138.01483154296875,-36.99884033203125,11.17799186706543,-10.630581855773926,0.6588393449783325,2.3752827644348145,-1.6646331548690796,4.243481636047363,-0.9246510863304138,1.1279247999191284,-1.0269317626953125,-0.4692936837673187,4.750091552734375,-2.5728445053100586,4.012477874755859,-0.7373027801513672,0.03537040948867798,1.7765626907348633,-0.825867772102356,0.6259785294532776,-0.2820920944213867,0.5728127360343933,-1.5574140548706055,0.3860936760902405,-0.8646331429481506,1.0692869424819946,0.39600592851638794,1.0286760330200195,-0.21169328689575195,0.31066277623176575,-0.060407012701034546,0.14678916335105896,0.22309613227844238,0.04155963659286499,0.4404866099357605,-0.151296466588974,0.5808283090591431,-0.09825964272022247,0.9617233872413635,-0.0655522495508194,0.3405438959598541,0.12389516085386276,0.17483380436897278,0.25054505467414856,0.3083665370941162,0.32458817958831787,0.29130956530570984,0.21592958271503448,0.1373184472322464,0.1455642282962799,0.1963391751050949,0.20156866312026978,0.15496580302715302,0.12159929424524307,0.16276854276657104,0.18071264028549194,0.16982699930667877,0.2756226062774658,0.3622756600379944,0.2901500463485718,0.18900275230407715,0.2181977927684784,0.24358373880386353,0.331170916557312,0.3077962398529053,0.25078678131103516,0.22664928436279297,0.10858546942472458,0.18613168597221375,0.13502845168113708,0.28647273778915405,0.3724547028541565,0.30520981550216675,0.24994616210460663,0.18040069937705994,0.14354747533798218,0.31843915581703186,0.35560140013694763,0.277929425239563,0.21184691786766052,0.23889866471290588,0.3943559527397156,0.33729711174964905,0.21311353147029877,0.317129909992218,0.4132438898086548,0.28837305307388306,0.3265717029571533,0.4401770830154419,0.3631287217140198,0.424792617559433,0.44750845432281494,0.43095386028289795,0.4850332736968994,0.4965062439441681,0.5290433764457703,0.5432749390602112,0.5572659373283386,0.5610290169715881,0.5546233654022217,0.5520917773246765,MS
../data/DWT_NEW/MS/New_MS_154.wav,73.66839599609375,-60.061912536621094,10.254809379577637,-19.50790786743164,-1.1425830125808716,5.177001953125,-5.380951881408691,6.713435173034668,-4.837723255157471,3.7564611434936523,-1.9598580598831177,3.010255813598633,0.30090242624282837,-1.0972719192504883,2.758915424346924,-0.8906914591789246,-2.4766597747802734,4.120426177978516,-3.6679186820983887,-0.49640750885009766,1.4497795104980469,-1.366824984550476,-2.940917730331421,1.5593438148498535,-1.984424352645874,0.8036460876464844,0.2832294702529907,-0.7926554083824158,0.33391129970550537,-0.02501755952835083,0.350919634103775,-2.176459789276123,-0.14114338159561157,-0.741460382938385,-1.1283410787582397,0.18186768889427185,0.7550849318504333,-1.0001204013824463,-0.01330355554819107,-0.3979095220565796,0.2403258979320526,0.04835093766450882,0.06550398468971252,0.07555028796195984,0.07581377029418945,0.06578109413385391,0.047986309975385666,0.02501741424202919,0.012510358355939388,0.044796474277973175,0.07953668385744095,0.09794346988201141,0.08643577992916107,0.05998916178941727,0.0756523534655571,0.10213340073823929,0.0779065489768982,0.05424599349498749,0.0991201102733612,0.09757016599178314,0.09816334396600723,0.12296275794506073,0.08965819329023361,0.062143996357917786,0.054809097200632095,0.062195178121328354,0.07113979756832123,0.08769485354423523,0.10693973302841187,0.11535871028900146,0.10743805766105652,0.10049191117286682,0.10007460415363312,0.08703412115573883,0.07882948219776154,0.09621453285217285,0.12392643094062805,0.12624569237232208,0.12619826197624207,0.12778745591640472,0.10723660886287689,0.1419173926115036,0.16176262497901917,0.14486795663833618,0.136318638920784,0.1476994752883911,0.16540801525115967,0.16985438764095306,0.16465893387794495,0.19601593911647797,0.2039794623851776,0.2056058794260025,0.23278264701366425,0.23325593769550323,0.23937134444713593,0.24632251262664795,0.2414839118719101,0.2420109659433365,0.26803913712501526,0.2797745168209076,0.2705807089805603,MS
../data/DWT_NEW/MS/New_MS_073.wav,67.00204467773438,-36.37835693359375,36.714786529541016,-5.590773105621338,3.3665151596069336,1.3324230909347534,1.5224891901016235,2.691929817199707,-0.37993088364601135,-1.4844415187835693,-0.6294577121734619,5.572758674621582,-4.2888994216918945,2.553828477859497,-3.8150501251220703,5.3615217208862305,-3.6934938430786133,2.0025501251220703,-1.3052843809127808,1.7531861066818237,-2.3474223613739014,1.4471614360809326,1.1467766761779785,0.2465331107378006,0.741298258304596,-0.7687503099441528,0.9836991429328918,-0.3778703212738037,1.2195789813995361,-1.024444818496704,0.7189161777496338,1.4162615537643433,-1.1182053089141846,0.3161357641220093,0.7502458095550537,1.7031747102737427,1.5829286575317383,-1.725992202758789,0.41030657291412354,-0.5415898561477661,0.20311452448368073,0.16297250986099243,0.13923034071922302,0.11216077208518982,0.08291976898908615,0.05328686535358429,0.026620404794812202,0.01069502905011177,0.031580351293087006,0.063772052526474,0.10755835473537445,0.160185307264328,0.2138267457485199,0.2582516074180603,0.2781965732574463,0.2638998031616211,0.21506620943546295,0.14152342081069946,0.06718111783266068,0.03771870955824852,0.08622535318136215,0.16169244050979614,0.24028748273849487,0.2745387852191925,0.23813924193382263,0.1515774130821228,0.07089528441429138,0.10788507759571075,0.16758112609386444,0.17445108294487,0.12589624524116516,0.07141193002462387,0.11222860962152481,0.15490278601646423,0.13858789205551147,0.10286656022071838,0.0951489582657814,0.0869610607624054,0.08166362345218658,0.08654074370861053,0.08701826632022858,0.08069251477718353,0.07288157194852829,0.07113379240036011,0.0705433040857315,0.0648961067199707,0.05730942264199257,0.049922145903110504,0.04056546464562416,0.04526282846927643,0.04311692714691162,0.030795110389590263,0.04167734459042549,0.03819350153207779,0.03824411332607269,0.040231507271528244,0.04574613645672798,0.04613710567355156,0.041623879224061966,0.036473486572504044,0.036469411104917526,MS
../data/DWT_NEW/MS/New_MS_006.wav,27.45830535888672,-84.40926361083984,28.33740997314453,-14.962539672851562,0.18170398473739624,2.9864673614501953,12.626297950744629,6.025266647338867,5.697719573974609,-1.134448766708374,-1.005009651184082,10.166170120239258,-0.6183497905731201,2.359231948852539,-2.8126354217529297,3.4070658683776855,-4.6740899085998535,0.037280671298503876,1.4393579959869385,3.5290160179138184,2.853565216064453,0.07583586126565933,0.4356310963630676,-0.11499333381652832,-4.919013023376465,0.38988935947418213,-1.5321979522705078,-1.2216541767120361,-0.4066923260688782,-1.1580079793930054,4.15768575668335,0.9571595191955566,4.628279685974121,2.6948347091674805,2.9787826538085938,2.7504072189331055,-0.7468178272247314,-1.547729253768921,-1.1132447719573975,-6.477163314819336,0.22350557148456573,0.053066812455654144,0.058413755148649216,0.06435522437095642,0.06945617496967316,0.07308239489793777,0.07461848855018616,0.0732647031545639,0.06768569350242615,0.05800849199295044,0.04487193748354912,0.03122997097671032,0.03010072000324726,0.04625372961163521,0.0662594586610794,0.08275879919528961,0.08998943865299225,0.08434540778398514,0.06570407748222351,0.03790457174181938,0.021117929369211197,0.04138767719268799,0.05986941233277321,0.06515759229660034,0.06485924869775772,0.07132910192012787,0.08164048939943314,0.0844884142279625,0.07132008671760559,0.0400407500565052,0.017926864326000214,0.06197357177734375,0.08244048058986664,0.062484245747327805,0.0309899989515543,0.028650633990764618,0.021530210971832275,0.02499283105134964,0.050169385969638824,0.07626967132091522,0.08270243555307388,0.05844353884458542,0.02747453935444355,0.0358956903219223,0.06916919350624084,0.08693619817495346,0.08998920023441315,0.11282627284526825,0.11603190004825592,0.10976992547512054,0.09619274735450745,0.07771141827106476,0.06186811253428459,0.061676301062107086,0.08269032835960388,0.12065251171588898,0.16361317038536072,0.197967529296875,0.22182339429855347,0.2261257916688919,0.20490047335624695,MS
../data/DWT_NEW/MS/New_MS_084.wav,58.61780548095703,-43.17527389526367,37.76715087890625,-7.939321517944336,4.8159379959106445,-0.5321418046951294,-1.6619058847427368,0.7246501445770264,-1.205026388168335,-1.1198946237564087,5.660942077636719,1.3951146602630615,-4.007979393005371,0.2188231498003006,-2.045403480529785,3.3323068618774414,-3.1443071365356445,0.8634669780731201,-1.5999987125396729,1.851597785949707,-0.0645608901977539,-1.6100785732269287,0.42109811305999756,1.4719502925872803,-1.3980929851531982,0.1859050989151001,0.6812502145767212,-0.9766094088554382,1.1423511505126953,-0.46212905645370483,0.21366629004478455,1.778419852256775,-1.8901774883270264,0.5181021690368652,-0.1669996827840805,1.4752651453018188,1.2363629341125488,-0.9666957855224609,-0.2760213315486908,-1.5072758197784424,0.20154337584972382,0.15438279509544373,0.16695767641067505,0.1701202094554901,0.16119149327278137,0.13931909203529358,0.11055947840213776,0.09113864600658417,0.10507535934448242,0.14122076332569122,0.17162129282951355,0.17657509446144104,0.14875555038452148,0.08976593613624573,0.03587600216269493,0.0840250551700592,0.13250599801540375,0.14166352152824402,0.11626316606998444,0.11432790756225586,0.16595406830310822,0.18214046955108643,0.13873761892318726,0.12134816497564316,0.17410717904567719,0.17567656934261322,0.13377924263477325,0.14472898840904236,0.14241446554660797,0.1365378499031067,0.13135220110416412,0.14446254074573517,0.16375623643398285,0.16554780304431915,0.14724646508693695,0.12857849895954132,0.1325908601284027,0.13808004558086395,0.1413029134273529,0.13894346356391907,0.13241374492645264,0.1315377950668335,0.12265536189079285,0.1037142351269722,0.1071726530790329,0.12820370495319366,0.11860685795545578,0.07686614245176315,0.0920533686876297,0.092926025390625,0.05918796360492706,0.06674829125404358,0.06444229930639267,0.06908933818340302,0.07207491993904114,0.0719883143901825,0.06935472786426544,0.0682518407702446,0.06726884841918945,0.06251438707113266,0.058242443948984146,MS
../data/DWT_NEW/MS/New_MS_172.wav,49.8863525390625,-43.69862747192383,15.611721992492676,-29.035472869873047,-0.24770987033843994,-4.560786247253418,5.154581069946289,-6.5477447509765625,2.6353955268859863,-0.30600565671920776,-0.1869257092475891,0.35017722845077515,-0.819183349609375,1.8639456033706665,-1.7654602527618408,1.3666706085205078,-0.38347873091697693,-0.35865241289138794,1.0546228885650635,-0.8991848230361938,0.598764955997467,-0.6148999929428101,0.01717311143875122,0.4021659791469574,-0.39780664443969727,0.4300610423088074,-0.48492562770843506,0.2434285283088684,-0.022686034440994263,0.3756939768791199,0.4455145001411438,-0.4532277584075928,0.30042940378189087,0.11680874228477478,0.41816824674606323,0.5463999509811401,0.09925054013729095,0.4273436367511749,-0.14333830773830414,-0.4453010559082031,0.1910685896873474,0.03289373964071274,0.0374915711581707,0.04446687176823616,0.04964929819107056,0.049858421087265015,0.04444310441613197,0.03673149645328522,0.03884703293442726,0.057693108916282654,0.08232046663761139,0.10246983170509338,0.11209819465875626,0.10455642640590668,0.0817764401435852,0.04818965494632721,0.03779684752225876,0.06131882965564728,0.06389164924621582,0.04573419690132141,0.053054872900247574,0.07207124680280685,0.06977321207523346,0.0533423088490963,0.048034247010946274,0.05913149192929268,0.08969343453645706,0.09570501744747162,0.08268995583057404,0.07900194078683853,0.08512350171804428,0.10123498737812042,0.09951771050691605,0.09140323102474213,0.09065839648246765,0.08990595489740372,0.1034577339887619,0.1307525932788849,0.13637752830982208,0.11416950076818466,0.10659228265285492,0.12594234943389893,0.13782846927642822,0.13754823803901672,0.1466437429189682,0.13769890367984772,0.14448119699954987,0.16602960228919983,0.16166304051876068,0.17127281427383423,0.16934117674827576,0.17328041791915894,0.18091419339179993,0.1880582571029663,0.18951115012168884,0.1874503493309021,0.18803419172763824,0.18272614479064941,0.17740817368030548,0.16746848821640015,0.1528109610080719,MS
../data/DWT_NEW/MS/New_MS_081.wav,65.47168731689453,-41.69696044921875,30.907041549682617,-7.2995805740356445,3.7489590644836426,-5.9070143699646,1.8529092073440552,-0.4330701231956482,0.8976019024848938,-6.454306602478027,0.39116278290748596,1.8013978004455566,1.6800764799118042,-3.6637816429138184,0.509058952331543,1.691365122795105,-3.6142592430114746,2.526899814605713,-1.6096678972244263,-0.5608663558959961,0.05138544738292694,-0.5194336175918579,-0.13895902037620544,1.0048195123672485,-1.0818723440170288,-1.0190348625183105,0.3818454444408417,-0.9973806738853455,0.891771137714386,-1.0939178466796875,-0.17027589678764343,0.920479416847229,-1.664473533630371,0.8012887239456177,1.7008299827575684,0.5071791410446167,0.9804658889770508,-2.0215513706207275,-0.028698712587356567,-0.7304432392120361,0.20401592552661896,0.09143046289682388,0.09107229113578796,0.08900628983974457,0.08550503104925156,0.08230195939540863,0.08364543318748474,0.09202510118484497,0.10549362003803253,0.11986801773309708,0.1303250789642334,0.13299128413200378,0.1291687786579132,0.12514767050743103,0.12603044509887695,0.13353003561496735,0.1446920782327652,0.15140758454799652,0.15195125341415405,0.1456785500049591,0.1337110847234726,0.11765134334564209,0.10330912470817566,0.10544316470623016,0.10609234869480133,0.09966440498828888,0.13212202489376068,0.13820704817771912,0.09473916888237,0.07256728410720825,0.0895824283361435,0.089557945728302,0.059797413647174835,0.044524386525154114,0.08102712780237198,0.09796358644962311,0.0812993198633194,0.07654716819524765,0.06752355396747589,0.06577249616384506,0.07526014000177383,0.08060561120510101,0.07506559789180756,0.06612376868724823,0.06910903006792068,0.07516292482614517,0.07373062521219254,0.06867997348308563,0.059370096772909164,0.06047046557068825,0.0635010302066803,0.052069321274757385,0.062488801777362823,0.05586247891187668,0.05718877911567688,0.05517256259918213,0.0571323037147522,0.05436022952198982,0.046606726944446564,0.040841035544872284,0.039519887417554855,MS
../data/DWT_NEW/MS/New_MS_033.wav,49.186180114746094,-41.431236267089844,43.82778549194336,-0.4026845693588257,-1.2041282653808594,-5.758855819702148,6.982610702514648,-1.2515153884887695,-1.3222845792770386,0.45544105768203735,-1.6120665073394775,2.4936861991882324,0.799735426902771,-2.7585361003875732,0.7830410599708557,1.0983186960220337,-2.239440679550171,0.8020955324172974,-0.10321204364299774,0.3795056939125061,-0.8304817080497742,-0.9803600907325745,0.6218847632408142,1.3900818824768066,-0.6624152660369873,-0.5670714378356934,0.5216050148010254,-0.06013515591621399,0.38206052780151367,-1.2262014150619507,0.8206387758255005,0.7665187120437622,-2.271998405456543,1.4230765104293823,-0.37251046299934387,1.8622323274612427,0.8438266515731812,-1.7521919012069702,-0.5402681827545166,-0.6008569002151489,0.18168310821056366,0.1311512589454651,0.14235463738441467,0.1473064124584198,0.1445360779762268,0.1346687227487564,0.12427391111850739,0.12329983711242676,0.1379682719707489,0.16204868257045746,0.18101616203784943,0.18008935451507568,0.15341268479824066,0.10797345638275146,0.06594464927911758,0.09884089976549149,0.14239683747291565,0.15220654010772705,0.12845630943775177,0.12291241437196732,0.16884854435920715,0.18578490614891052,0.14498946070671082,0.08661366254091263,0.13386759161949158,0.13952574133872986,0.13290080428123474,0.16391238570213318,0.13764087855815887,0.10515692830085754,0.1191578358411789,0.13600404560565948,0.1394827961921692,0.12384264916181564,0.13747650384902954,0.14899176359176636,0.13583515584468842,0.1270236074924469,0.1254880726337433,0.12463796138763428,0.12866029143333435,0.12709055840969086,0.12307993322610855,0.11713631451129913,0.11521512269973755,0.11304295063018799,0.10569463670253754,0.09337704628705978,0.07622641324996948,0.08201023191213608,0.07846622169017792,0.06469729542732239,0.05873192101716995,0.055504556745290756,0.05378178134560585,0.051951341331005096,0.04980959743261337,0.04266534745693207,0.03524482995271683,0.03297076374292374,0.034612368792295456,MS
../data/DWT_NEW/MS/New_MS_013.wav,20.591053009033203,-85.60484313964844,17.647127151489258,-17.589706420898438,7.705122470855713,-5.948866844177246,-4.969443321228027,-10.101266860961914,-11.818419456481934,1.0953291654586792,-3.808250904083252,3.174316883087158,2.014411211013794,3.9381613731384277,-0.5717691779136658,3.937608242034912,-3.94826078414917,-0.8980695009231567,1.7018051147460938,-4.576934814453125,1.002271056175232,-0.6704834699630737,-2.7273974418640137,-2.825538396835327,-7.7016425132751465,-3.187675952911377,1.1449559926986694,-3.3710665702819824,3.216484546661377,1.3893489837646484,-1.5258138179779053,-0.47176486253738403,-6.445578098297119,-1.550098180770874,-0.8308373689651489,-2.785576820373535,1.9779914617538452,-2.5897765159606934,2.335749626159668,-1.0124094486236572,0.19672393798828125,0.005071832798421383,0.005354502238333225,0.005847275722771883,0.006223844829946756,0.00630363542586565,0.006153164431452751,0.0062502166256308556,0.007723710034042597,0.011399841867387295,0.01714867353439331,0.024198384955525398,0.03216836601495743,0.03922019898891449,0.04576188698410988,0.04994123801589012,0.049871619790792465,0.04408350959420204,0.03304919973015785,0.02284049428999424,0.029644843190908432,0.04702690988779068,0.05914979800581932,0.05707361921668053,0.038791678845882416,0.01004589069634676,0.02303972654044628,0.042294617742300034,0.045922305434942245,0.04372040927410126,0.042953137308359146,0.03018229641020298,0.006555825471878052,0.04759955778717995,0.08163263648748398,0.09275223314762115,0.07819216698408127,0.03506346046924591,0.034768372774124146,0.09969167411327362,0.15145976841449738,0.14447572827339172,0.08343347907066345,0.05907171219587326,0.10809682309627533,0.11800533533096313,0.07649125903844833,0.04752829298377037,0.07232944667339325,0.08660417795181274,0.07836654782295227,0.07535023242235184,0.07822868973016739,0.06666358560323715,0.06317801773548126,0.04938662052154541,0.0368184968829155,0.04058903083205223,0.07078895717859268,0.10844994336366653,0.1450909823179245,MS
../data/DWT_NEW/MS/New_MS_068.wav,63.555789947509766,-42.01422882080078,22.950428009033203,-9.0001220703125,0.7946299314498901,2.8117809295654297,-1.764418363571167,4.2041401863098145,-4.826099395751953,0.7716283202171326,1.3581995964050293,4.555995464324951,-6.675943374633789,2.3050053119659424,-3.483738899230957,1.5017709732055664,-1.2991280555725098,3.1837267875671387,-5.3890228271484375,4.038053512573242,-1.0932713747024536,-0.9482778906822205,0.676697850227356,0.5167325735092163,-1.5757228136062622,0.9379007816314697,-0.030206799507141113,-0.6482404470443726,1.549207329750061,-0.9922133684158325,-0.12476310133934021,1.6791718006134033,-2.8414084911346436,1.8033849000930786,-2.2214298248291016,2.48024320602417,-0.08021646738052368,-0.8305269479751587,-0.18384069204330444,-0.42409753799438477,0.18169352412223816,0.12250196933746338,0.1326235979795456,0.1367683708667755,0.13308845460414886,0.12219290435314178,0.10877291858196259,0.10130669921636581,0.1064552441239357,0.12141869217157364,0.13424043357372284,0.13249629735946655,0.11203528195619583,0.07328370213508606,0.024536432698369026,0.03294770047068596,0.07453194260597229,0.10410360991954803,0.12755770981311798,0.15459102392196655,0.1782197505235672,0.16970130801200867,0.10762104392051697,0.06122449040412903,0.13772757351398468,0.18612541258335114,0.18917588889598846,0.153232142329216,0.1022559180855751,0.08458051085472107,0.11874343454837799,0.15347737073898315,0.14853891730308533,0.13246943056583405,0.12943032383918762,0.10947559028863907,0.0987681970000267,0.11768227815628052,0.12668578326702118,0.11200187355279922,0.08353789895772934,0.08808360248804092,0.10048052668571472,0.07437308877706528,0.04834751412272453,0.09695793688297272,0.09407760947942734,0.020390482619404793,0.07736565172672272,0.08011174947023392,0.04146280512213707,0.07466742396354675,0.08016268908977509,0.10179700702428818,0.11819584667682648,0.12607508897781372,0.12892889976501465,0.12841543555259705,0.12901081144809723,0.12535253167152405,0.11086397618055344,MS
../data/DWT_NEW/MS/New_MS_043.wav,55.112552642822266,-30.483652114868164,40.909645080566406,-8.303550720214844,-3.500383138656616,6.900062561035156,-3.2726049423217773,1.6350500583648682,-3.4189820289611816,2.245546340942383,1.3431535959243774,0.03510546684265137,-0.5058094263076782,-2.22955060005188,1.053797721862793,0.08938956260681152,-1.4914802312850952,1.0188488960266113,-1.9961633682250977,1.2386003732681274,-0.19508874416351318,-1.160691738128662,0.3924049139022827,0.7974284291267395,-1.3464092016220093,0.5188683271408081,0.44947636127471924,-0.36594846844673157,0.4794304370880127,-0.919757604598999,0.24889247119426727,0.7537729740142822,-1.6874645948410034,1.614745020866394,-1.27744722366333,2.6814451217651367,-0.07032820582389832,-0.65090411901474,0.126638263463974,-0.9755357503890991,0.16352134943008423,0.16243156790733337,0.17326492071151733,0.1758476346731186,0.16812120378017426,0.149938702583313,0.1280542016029358,0.11670223623514175,0.1319921612739563,0.16728267073631287,0.2005809247493744,0.21115288138389587,0.1881559193134308,0.12788349390029907,0.0538797602057457,0.07992598414421082,0.14924967288970947,0.17802901566028595,0.1611192524433136,0.14418374001979828,0.18319235742092133,0.19883577525615692,0.1528707593679428,0.12091134488582611,0.17537882924079895,0.1865326166152954,0.13968221843242645,0.17112460732460022,0.1692807376384735,0.16105899214744568,0.15272526443004608,0.1523752510547638,0.16836340725421906,0.17182472348213196,0.1588490754365921,0.13883474469184875,0.14064043760299683,0.1389474868774414,0.14357900619506836,0.15139587223529816,0.1484723687171936,0.13352680206298828,0.1068311333656311,0.09979391098022461,0.12041020393371582,0.12221188098192215,0.08982623368501663,0.06681152433156967,0.07977759838104248,0.06111980974674225,0.055423349142074585,0.055588074028491974,0.05165186524391174,0.056804537773132324,0.053537458181381226,0.04734906181693077,0.04207012057304382,0.035536374896764755,0.03211076557636261,0.02593650296330452,0.02182653173804283,MS
../data/DWT_NEW/MS/New_MS_197.wav,55.00340270996094,-27.38990020751953,46.98078536987305,-5.880373477935791,1.5887508392333984,2.155747413635254,-4.229668140411377,5.942943572998047,-6.514493465423584,0.8997833728790283,3.128847122192383,3.2711195945739746,-5.186147689819336,1.186201810836792,-3.100585460662842,3.7931013107299805,-3.444685935974121,1.9479477405548096,-3.532529830932617,3.4939067363739014,-2.212148427963257,-0.17793431878089905,0.4915514588356018,0.28837698698043823,-0.9554450511932373,-0.10794878005981445,0.27730488777160645,0.671023428440094,-0.5438235998153687,-1.0743165016174316,0.32732588052749634,0.9462893009185791,-1.62247633934021,1.2025033235549927,-2.9989662170410156,3.6574854850769043,-0.0921233743429184,-0.7843106985092163,0.6084992289543152,-0.800571858882904,0.17252609133720398,0.16328255832195282,0.17979109287261963,0.19163376092910767,0.19696608185768127,0.19697587192058563,0.19601388275623322,0.1992592215538025,0.20797638595104218,0.22060520946979523,0.22829030454158783,0.21702443063259125,0.18092045187950134,0.1165732815861702,0.050098273903131485,0.09129210561513901,0.16874787211418152,0.2235506772994995,0.2545420527458191,0.2727382779121399,0.2749145030975342,0.23724865913391113,0.14827902615070343,0.09875330328941345,0.18947097659111023,0.2649213373661041,0.29419657588005066,0.2690635919570923,0.2063208818435669,0.18495681881904602,0.228437602519989,0.24661992490291595,0.21460101008415222,0.19214721024036407,0.20378264784812927,0.2037188857793808,0.1934201717376709,0.18790091574192047,0.17799422144889832,0.17247027158737183,0.16993388533592224,0.15880902111530304,0.12155015021562576,0.09493973106145859,0.12793883681297302,0.14232036471366882,0.0834379494190216,0.02475195750594139,0.08530627191066742,0.054583169519901276,0.02459634095430374,0.05838639289140701,0.06742965430021286,0.09084732085466385,0.10691013187170029,0.11290652304887772,0.11372996121644974,0.1078139916062355,0.10244962573051453,0.10229828953742981,0.10521667450666428,MS
../data/DWT_NEW/MS/New_MS_125.wav,51.88529968261719,-66.82148742675781,23.82742691040039,-5.412271976470947,-11.73198127746582,12.83016586303711,-6.671925067901611,-1.1681780815124512,3.539668083190918,-1.913711667060852,-1.0545361042022705,1.9421571493148804,-2.701796293258667,0.13236156105995178,2.191657543182373,-4.961190700531006,3.2688117027282715,-1.1005723476409912,0.4049399495124817,-1.4235806465148926,0.9232219457626343,2.417901039123535,-3.462066173553467,1.6053898334503174,-0.7630529403686523,-2.5023398399353027,2.1826422214508057,1.590212106704712,0.326820433139801,0.23617348074913025,-0.1759049892425537,0.26979514956474304,-2.106778860092163,-0.03523993492126465,-0.17142120003700256,-1.8865021467208862,1.7571223974227905,0.9972776770591736,-2.875917673110962,1.8318842649459839,0.22596588730812073,0.029880359768867493,0.06058559566736221,0.08825889229774475,0.10453833639621735,0.1009988784790039,0.07374125719070435,0.028208326548337936,0.04194362089037895,0.08745051175355911,0.10234260559082031,0.07683002948760986,0.033649902790784836,0.06109223887324333,0.07237052172422409,0.05146319791674614,0.04851722717285156,0.058217551559209824,0.06524820625782013,0.051971159875392914,0.07174491882324219,0.09977934509515762,0.07401219010353088,0.08763322234153748,0.05387456715106964,0.08421437442302704,0.07848694175481796,0.06584088504314423,0.022907031700015068,0.07839801162481308,0.09272359311580658,0.06740304827690125,0.09293770790100098,0.06782890856266022,0.02456200309097767,0.07365898787975311,0.05495131015777588,0.07418015599250793,0.015066912397742271,0.06477540731430054,0.05058101564645767,0.027376292273402214,0.053910888731479645,0.05912117660045624,0.05207901448011398,0.03130880370736122,0.052964236587285995,0.03839001804590225,0.03470513969659805,0.04952755197882652,0.05819958448410034,0.04446987062692642,0.05984809994697571,0.03759456425905228,0.04466153681278229,0.03172086551785469,0.02156681939959526,0.029254447668790817,0.03879154473543167,0.040700070559978485,0.047212280333042145,MS
../data/DWT_NEW/MS/New_MS_065.wav,67.98887634277344,-41.964805603027344,26.982139587402344,-4.754152297973633,6.047008514404297,-0.36888301372528076,2.7102441787719727,4.413629531860352,-4.822913646697998,2.5583395957946777,-3.969597339630127,5.646289825439453,-4.507549285888672,3.6952874660491943,-3.7453784942626953,4.301115989685059,-2.8686633110046387,1.2734925746917725,-1.9732667207717896,2.8217036724090576,-3.3392162322998047,1.9787336587905884,-0.4490610957145691,0.6822112798690796,0.5115615129470825,-0.5831735134124756,0.19202181696891785,0.19905495643615723,-0.26188528537750244,-0.48567768931388855,0.2539559602737427,0.6118389368057251,-2.025794506072998,2.3602428436279297,-1.307527780532837,2.77278995513916,-0.5591112375259399,-0.5397027134895325,-0.4672723412513733,-0.6234239339828491,0.2052251100540161,0.13056689500808716,0.12365102767944336,0.11198297142982483,0.09425540268421173,0.07046028226613998,0.046726420521736145,0.046036213636398315,0.0771111249923706,0.1156080961227417,0.15062451362609863,0.17557752132415771,0.18945710361003876,0.19754129648208618,0.19957616925239563,0.1975778490304947,0.1890476495027542,0.16660763323307037,0.13304659724235535,0.10318464785814285,0.10376805067062378,0.12212081253528595,0.1369403749704361,0.1489216536283493,0.14333920180797577,0.10760568082332611,0.10076573491096497,0.13244923949241638,0.11772426962852478,0.1068841814994812,0.11216451227664948,0.08334846049547195,0.05980518460273743,0.06382731348276138,0.08793817460536957,0.08855056762695312,0.07007814198732376,0.06262286007404327,0.06642550230026245,0.06858699023723602,0.06688068062067032,0.05900849401950836,0.0542413555085659,0.06010529398918152,0.0630880743265152,0.05723835900425911,0.052034854888916016,0.05724646523594856,0.050165873020887375,0.04942651838064194,0.06288758665323257,0.05580451339483261,0.05525971204042435,0.05067039653658867,0.04430464282631874,0.040521908551454544,0.04322884604334831,0.040288686752319336,0.03595772013068199,0.036978308111429214,0.03660796955227852,MS
../data/DWT_NEW/MS/New_MS_088.wav,15.822574615478516,-115.26551818847656,12.764909744262695,-20.84466552734375,13.141901016235352,-7.938364028930664,6.400556564331055,-0.6491241455078125,-3.4788832664489746,3.090022087097168,-5.077505111694336,5.156087875366211,-2.0341315269470215,3.287660837173462,1.1208198070526123,0.0008425414562225342,-0.1954585313796997,-1.5898793935775757,2.8508996963500977,1.5857864618301392,-0.3268055319786072,1.3218575716018677,-1.363358974456787,0.04624590277671814,0.363342821598053,0.20878610014915466,0.19223126769065857,-0.6682651042938232,0.8539594411849976,-1.3445391654968262,0.7317568063735962,1.255813479423523,-0.896528422832489,2.2867987155914307,-0.7241180539131165,1.380960464477539,0.7890089154243469,0.07199987769126892,0.7919379472732544,0.3064250946044922,0.3428494930267334,0.04059137403964996,0.03829949349164963,0.032224901020526886,0.022665951400995255,0.010997354052960873,0.0030682412907481194,0.010050822049379349,0.012807188555598259,0.009466586634516716,0.0034754134248942137,0.010008776560425758,0.016941025853157043,0.019782235845923424,0.018118232488632202,0.013616133481264114,0.00827283039689064,0.009216010570526123,0.021067019551992416,0.034957122057676315,0.03867717087268829,0.027525855228304863,0.01231881882995367,0.007724609691649675,0.018916189670562744,0.023117374628782272,0.015942692756652832,0.009604930877685547,0.028138283640146255,0.0303586944937706,0.015710536390542984,0.01324786152690649,0.016734816133975983,0.014618389308452606,0.02873525395989418,0.027894608676433563,0.022808853536844254,0.022265106439590454,0.01815204694867134,0.023557789623737335,0.02754509076476097,0.03097488544881344,0.01809508726000786,0.01699306070804596,0.028873000293970108,0.021565426141023636,0.01792168989777565,0.0254192017018795,0.02661946974694729,0.03263728693127632,0.036736853420734406,0.041919536888599396,0.048117946833372116,0.05431221425533295,0.06091570854187012,0.06841090321540833,0.07521549612283707,0.08235013484954834,0.08946233242750168,0.09485344588756561,0.09961360692977905,MS
../data/DWT_NEW/MS/New_MS_165.wav,121.09373474121094,-36.04730987548828,6.742544651031494,-16.315359115600586,0.8470789194107056,0.8447753190994263,-3.460707902908325,0.4608093202114105,0.7025370597839355,-3.4689576625823975,-2.7984886169433594,3.632969617843628,3.1773252487182617,-2.103847026824951,-0.8909981846809387,0.6179121732711792,-0.2545953392982483,0.022333450615406036,-0.11546152830123901,-1.813906192779541,2.1865124702453613,-2.5723419189453125,1.949786901473999,-1.6317884922027588,0.4126189351081848,0.2833005487918854,0.8140747547149658,-0.8132727146148682,0.9530658721923828,-0.8512598276138306,0.2522740364074707,-0.3182348608970642,-1.0308772325515747,0.5425437688827515,-0.8022363185882568,0.3657025992870331,-1.2993742227554321,0.14531654119491577,-0.593997597694397,-0.19124923646450043,0.28336116671562195,0.1316903829574585,0.11937734484672546,0.10722360014915466,0.09536336362361908,0.08117122948169708,0.063605397939682,0.045914627611637115,0.03823228180408478,0.049208756536245346,0.08771775662899017,0.15468493103981018,0.2275014966726303,0.26656877994537354,0.25219276547431946,0.1860465109348297,0.12041597068309784,0.1347741037607193,0.19436371326446533,0.23249632120132446,0.19863244891166687,0.1150422990322113,0.05776064842939377,0.050737231969833374,0.11658892780542374,0.19199874997138977,0.16967077553272247,0.12492779642343521,0.15930680930614471,0.16601192951202393,0.13012605905532837,0.1565052568912506,0.16996055841445923,0.12267295271158218,0.13371580839157104,0.1435459703207016,0.13275346159934998,0.13865558803081512,0.16720223426818848,0.19765974581241608,0.06744503229856491,0.09367072582244873,0.22034426033496857,0.17693662643432617,0.11548970639705658,0.17192839086055756,0.23830720782279968,0.1764461249113083,0.17890143394470215,0.22495122253894806,0.20055237412452698,0.23121334612369537,0.2497434914112091,0.25762879848480225,0.2881583571434021,0.30878567695617676,0.349867582321167,0.38101863861083984,0.4017956256866455,0.4226640462875366,0.44953739643096924,MS
../data/DWT_NEW/MS/New_MS_111.wav,47.15555191040039,-49.57061767578125,29.56731605529785,-5.114511489868164,-10.011199951171875,-3.4608898162841797,-14.066567420959473,9.696311950683594,-3.3634581565856934,-2.634093761444092,-2.2034034729003906,-6.011956691741943,-0.34531018137931824,-2.989230155944824,2.056338310241699,0.5645119547843933,-3.035834550857544,0.18480375409126282,1.9549907445907593,-4.7232818603515625,0.8033027052879333,1.431836485862732,-2.8129782676696777,0.6604243516921997,0.8067288994789124,-1.2627005577087402,-0.39693617820739746,-2.122478485107422,-1.3478477001190186,1.795326590538025,-2.4860591888427734,1.2627909183502197,-0.5677514672279358,-0.7263548374176025,-0.07055093348026276,-1.7163468599319458,0.16987577080726624,-0.8062887191772461,0.06275942921638489,-1.405958890914917,0.18019479513168335,0.00752348592504859,0.016798004508018494,0.04298454895615578,0.06758635491132736,0.08270397782325745,0.08131225407123566,0.060270700603723526,0.032935790717601776,0.061078593134880066,0.09866233170032501,0.10586658120155334,0.07483725994825363,0.05026371031999588,0.09598754346370697,0.11726466566324234,0.08674916625022888,0.038188397884368896,0.033097416162490845,0.0425700917840004,0.07731938362121582,0.07620365917682648,0.10948007553815842,0.1438044160604477,0.11700262129306793,0.0879756361246109,0.09544555842876434,0.10025285184383392,0.08789920061826706,0.1174217164516449,0.1493922770023346,0.1538311243057251,0.11625772714614868,0.09815134853124619,0.15191516280174255,0.1866845339536667,0.1900743991136551,0.1295894831418991,0.13274641335010529,0.21812354028224945,0.2081160843372345,0.11741360276937485,0.15322887897491455,0.1926298588514328,0.09331931173801422,0.12709838151931763,0.13746461272239685,0.110374316573143,0.17813444137573242,0.16807827353477478,0.20668229460716248,0.2002657651901245,0.1927415132522583,0.17082148790359497,0.13251857459545135,0.10618988424539566,0.07263798266649246,0.06018275395035744,0.07732629776000977,0.08360166847705841,0.06763779371976852,MS
../data/DWT_NEW/MS/New_MS_119.wav,-19.22987174987793,-98.07012939453125,48.085227966308594,-4.993315696716309,3.2994518280029297,0.6727526187896729,-7.6656107902526855,-3.0268094539642334,-0.07399967312812805,7.372306823730469,-7.108297824859619,-3.3394832611083984,1.6838557720184326,1.7395106554031372,-0.1477295160293579,0.019231557846069336,-4.408403396606445,0.5778152942657471,0.29149508476257324,-1.293727159500122,-1.0198001861572266,-1.5242421627044678,4.035975456237793,-2.6988701820373535,-0.8800264596939087,2.2727158069610596,-4.199315071105957,-1.2169384956359863,1.1635009050369263,-1.5921378135681152,0.39817947149276733,0.21032029390335083,1.9692718982696533,2.8824899196624756,0.7698172330856323,-1.4000778198242188,-0.308183491230011,3.1046364307403564,4.9333815574646,0.3816981017589569,0.2059970647096634,0.025605708360671997,0.029063675552606583,0.030448494479060173,0.029193853959441185,0.02529488131403923,0.020544104278087616,0.019299007952213287,0.024753138422966003,0.03278428316116333,0.038633305579423904,0.03898441419005394,0.03286664932966232,0.020907104015350342,0.008241191506385803,0.01825474016368389,0.03252795711159706,0.040227316319942474,0.03771708160638809,0.0251407902687788,0.018506139516830444,0.03239492326974869,0.03734971582889557,0.028821462765336037,0.03780480846762657,0.04170722886919975,0.03656907007098198,0.04030267149209976,0.04116709157824516,0.04170621186494827,0.042873315513134,0.042136549949645996,0.036735571920871735,0.029847528785467148,0.024801969528198242,0.021592609584331512,0.03223971277475357,0.04618876427412033,0.05071856081485748,0.04273909702897072,0.03125946596264839,0.03410939872264862,0.0312967523932457,0.020113389939069748,0.02853552997112274,0.03745027631521225,0.03429071977734566,0.025891784578561783,0.034537140280008316,0.03807760775089264,0.03188963606953621,0.017541244626045227,0.019131097942590714,0.03146292269229889,0.036947231739759445,0.03179824724793434,0.020143583416938782,0.010814637877047062,0.007235056720674038,0.004851431120187044,0.015592385083436966,MS
../data/DWT_NEW/MS/New_MS_159.wav,124.85071563720703,-45.709815979003906,7.250643730163574,-18.80133819580078,-1.4429287910461426,3.8883233070373535,-6.973414421081543,-3.353848695755005,-5.234360218048096,-0.48789334297180176,-2.284820556640625,-3.6880862712860107,1.752698302268982,-2.384418249130249,2.9226789474487305,-4.651901721954346,0.956305742263794,-0.25981980562210083,-1.0939775705337524,-1.0693941116333008,-0.19166776537895203,-0.9422982931137085,-1.6051616668701172,-0.6486755013465881,0.04739654064178467,0.7823623418807983,-0.36884820461273193,1.1736598014831543,-1.6124603748321533,0.20924389362335205,-0.9867473840713501,0.16922584176063538,-0.959463357925415,0.6860929727554321,-0.5703386068344116,-0.046800583600997925,-0.8378721475601196,-0.5647820234298706,-0.4424830675125122,-0.5283699631690979,0.32866543531417847,0.010179083794355392,0.03327237814664841,0.054411351680755615,0.06972257792949677,0.07596659660339355,0.07180605828762054,0.06131801754236221,0.0629926472902298,0.0851852297782898,0.10124523192644119,0.09250444173812866,0.09476222097873688,0.15847742557525635,0.21012470126152039,0.19370445609092712,0.12685833871364594,0.13256335258483887,0.1440688967704773,0.12800437211990356,0.1607244312763214,0.13413015007972717,0.05419261381030083,0.053511545062065125,0.1049041822552681,0.12683448195457458,0.11176623404026031,0.12975181639194489,0.2218179851770401,0.20887278020381927,0.05694226920604706,0.14112693071365356,0.1781865656375885,0.09803781658411026,0.225052148103714,0.14561891555786133,0.17465415596961975,0.2044636607170105,0.13450711965560913,0.15059205889701843,0.22528202831745148,0.1658240258693695,0.1517423391342163,0.16804344952106476,0.17980742454528809,0.10648688673973083,0.1154446229338646,0.19618293642997742,0.14217637479305267,0.14460982382297516,0.2031649649143219,0.18430843949317932,0.19951696693897247,0.20679251849651337,0.21420377492904663,0.23428699374198914,0.2602109909057617,0.30064699053764343,0.34286320209503174,0.3810023367404938,0.4238013029098511,MS
../data/DWT_NEW/MS/New_MS_140.wav,81.17721557617188,-52.48953628540039,18.383777618408203,-22.92444610595703,-6.267879962921143,4.819624423980713,-8.939630508422852,6.769630432128906,-2.621023416519165,0.5469012260437012,-1.7008652687072754,0.06702646613121033,0.9581525921821594,-0.39260315895080566,-0.5744169354438782,0.0617808997631073,-0.6006900072097778,1.9367666244506836,-1.8233444690704346,-1.4487279653549194,3.7891125679016113,-1.940326452255249,-0.34197998046875,3.1687111854553223,-1.6838898658752441,1.7178115844726562,0.4780113995075226,0.5062733292579651,-0.2955678105354309,1.225240707397461,-0.530342698097229,0.06505528092384338,0.48708826303482056,0.010008513927459717,-0.5521722435951233,-0.3764249086380005,0.8564677238464355,0.73750239610672,0.846118688583374,-0.8529797196388245,0.2517867088317871,0.019281618297100067,0.03446303308010101,0.048763010650873184,0.05909642204642296,0.06418410688638687,0.06520713865756989,0.0637635737657547,0.058953188359737396,0.04768325760960579,0.03279411420226097,0.04274236410856247,0.06466074287891388,0.07189160585403442,0.08506181836128235,0.12738673388957977,0.15653792023658752,0.14513351023197174,0.11167100071907043,0.07926155626773834,0.04039691761136055,0.06112832576036453,0.054461538791656494,0.03896832466125488,0.0450894758105278,0.08890652656555176,0.09375516325235367,0.11897630244493484,0.12058411538600922,0.08647993206977844,0.10462009161710739,0.09622267633676529,0.1019211858510971,0.08846909552812576,0.09972329437732697,0.11289512366056442,0.15151959657669067,0.15313947200775146,0.13562265038490295,0.10909126698970795,0.12189598381519318,0.165048748254776,0.18425214290618896,0.1765068769454956,0.1600978970527649,0.20100213587284088,0.22273710370063782,0.21246501803398132,0.23811423778533936,0.2805379033088684,0.26820430159568787,0.29105475544929504,0.33246877789497375,0.3325704336166382,0.3442223370075226,0.34506383538246155,0.3445238471031189,0.3471356928348541,0.34886449575424194,0.3291374444961548,0.3051004111766815,MS
../data/DWT_NEW/MS/New_MS_141.wav,101.63346862792969,-48.75598907470703,12.024795532226562,-7.149724960327148,2.532397508621216,1.6058651208877563,-6.074592590332031,3.8890438079833984,-1.672058343887329,3.84549617767334,-0.06007649004459381,-1.2975783348083496,0.5269390344619751,-2.541898727416992,1.9502055644989014,-0.853386640548706,0.0929456353187561,-1.0364766120910645,1.0874909162521362,-0.8043197393417358,0.5071926712989807,-0.5404763221740723,0.8088927268981934,0.25441688299179077,0.2584612965583801,0.23321902751922607,-0.916199803352356,0.4260611832141876,-0.6049755215644836,0.3075844347476959,0.4060472249984741,0.4722789525985718,-0.04420018196105957,0.16805925965309143,0.013843491673469543,0.3745008707046509,-0.02905486524105072,0.2265380322933197,-0.12391549348831177,0.28856879472732544,0.2621331214904785,0.1394423246383667,0.14533066749572754,0.1535646766424179,0.15264970064163208,0.12905998528003693,0.07809780538082123,0.026459122076630592,0.09819681197404861,0.16273176670074463,0.18878766894340515,0.170083686709404,0.12628090381622314,0.0914406031370163,0.06585858017206192,0.10201773047447205,0.15229228138923645,0.1481616497039795,0.08913801610469818,0.12699905037879944,0.14682693779468536,0.13040214776992798,0.11699375510215759,0.1508886218070984,0.20117351412773132,0.1642446219921112,0.1279146373271942,0.14952486753463745,0.0965098962187767,0.09271667152643204,0.1673712432384491,0.2074454426765442,0.18238955736160278,0.11164283752441406,0.09723301976919174,0.155381977558136,0.179284930229187,0.16011632978916168,0.15697626769542694,0.18947970867156982,0.16863346099853516,0.19549235701560974,0.20982246100902557,0.1929006278514862,0.22150343656539917,0.25690218806266785,0.24488681554794312,0.2702946364879608,0.30547255277633667,0.3073281943798065,0.3189426362514496,0.3530419170856476,0.355724036693573,0.3867347836494446,0.3938823640346527,0.40629851818084717,0.428432822227478,0.44545286893844604,0.4480307400226593,0.4721739888191223,0.5130181312561035,MS
../data/DWT_NEW/MS/New_MS_168.wav,88.16854858398438,-61.79150390625,0.2014753818511963,-12.980220794677734,1.885469913482666,1.0806279182434082,-3.121922492980957,1.265742301940918,0.35516953468322754,1.6955487728118896,-0.8663855791091919,1.298757791519165,-3.5379819869995117,-1.012885332107544,-2.2400784492492676,0.011889666318893433,2.4760382175445557,-3.268192768096924,0.8937806487083435,0.057308875024318695,-2.9164724349975586,1.1215977668762207,-0.7242347002029419,-0.5646520853042603,2.0470168590545654,-0.4214223027229309,2.1387147903442383,-0.928983211517334,1.551165223121643,-1.0834987163543701,1.8594454526901245,0.3693435490131378,1.7613649368286133,0.14564251899719238,-0.3115682005882263,0.8205941915512085,-0.0905100405216217,1.6494725942611694,-0.8464369177818298,0.8681959509849548,0.2463730275630951,0.026253432035446167,0.05139022693037987,0.08006437122821808,0.09933967143297195,0.10151342302560806,0.08610846102237701,0.06737765669822693,0.07946164906024933,0.10924385488033295,0.12025004625320435,0.09822723269462585,0.05571003630757332,0.031894270330667496,0.033501505851745605,0.01830742321908474,0.02940085157752037,0.04901960492134094,0.06557095795869827,0.05835694819688797,0.062198325991630554,0.10379905253648758,0.09176672995090485,0.1253231316804886,0.13660362362861633,0.09265792369842529,0.08235496282577515,0.08873036503791809,0.06074304133653641,0.058063067495822906,0.08461228758096695,0.11147457361221313,0.10660645365715027,0.10352277010679245,0.12324725091457367,0.11040466278791428,0.06339497119188309,0.07230424880981445,0.09903772175312042,0.1439061313867569,0.15645700693130493,0.10087354481220245,0.09097469598054886,0.1536884605884552,0.14043673872947693,0.10876103490591049,0.13103441894054413,0.14722636342048645,0.1368311494588852,0.15352389216423035,0.13415934145450592,0.13346685469150543,0.13383182883262634,0.12631763517856598,0.10405139625072479,0.08666181564331055,0.07833528518676758,0.08660010248422623,0.10959877073764801,0.15515607595443726,0.20850126445293427,MS
../data/DWT_NEW/MS/New_MS_130.wav,106.96150207519531,-40.88568878173828,19.788846969604492,-5.925297737121582,16.37771987915039,-1.3053398132324219,-7.925315856933594,10.287186622619629,-5.0010480880737305,5.376646518707275,1.5718621015548706,-6.163454055786133,0.7374545931816101,-3.234565258026123,3.306218147277832,-1.0418847799301147,0.9183458685874939,-0.4937235414981842,-0.2939662039279938,1.4960227012634277,-1.771945834159851,2.0184648036956787,-2.3226592540740967,1.507643461227417,-0.5838457942008972,-0.040241241455078125,0.6258440017700195,-1.3344753980636597,1.4500123262405396,-0.9747614860534668,1.491382122039795,-1.2060595750808716,1.1522481441497803,-0.6481499075889587,0.24303555488586426,-0.9094119071960449,0.10245182365179062,-0.5537890195846558,0.5886717438697815,0.961539626121521,0.29170191287994385,0.05736921727657318,0.07102573662996292,0.1475963145494461,0.20887044072151184,0.231402188539505,0.21767562627792358,0.21175837516784668,0.26026055216789246,0.3104134202003479,0.28756916522979736,0.17045530676841736,0.06758739054203033,0.1317719966173172,0.1429852843284607,0.19034013152122498,0.31215232610702515,0.2981194257736206,0.16328415274620056,0.17459431290626526,0.1575816422700882,0.21666714549064636,0.2377946972846985,0.2748291790485382,0.26142722368240356,0.13732725381851196,0.19376695156097412,0.2793121039867401,0.19736647605895996,0.17637550830841064,0.2822233736515045,0.2675773501396179,0.22977834939956665,0.25755003094673157,0.19727584719657898,0.1888991743326187,0.24162907898426056,0.23786120116710663,0.24156346917152405,0.27248868346214294,0.23651722073554993,0.20719246566295624,0.24715352058410645,0.2849113345146179,0.2681923508644104,0.22885656356811523,0.2551119327545166,0.288993775844574,0.2637545168399811,0.2727092206478119,0.29429399967193604,0.2795228958129883,0.28659650683403015,0.2849450707435608,0.28820979595184326,0.2864791750907898,0.29763510823249817,0.3107319474220276,0.32589930295944214,0.3513425886631012,0.37811142206192017,MS
../data/DWT_NEW/MS/New_MS_044.wav,59.59383010864258,-36.51880645751953,32.26057434082031,-9.343620300292969,-2.581082820892334,7.603652000427246,-7.976962089538574,5.439565181732178,-4.686823844909668,0.5816946625709534,-1.9142204523086548,3.207223892211914,0.8552632331848145,-3.3019556999206543,0.42548179626464844,-0.7564134001731873,-2.134072780609131,0.4229665994644165,-2.8228607177734375,1.1275207996368408,1.4794641733169556,-2.441246747970581,0.5252349376678467,0.5980758666992188,-1.5287950038909912,-0.012352079153060913,-0.524150013923645,0.1666114330291748,0.4795615077018738,-1.0702695846557617,0.3327232003211975,1.0592374801635742,-4.1386308670043945,2.8754234313964844,-1.8967604637145996,2.590808868408203,-0.40413904190063477,-0.1076238751411438,-1.4714339971542358,-0.7421551942825317,0.17466630041599274,0.11481751501560211,0.1080082431435585,0.09915608912706375,0.08943527936935425,0.08009140938520432,0.07337537407875061,0.0729168951511383,0.08360070735216141,0.10735063254833221,0.13678599894046783,0.15737633407115936,0.15709443390369415,0.1244986280798912,0.0667928010225296,0.04201590642333031,0.11131604760885239,0.17377883195877075,0.21561194956302643,0.22948643565177917,0.19441911578178406,0.10225208848714828,0.02155926637351513,0.09229984134435654,0.10867337882518768,0.1276845633983612,0.16862529516220093,0.1837148368358612,0.14898234605789185,0.14659544825553894,0.20343436300754547,0.1900968998670578,0.11291654407978058,0.06746111810207367,0.07086881995201111,0.12324212491512299,0.1490965634584427,0.14168903231620789,0.11339637637138367,0.10838611423969269,0.13825161755084991,0.1361861675977707,0.06811636686325073,0.05413103476166725,0.16111135482788086,0.18162719905376434,0.09481262415647507,0.07726588100194931,0.14776520431041718,0.0980655699968338,0.09239597618579865,0.1275274008512497,0.14158973097801208,0.1719033122062683,0.1822599470615387,0.17781858146190643,0.15933384001255035,0.13193386793136597,0.10192206501960754,0.07644612342119217,0.07450058311223984,MS
../data/DWT_NEW/MS/New_MS_093.wav,62.24934387207031,-32.220760345458984,21.992664337158203,-17.279502868652344,1.2365728616714478,6.062406539916992,-8.508095741271973,2.5640900135040283,-0.5938450694084167,1.8989256620407104,-1.8825627565383911,1.7231464385986328,-1.069016695022583,2.6019482612609863,-2.8849868774414062,0.03318546712398529,-2.6237523555755615,2.6523258686065674,-2.9048235416412354,3.5489487648010254,-1.2383710145950317,-0.3520604074001312,1.5014146566390991,-0.22577863931655884,-0.8694257736206055,1.546263575553894,0.9341490268707275,-0.2900218665599823,-0.9740562438964844,-1.3316426277160645,-0.1258314549922943,-1.2233645915985107,0.9647760391235352,1.1020535230636597,0.7765792608261108,0.6243213415145874,0.7674468159675598,0.8876473903656006,0.3483634889125824,1.8041222095489502,0.16648514568805695,0.12795081734657288,0.10573755204677582,0.07491441071033478,0.05435946583747864,0.07968401163816452,0.12529605627059937,0.16408385336399078,0.18268784880638123,0.1779688000679016,0.15452831983566284,0.12325368076562881,0.0990477204322815,0.08784578740596771,0.08935198187828064,0.08247114717960358,0.054934240877628326,0.1081039160490036,0.18406328558921814,0.19940900802612305,0.1369141787290573,0.0657561793923378,0.06420401483774185,0.06919826567173004,0.09612153470516205,0.08504543453454971,0.09073877334594727,0.13607192039489746,0.18556484580039978,0.22638347744941711,0.16813035309314728,0.05642975866794586,0.07102778553962708,0.1120053380727768,0.1409231424331665,0.19121605157852173,0.14244481921195984,0.05836642161011696,0.20152857899665833,0.22012683749198914,0.14188581705093384,0.1307864785194397,0.2222825586795807,0.19584374129772186,0.14813131093978882,0.21774494647979736,0.17001572251319885,0.18453510105609894,0.17720428109169006,0.14359238743782043,0.146793931722641,0.13070042431354523,0.16214346885681152,0.20071333646774292,0.23833078145980835,0.2545905113220215,0.24056445062160492,0.21850290894508362,0.20539215207099915,0.1928618997335434,0.2282349318265915,MS
../data/DWT_NEW/MS/New_MS_183.wav,34.84772491455078,-43.6859016418457,39.819969177246094,-11.666573524475098,1.705525279045105,-3.2188339233398438,3.9599344730377197,0.3529580235481262,1.592057466506958,-4.668586730957031,0.78423011302948,5.591055393218994,-2.475130558013916,-1.6064276695251465,0.06417050957679749,2.3016278743743896,-4.683982849121094,4.366902828216553,-3.6362123489379883,0.7616005539894104,1.1354849338531494,-0.5649564266204834,-0.26456719636917114,0.8258889317512512,0.3494716286659241,-1.2925806045532227,0.9739709496498108,-0.824223518371582,1.291562795639038,-0.25464916229248047,-0.07227575778961182,0.21554267406463623,-1.1859408617019653,0.7050729990005493,0.7776349782943726,-0.06475625932216644,1.0514168739318848,-2.058563232421875,-0.19204440712928772,-0.8895593285560608,0.17273207008838654,0.09396977722644806,0.07978158444166183,0.06619700789451599,0.0578591488301754,0.05906776711344719,0.0680447667837143,0.07775583863258362,0.08262012898921967,0.0824677050113678,0.08276083320379257,0.09186321496963501,0.11011792719364166,0.12387312948703766,0.12074345350265503,0.0956927090883255,0.06031424552202225,0.07711108028888702,0.11489418148994446,0.12217803299427032,0.0889839380979538,0.07241685688495636,0.13034668564796448,0.1637864112854004,0.13974417746067047,0.10492455959320068,0.10091718286275864,0.09841294586658478,0.1023695319890976,0.10295812785625458,0.10647723823785782,0.10581427812576294,0.115998774766922,0.13256821036338806,0.1347302496433258,0.12640339136123657,0.11813221871852875,0.10881314426660538,0.10247479379177094,0.1069847121834755,0.11609964817762375,0.11581938713788986,0.10366430133581161,0.09363625943660736,0.09541928023099899,0.09315919876098633,0.07928469777107239,0.07008160650730133,0.06649329513311386,0.05625000596046448,0.048304483294487,0.036632996052503586,0.035958610475063324,0.029651012271642685,0.027117708697915077,0.024405144155025482,0.02405019849538803,0.02114979550242424,0.023865291848778725,0.02657202072441578,0.032406508922576904,MS
../data/DWT_NEW/MS/New_MS_156.wav,118.59907531738281,-46.607582092285156,-0.5105550289154053,-2.8131160736083984,-2.9232113361358643,-1.4189602136611938,-3.1504101753234863,2.406158447265625,-3.0015358924865723,1.3759509325027466,-2.079482078552246,0.4828193783760071,0.3247121572494507,-1.343822717666626,-0.6477068662643433,0.3187149465084076,0.28567788004875183,-1.5976020097732544,0.3945987820625305,-0.7155178785324097,0.5611658692359924,-0.9566775560379028,-0.8934093117713928,-0.756327748298645,0.9308112859725952,1.385346531867981,1.367882251739502,-0.6419528722763062,-0.9766571521759033,0.19660601019859314,-0.24874791502952576,0.7499701976776123,-0.5937163829803467,1.1274151802062988,-0.9035536050796509,0.33236056566238403,-1.0294080972671509,0.9769558310508728,0.07910022139549255,0.7493281364440918,0.2753835916519165,0.034541599452495575,0.058011386543512344,0.08297309279441833,0.10639703273773193,0.1277882605791092,0.14430615305900574,0.14691060781478882,0.12461843341588974,0.0760500505566597,0.02395898848772049,0.051249533891677856,0.06369215995073318,0.04752149432897568,0.08539663255214691,0.10656717419624329,0.1060299500823021,0.19483867287635803,0.23838864266872406,0.1717880368232727,0.09823257476091385,0.12427394092082977,0.15807999670505524,0.16348384320735931,0.1156957745552063,0.11289805173873901,0.1293126940727234,0.15064604580402374,0.17839518189430237,0.13857872784137726,0.17674636840820312,0.24606680870056152,0.22086873650550842,0.1733454465866089,0.12295906245708466,0.10513278841972351,0.25141477584838867,0.28951749205589294,0.2027052938938141,0.17321249842643738,0.24390874803066254,0.27029263973236084,0.28137916326522827,0.27847009897232056,0.26793766021728516,0.3025462031364441,0.3174208104610443,0.34389275312423706,0.33336180448532104,0.36925143003463745,0.39735960960388184,0.3870381712913513,0.43270522356033325,0.4519718885421753,0.4796857237815857,0.501574695110321,0.5157599449157715,0.5449459552764893,0.577741801738739,0.6049370169639587,0.6385319828987122,MS
../data/DWT_NEW/MS/New_MS_059.wav,54.97966766357422,-43.846649169921875,31.523662567138672,-18.97092628479004,5.313492774963379,-4.357920169830322,0.29708918929100037,2.0974173545837402,-3.916141986846924,-3.923933982849121,3.5631937980651855,3.323028564453125,-2.31268310546875,1.439946174621582,-6.367265701293945,4.600345611572266,-4.293545722961426,1.7413290739059448,-2.979905128479004,1.4821445941925049,-0.1568630337715149,-0.8932950496673584,0.8216676115989685,-0.5364084243774414,-0.31403428316116333,0.23214921355247498,-0.44344645738601685,0.05190169811248779,0.5998225212097168,-0.3387514352798462,0.41077589988708496,0.03637818247079849,-2.261035680770874,0.3847963213920593,0.04329380393028259,1.334503412246704,0.9291954040527344,-1.8445874452590942,-0.3490479588508606,-2.148770570755005,0.21099954843521118,0.08366703242063522,0.08043098449707031,0.0764651969075203,0.0724920779466629,0.06931203603744507,0.06867708265781403,0.07192525267601013,0.08023947477340698,0.09370781481266022,0.10812072455883026,0.11480560898780823,0.10629552602767944,0.07775317132472992,0.03901195526123047,0.043099842965602875,0.08288298547267914,0.10891442000865936,0.12348195910453796,0.132734477519989,0.12471871823072433,0.09327460825443268,0.08512192964553833,0.10998757183551788,0.1058669313788414,0.09118571132421494,0.09005091339349747,0.10516514629125595,0.09405998885631561,0.08812403678894043,0.08741474896669388,0.09648069739341736,0.09146507829427719,0.07763829827308655,0.04115510359406471,0.05887638032436371,0.08609247207641602,0.0839802548289299,0.07646883279085159,0.07832042872905731,0.09861218184232712,0.10646568238735199,0.0811680257320404,0.06055879592895508,0.11157003790140152,0.12681034207344055,0.09458659589290619,0.07657483220100403,0.09765034914016724,0.07157133519649506,0.07266732305288315,0.08613874763250351,0.0933414101600647,0.10713240504264832,0.10865867137908936,0.10266711562871933,0.09004710614681244,0.06923119723796844,0.05512312054634094,0.052964579313993454,0.05907727777957916,MS
../data/DWT_NEW/MS/New_MS_085.wav,49.23164367675781,-42.661285400390625,28.259092330932617,-14.080266952514648,6.898190021514893,-1.8842134475708008,4.061821937561035,-1.5950767993927002,1.440018653869629,0.18987402319908142,-3.5600197315216064,3.6544055938720703,0.8034047484397888,-2.127441883087158,-0.5593708753585815,2.7947001457214355,-4.45845890045166,2.788886547088623,-2.1157405376434326,0.08156171441078186,0.014616809785366058,-0.7573366761207581,0.0793549120426178,0.7834764122962952,-0.6211475133895874,-0.4936848282814026,0.25648194551467896,-1.2240275144577026,1.1532046794891357,-0.8127560615539551,-0.12620089948177338,0.8726556897163391,-1.6901586055755615,1.617363691329956,0.7402228116989136,0.48321178555488586,0.5507618188858032,-2.243044376373291,-0.3480561673641205,-0.7970874905586243,0.18078595399856567,0.0887909084558487,0.09385387599468231,0.09614214301109314,0.09517751634120941,0.09194846451282501,0.09082896262407303,0.09633289277553558,0.10921183228492737,0.1255902200937271,0.13848444819450378,0.14046353101730347,0.12920060753822327,0.10865424573421478,0.08630622178316116,0.08300835639238358,0.10038413852453232,0.11446475982666016,0.11762257665395737,0.11759053170681,0.12377920746803284,0.12363903224468231,0.10089249908924103,0.06512264162302017,0.06941521167755127,0.07353474199771881,0.10139553248882294,0.12102024257183075,0.09693993628025055,0.04733237624168396,0.06154350936412811,0.0594760924577713,0.07054676115512848,0.050859205424785614,0.05359400808811188,0.0707615315914154,0.05774006247520447,0.04128002002835274,0.05088862404227257,0.060364194214344025,0.06576412916183472,0.062281765043735504,0.051464129239320755,0.05185812711715698,0.06436643749475479,0.06638500094413757,0.05833568796515465,0.06142397224903107,0.060357507318258286,0.04802952706813812,0.057582445442676544,0.052358414977788925,0.046659234911203384,0.04195116460323334,0.04255477339029312,0.04356446862220764,0.04102971777319908,0.040078453719615936,0.03162051737308502,0.027928847819566727,0.023677285760641098,MS
../data/DWT_NEW/MS/New_MS_148.wav,108.64302062988281,-46.85564041137695,11.92264175415039,-12.317876815795898,4.447990894317627,9.51603889465332,-6.334522247314453,3.0565266609191895,-2.4923112392425537,3.685586929321289,-2.9792003631591797,3.6572225093841553,1.0827878713607788,-2.1865830421447754,0.30228087306022644,-2.1261696815490723,2.7275454998016357,-1.913902997970581,-0.39362573623657227,1.9143650531768799,-0.8928239941596985,-1.7532870769500732,1.1152747869491577,-1.6344707012176514,2.839311122894287,-0.9845125675201416,1.3520095348358154,-1.690657138824463,-0.20069557428359985,0.6121218800544739,0.02016812562942505,0.07096314430236816,-0.3903900980949402,0.5677077770233154,-0.9616423845291138,0.5725463628768921,-1.535638689994812,0.8429023623466492,-0.3973257839679718,0.8847005367279053,0.28788256645202637,0.12045851349830627,0.12893575429916382,0.13206788897514343,0.13007752597332,0.1255994290113449,0.12438927590847015,0.12935307621955872,0.13885754346847534,0.14993512630462646,0.15677312016487122,0.14793583750724792,0.11267545074224472,0.051195792853832245,0.08185973018407822,0.17088583111763,0.2278076410293579,0.22138816118240356,0.15396898984909058,0.08606216311454773,0.15759986639022827,0.19169941544532776,0.183573380112648,0.17147040367126465,0.16028641164302826,0.10873781889677048,0.1215786337852478,0.14252114295959473,0.0898485779762268,0.15853910148143768,0.15891584753990173,0.08766432851552963,0.054349686950445175,0.08447027206420898,0.12707564234733582,0.13311682641506195,0.05739613622426987,0.060560259968042374,0.12409894168376923,0.13998273015022278,0.10482360422611237,0.10201270878314972,0.13602592051029205,0.12036527693271637,0.10109268128871918,0.09333569556474686,0.13706421852111816,0.08590822666883469,0.09487896412611008,0.09999554604291916,0.11089621484279633,0.15212038159370422,0.2035883665084839,0.2545536756515503,0.30460023880004883,0.3487699031829834,0.4098243713378906,0.48122626543045044,0.5589870810508728,0.6216157078742981,0.6662494540214539,MS
../data/DWT_NEW/MS/New_MS_098.wav,74.33328247070312,-33.01235580444336,30.39750099182129,-20.340747833251953,0.5395529270172119,6.441596984863281,-5.990389823913574,2.019394874572754,1.6004717350006104,-2.4159975051879883,6.652424335479736,-5.610438823699951,0.34351128339767456,3.842263698577881,-4.589492321014404,-5.284510612487793,1.4417691230773926,0.6472814083099365,-4.357513427734375,3.6091463565826416,2.1025381088256836,1.0806626081466675,-3.682582378387451,2.514756441116333,2.3576531410217285,0.25328096747398376,-3.022273302078247,2.89384388923645,-1.4707589149475098,-2.5628151893615723,-1.3069279193878174,1.9410109519958496,0.39816534519195557,-0.4037097096443176,2.0182390213012695,2.6569228172302246,-1.1941794157028198,2.304914951324463,1.0917235612869263,1.7718992233276367,0.2139354795217514,0.06593669950962067,0.04617498070001602,0.02739124745130539,0.007858436554670334,0.04422200471162796,0.0994528979063034,0.16022899746894836,0.20827674865722656,0.22623518109321594,0.20487993955612183,0.1565840244293213,0.13200001418590546,0.1337694376707077,0.12162499129772186,0.07224400341510773,0.02427097037434578,0.04709582030773163,0.13939380645751953,0.23556280136108398,0.240103617310524,0.1489335596561432,0.0675739124417305,0.08024634420871735,0.14578750729560852,0.14984768629074097,0.16042089462280273,0.13947074115276337,0.11501562595367432,0.24569326639175415,0.28168120980262756,0.18448467552661896,0.07251545786857605,0.13716033101081848,0.14980332553386688,0.19015701115131378,0.23597835004329681,0.14615610241889954,0.14224214851856232,0.2335990071296692,0.19433468580245972,0.1251261979341507,0.20537614822387695,0.2337610125541687,0.15888334810733795,0.23830540478229523,0.22869673371315002,0.2240709811449051,0.25657975673675537,0.2333485186100006,0.24184063076972961,0.21216827630996704,0.20135702192783356,0.2191385179758072,0.24612469971179962,0.28703323006629944,0.28359898924827576,0.24225594103336334,0.16085579991340637,0.12453620135784149,0.18360809981822968,MS
../data/DWT_NEW/MS/New_MS_045.wav,41.81802749633789,-36.064353942871094,31.828493118286133,-4.488088607788086,2.9181838035583496,-6.603603839874268,-4.191354751586914,12.519111633300781,-6.711703300476074,-1.3624963760375977,-0.56667160987854,3.059382915496826,1.320378303527832,-2.963869094848633,0.9559645652770996,-1.8559924364089966,-0.17112714052200317,1.8308601379394531,-2.1873724460601807,-0.20760954916477203,1.068139910697937,-1.1913435459136963,1.9577467441558838,-1.395364761352539,0.7458031177520752,-0.20926275849342346,0.050178706645965576,-0.38337767124176025,1.665510892868042,-1.3135294914245605,0.50090491771698,1.0749481916427612,-3.330953598022461,2.751147747039795,-2.2316513061523438,2.1495847702026367,-0.3150208592414856,-0.4710323214530945,-0.23681172728538513,-0.7317699790000916,0.14433373510837555,0.07373696565628052,0.05978935956954956,0.057833366096019745,0.07195377349853516,0.093356654047966,0.1131059005856514,0.12424645572900772,0.12108869850635529,0.10270346701145172,0.07491669058799744,0.06545089185237885,0.09901171922683716,0.1328963190317154,0.14537091553211212,0.12456774711608887,0.07880095392465591,0.07980303466320038,0.1318136751651764,0.14982953667640686,0.11556792259216309,0.08107416331768036,0.1301846206188202,0.16049349308013916,0.13488277792930603,0.12261786311864853,0.13558894395828247,0.1285993754863739,0.12834341824054718,0.12988021969795227,0.13776381313800812,0.13701719045639038,0.13732104003429413,0.14779132604599,0.15497849881649017,0.1516394168138504,0.14506223797798157,0.13973468542099,0.1308726966381073,0.13062919676303864,0.13772907853126526,0.13895410299301147,0.1286797821521759,0.1181960254907608,0.11661647260189056,0.11443889886140823,0.10407865792512894,0.09312669932842255,0.08360455930233002,0.07629617303609848,0.07063131034374237,0.05640636757016182,0.05489587038755417,0.04666106775403023,0.04170473292469978,0.037123747169971466,0.03521979972720146,0.029269462451338768,0.02567693404853344,0.028372347354888916,0.03700936585664749,MS
../data/DWT_NEW/MS/New_MS_164.wav,74.3466796875,-64.56387329101562,9.897258758544922,-6.37946081161499,-0.10918410122394562,1.4314478635787964,-10.140684127807617,3.14280104637146,-4.218252658843994,4.5032782554626465,0.13300925493240356,0.9472070932388306,1.668925404548645,-2.4757747650146484,-0.41633954644203186,0.8283815979957581,-0.2626066505908966,-0.44695526361465454,-0.36484092473983765,0.8355926275253296,-2.3513777256011963,1.7246153354644775,-1.1445361375808716,0.9922119379043579,2.4964699745178223,-0.432044118642807,2.510082244873047,-1.8381775617599487,0.8312830924987793,0.9888203740119934,-0.7903585433959961,1.7165485620498657,-0.26195961236953735,0.5125315189361572,0.6222591996192932,1.0729351043701172,1.370788335800171,0.1519739031791687,0.2068587839603424,1.4631426334381104,0.23767824470996857,0.03618164360523224,0.03524395450949669,0.03641732782125473,0.04765291512012482,0.07103513181209564,0.1009773313999176,0.12897592782974243,0.14493495225906372,0.1424574851989746,0.12064966559410095,0.08760308474302292,0.06130572780966759,0.04608076065778732,0.0232986006885767,0.02765411138534546,0.047558773308992386,0.05394275486469269,0.04670098051428795,0.04023633897304535,0.05166245251893997,0.06214619427919388,0.11816390603780746,0.1406973898410797,0.10393963754177094,0.054838187992572784,0.08399467915296555,0.10749569535255432,0.08609699457883835,0.07303325086832047,0.09465847909450531,0.09913375228643417,0.08771762996912003,0.11686895787715912,0.12086045742034912,0.11480048298835754,0.1214008629322052,0.12489692121744156,0.12399305403232574,0.11535528302192688,0.12864817678928375,0.17689219117164612,0.1815231740474701,0.14602601528167725,0.16427630186080933,0.19730310142040253,0.17848464846611023,0.16340623795986176,0.197799950838089,0.1928820013999939,0.19723640382289886,0.1980815976858139,0.18920139968395233,0.1738927662372589,0.16188184916973114,0.15872810781002045,0.1659604012966156,0.18782128393650055,0.22026723623275757,0.2418821156024933,0.2518655061721802,MS
../data/DWT_NEW/MS/New_MS_163.wav,44.7373046875,-68.24276733398438,9.663281440734863,-14.260555267333984,-9.620258331298828,7.08218240737915,-13.305437088012695,4.563689231872559,-9.095562934875488,5.05704402923584,-1.3176518678665161,0.8239893317222595,1.9409812688827515,-3.286590099334717,-1.2448225021362305,-0.9133303165435791,1.0941758155822754,-3.4070043563842773,1.230025053024292,-1.8613975048065186,-1.8212684392929077,0.9262685775756836,0.1096542477607727,-2.1040780544281006,1.3403573036193848,-0.7466543912887573,0.337309867143631,-0.3678402602672577,-0.6329486966133118,0.9003015756607056,-1.0481928586959839,0.9451809525489807,0.23353034257888794,-0.03605660796165466,-1.2308588027954102,1.2277491092681885,0.5345399379730225,0.6674339771270752,-0.7836282253265381,0.6458700299263,0.20480094850063324,0.030982576310634613,0.03526795655488968,0.03888148069381714,0.040823161602020264,0.040131159126758575,0.03636987879872322,0.02903980016708374,0.01864747330546379,0.008067560382187366,0.007816581055521965,0.016927272081375122,0.029084518551826477,0.03858379274606705,0.03977205604314804,0.033385712653398514,0.03823162615299225,0.04822530597448349,0.047481462359428406,0.037912268191576004,0.028562381863594055,0.05349622666835785,0.07779041677713394,0.0692238062620163,0.039778657257556915,0.0351586677134037,0.03446628525853157,0.03220651298761368,0.052262358367443085,0.06890903413295746,0.06187494471669197,0.035959795117378235,0.053331777453422546,0.05984232574701309,0.0574813038110733,0.059290990233421326,0.08673509210348129,0.09646084904670715,0.06351549923419952,0.05849111080169678,0.09547512233257294,0.1130807101726532,0.12162123620510101,0.08899055421352386,0.10816161334514618,0.13245132565498352,0.12763091921806335,0.11333383619785309,0.14833208918571472,0.15711401402950287,0.14913927018642426,0.1640750765800476,0.1586892008781433,0.1355322152376175,0.14128424227237701,0.133996844291687,0.1420585960149765,0.17194955050945282,0.20885129272937775,0.24305236339569092,0.26524463295936584,MS
../data/DWT_NEW/MS/New_MS_142.wav,108.06074523925781,-42.312042236328125,-2.3842694759368896,-9.011634826660156,1.9706437587738037,-4.700207710266113,-1.1344618797302246,0.545014500617981,-1.2274014949798584,1.8914611339569092,-1.029070258140564,1.45009446144104,-0.3316326439380646,-1.7397092580795288,1.2652400732040405,-2.988654613494873,2.082096576690674,-2.028796672821045,-0.8923407793045044,1.3761489391326904,-2.703321933746338,1.0812327861785889,-1.5147652626037598,0.16002818942070007,2.152649402618408,0.3618625998497009,2.426441192626953,-1.3831732273101807,-0.22825968265533447,-1.0628528594970703,0.020810000598430634,1.4244635105133057,-0.5928165316581726,0.6091241836547852,-1.1780661344528198,0.9163131713867188,-0.6734557151794434,0.28490668535232544,-0.16004209220409393,0.257234126329422,0.24939587712287903,0.0278928205370903,0.03991666063666344,0.054229024797677994,0.07215538620948792,0.09386133402585983,0.11459092050790787,0.12557530403137207,0.1192115992307663,0.0966065376996994,0.066802978515625,0.03947354853153229,0.015474844723939896,0.030604422092437744,0.06469884514808655,0.10980561375617981,0.17161858081817627,0.21981337666511536,0.20275165140628815,0.12267648428678513,0.07916063070297241,0.09228678047657013,0.12275750190019608,0.13231398165225983,0.07962539792060852,0.06491784751415253,0.1171405166387558,0.18738144636154175,0.18016062676906586,0.11191809177398682,0.160263791680336,0.2061769962310791,0.17142149806022644,0.1258012056350708,0.10855264961719513,0.1578616350889206,0.26447200775146484,0.24205005168914795,0.14303334057331085,0.16796725988388062,0.2668900489807129,0.2519247531890869,0.23945698142051697,0.2753545939922333,0.28944629430770874,0.3013826310634613,0.30810779333114624,0.34575268626213074,0.3332514464855194,0.3681776523590088,0.3963252305984497,0.39830952882766724,0.4278811514377594,0.4437488317489624,0.4634445607662201,0.49862655997276306,0.5292199850082397,0.5543447732925415,0.5791399478912354,0.6043880581855774,0.6470575928688049,MS
../data/DWT_NEW/MS/New_MS_034.wav,60.702842712402344,-35.154388427734375,29.382326126098633,-9.975907325744629,-5.137066841125488,-1.1106274127960205,0.9956958293914795,2.937795877456665,-6.208459854125977,1.2529127597808838,-3.232893943786621,4.981354236602783,-1.897375226020813,-1.5925586223602295,-0.5905645489692688,1.2799280881881714,-2.44956636428833,0.7815068960189819,-0.7473015189170837,1.3522913455963135,-1.3631205558776855,0.08807104825973511,0.1697227954864502,-0.03692483901977539,0.23824405670166016,-0.97296142578125,0.11514389514923096,-0.7456855773925781,1.0629887580871582,-1.057774543762207,-0.14899897575378418,1.1780636310577393,-3.7645556926727295,2.6163535118103027,-2.3443851470947266,2.517897844314575,-0.561469554901123,-0.38361960649490356,-1.3695951700210571,-0.3993959426879883,0.1706952005624771,0.05339028313755989,0.034634947776794434,0.04375752434134483,0.07436885684728622,0.10671793669462204,0.13349488377571106,0.14834357798099518,0.14522282779216766,0.12148559093475342,0.07698243111371994,0.02042369358241558,0.05460702255368233,0.10627416521310806,0.1273806393146515,0.10424105823040009,0.03935958817601204,0.0699467733502388,0.154731884598732,0.19264543056488037,0.1683015078306198,0.1307409107685089,0.15215714275836945,0.16130539774894714,0.11885572969913483,0.1127975732088089,0.13983020186424255,0.13544583320617676,0.11779417097568512,0.09817006438970566,0.11807889491319656,0.1465972363948822,0.15644706785678864,0.15446169674396515,0.15860885381698608,0.16521528363227844,0.15774770081043243,0.1435936838388443,0.12513215839862823,0.11555293947458267,0.12928076088428497,0.1398894488811493,0.11897199600934982,0.08254718035459518,0.0815274640917778,0.09795556217432022,0.07396265864372253,0.036248885095119476,0.047965358942747116,0.03878186643123627,0.024800904095172882,0.0037759176921099424,0.01669127494096756,0.010346807539463043,0.01842757873237133,0.030713418498635292,0.04805214703083038,0.053055960685014725,0.04976161569356918,0.047151435166597366,0.056105732917785645,MS
../data/DWT_NEW/MS/New_MS_089.wav,129.76914978027344,-65.81914520263672,-14.153910636901855,-14.093149185180664,5.590956687927246,-13.484817504882812,-0.07978391647338867,-4.2450456619262695,-3.584378242492676,4.593844413757324,-1.5904414653778076,-13.909099578857422,-13.278497695922852,5.934926986694336,15.399421691894531,15.708906173706055,0.7342632412910461,-1.0509153604507446,-2.013467311859131,-0.24702072143554688,9.047870635986328,1.647769808769226,-1.213484764099121,-6.554343223571777,-3.354614496231079,7.68067741394043,-3.1108388900756836,2.286153793334961,8.99201774597168,-4.626439094543457,0.062033697962760925,-0.5850861072540283,-1.7430002689361572,7.128661155700684,-6.245780944824219,-9.254118919372559,4.2251176834106445,-0.5761266946792603,-2.43237566947937,-0.11239749193191528,0.40493905544281006,0.016133708879351616,0.03307553753256798,0.04574079066514969,0.04991509020328522,0.04504445195198059,0.041597507894039154,0.060749463737010956,0.09413774311542511,0.12212441116571426,0.12903380393981934,0.10446304082870483,0.054828330874443054,0.033336907625198364,0.06712225079536438,0.06323513388633728,0.03846428915858269,0.07878997921943665,0.0908271074295044,0.05742853879928589,0.05119641497731209,0.06422014534473419,0.07248632609844208,0.0803566426038742,0.06200462207198143,0.05148041248321533,0.05206432193517685,0.061163872480392456,0.07790515571832657,0.09519502520561218,0.09853728115558624,0.14253580570220947,0.17026926577091217,0.13073840737342834,0.14536334574222565,0.14223051071166992,0.18423926830291748,0.20611177384853363,0.22578434646129608,0.23897883296012878,0.271740198135376,0.30512094497680664,0.29521721601486206,0.25294360518455505,0.21408618986606598,0.13412784039974213,0.13837137818336487,0.18984369933605194,0.2558351457118988,0.28820252418518066,0.3515390157699585,0.4444940686225891,0.5495518445968628,0.6196081638336182,0.5934640765190125,0.45520153641700745,0.29282528162002563,0.31038546562194824,0.5169763565063477,0.7017942667007446,0.7375196814537048,MS
../data/DWT_NEW/MS/New_MS_017.wav,60.896690368652344,-45.604209899902344,26.221332550048828,-17.073902130126953,-3.7130250930786133,12.4013671875,-11.08436393737793,10.987212181091309,-5.208144187927246,3.793625831604004,-1.5857155323028564,0.32561931014060974,2.604489803314209,-1.0461146831512451,0.10478442907333374,-1.3106443881988525,0.341072142124176,-0.3067759871482849,-1.4394431114196777,-5.52273416519165,-0.14562499523162842,-0.30360525846481323,0.18821793794631958,1.453794240951538,1.7378326654434204,0.3659624457359314,-0.4132329821586609,-1.1173754930496216,-0.9989311695098877,0.6561390161514282,-1.5629606246948242,-0.6629270911216736,-0.6178226470947266,-0.153291255235672,-0.6463615894317627,0.3119303584098816,0.2907152771949768,2.2309160232543945,-0.329093337059021,-2.8365049362182617,0.20808860659599304,0.12766475975513458,0.12381429225206375,0.11115139722824097,0.09399282932281494,0.08448358625173569,0.09616719186306,0.1195836216211319,0.135500967502594,0.13332930207252502,0.11146888136863708,0.07842916995286942,0.05512119084596634,0.06070559471845627,0.08612379431724548,0.12579262256622314,0.15507769584655762,0.15060707926750183,0.11874048411846161,0.09512364119291306,0.07642260938882828,0.08286438882350922,0.11148829758167267,0.09912361949682236,0.10488301515579224,0.09562820941209793,0.08176419138908386,0.11106468737125397,0.16110317409038544,0.17092612385749817,0.13866984844207764,0.07374453544616699,0.04211914539337158,0.09520553052425385,0.13004866242408752,0.14990559220314026,0.12744411826133728,0.06462924927473068,0.09849950671195984,0.12563395500183105,0.08522102981805801,0.09989404678344727,0.16278178989887238,0.15848687291145325,0.12092980742454529,0.1510685384273529,0.14036808907985687,0.11827392131090164,0.12782321870326996,0.11688882112503052,0.1268550008535385,0.13974209129810333,0.1482367366552353,0.16974422335624695,0.1735050529241562,0.1510429084300995,0.14464649558067322,0.18061049282550812,0.20543107390403748,0.18963488936424255,0.1842781901359558,MS
../data/DWT_NEW/MS/New_MS_021.wav,70.10911560058594,-27.986597061157227,37.063804626464844,-9.115011215209961,1.2558670043945312,-1.8260586261749268,1.441826581954956,0.7868474721908569,2.4832520484924316,-3.120976448059082,0.2118341624736786,1.5483965873718262,3.2459893226623535,-5.683193206787109,3.3830924034118652,1.0173696279525757,-4.027743816375732,3.856027364730835,-2.295463800430298,0.3387375473976135,0.2352399230003357,0.061337679624557495,0.5091509222984314,-0.2689052224159241,-0.14982527494430542,-0.38007625937461853,0.5141255855560303,-0.47565245628356934,0.9059396982192993,-0.8960216045379639,0.40264058113098145,0.719650387763977,-1.5031731128692627,0.418442040681839,1.0557851791381836,0.8886727094650269,0.5938553810119629,-1.6783839464187622,0.5324766635894775,-0.12375947833061218,0.18971961736679077,0.15303340554237366,0.14651638269424438,0.13742128014564514,0.12558844685554504,0.11247506737709045,0.10389748215675354,0.10617443919181824,0.12114167213439941,0.14447107911109924,0.1694210171699524,0.19011294841766357,0.2056538462638855,0.22033923864364624,0.22943329811096191,0.23035553097724915,0.22025376558303833,0.19538505375385284,0.16527116298675537,0.1464986950159073,0.14921852946281433,0.16208529472351074,0.1777513325214386,0.19178080558776855,0.1832302212715149,0.14295658469200134,0.1230190098285675,0.13846775889396667,0.12484189867973328,0.1293731927871704,0.12204392999410629,0.07405047118663788,0.06268320232629776,0.08054427057504654,0.1002880185842514,0.08879029750823975,0.06140052154660225,0.06506747007369995,0.07117646932601929,0.0788179337978363,0.08130449056625366,0.0752972736954689,0.07040860503911972,0.07805740088224411,0.08437766134738922,0.08139137178659439,0.08200591057538986,0.08720920234918594,0.07869572937488556,0.076107457280159,0.08092370629310608,0.07005367428064346,0.07528993487358093,0.07323853671550751,0.07219778746366501,0.068308524787426,0.06363195180892944,0.05580002814531326,0.05057904124259949,0.04507822170853615,0.03831904008984566,MS
../data/DWT_NEW/MS/New_MS_047.wav,60.37632369995117,-38.190372467041016,41.00455856323242,-9.208154678344727,-3.1221673488616943,2.8270530700683594,-2.6540493965148926,7.323632717132568,-2.818866014480591,-1.1939680576324463,-1.5025713443756104,5.345399379730225,-0.06962057948112488,-3.547776460647583,1.6894557476043701,0.5377716422080994,-2.736743927001953,1.3704850673675537,-2.750295877456665,0.5845118165016174,-0.020676791667938232,-1.6514999866485596,0.5278540849685669,0.36813950538635254,-0.061941951513290405,-1.3382090330123901,0.4123042821884155,-0.5324825048446655,0.39571821689605713,-2.356138229370117,1.6020090579986572,0.09398472309112549,-2.1454291343688965,1.0900585651397705,-0.5450167059898376,2.4454030990600586,0.037310197949409485,-2.0565855503082275,0.11030776798725128,0.03874196112155914,0.1916695535182953,0.1005670428276062,0.11553916335105896,0.13065695762634277,0.14554345607757568,0.15997259318828583,0.17517054080963135,0.19006510078907013,0.20106060802936554,0.20543617010116577,0.19912837445735931,0.17767831683158875,0.14274801313877106,0.10233849287033081,0.06457658857107162,0.07928241789340973,0.1327701359987259,0.18422424793243408,0.22099748253822327,0.2330809235572815,0.21423019468784332,0.16602016985416412,0.09956204891204834,0.04041692987084389,0.07663193345069885,0.1359991580247879,0.18786437809467316,0.18071165680885315,0.10978373885154724,0.05078386142849922,0.11632576584815979,0.1383005678653717,0.10747835785150528,0.06784467399120331,0.09967601299285889,0.12138909846544266,0.0966908261179924,0.08607505261898041,0.08037057518959045,0.08158137649297714,0.09367227554321289,0.09651776403188705,0.08774488419294357,0.07940751314163208,0.08712517470121384,0.08564627915620804,0.07620877027511597,0.08330297470092773,0.07727644592523575,0.05871327966451645,0.0675785169005394,0.059171199798583984,0.06005178391933441,0.05910646170377731,0.05677524954080582,0.052878089249134064,0.05260130763053894,0.049604132771492004,0.04571078345179558,0.04453323036432266,0.040256135165691376,MS
../data/DWT_NEW/MS/New_MS_040.wav,36.15998840332031,-48.67867660522461,20.167451858520508,-18.263595581054688,9.724197387695312,-2.2067043781280518,-3.2631800174713135,4.493782043457031,-2.038292646408081,-1.4324986934661865,2.3249964714050293,3.97586989402771,-4.1101226806640625,4.330821514129639,-5.421135902404785,3.071282148361206,-2.169571876525879,-0.021285124123096466,-1.997475504875183,2.6664397716522217,-2.270833969116211,1.601773977279663,-0.37250879406929016,-0.05789005756378174,-0.24651336669921875,-0.3826412856578827,-0.1620582938194275,0.330222487449646,0.5022308826446533,0.17357680201530457,0.386272668838501,0.5785979628562927,-1.688421607017517,1.5473414659500122,-1.2342838048934937,1.4046967029571533,0.6183516979217529,-1.3208991289138794,0.1103772222995758,-1.8844631910324097,0.15901228785514832,0.07256141304969788,0.0587884820997715,0.04498739168047905,0.037623994052410126,0.039436761289834976,0.043583229184150696,0.04127958044409752,0.030948640778660774,0.03115754760801792,0.05882194638252258,0.09070467203855515,0.1082356795668602,0.103009432554245,0.07798879593610764,0.06989015638828278,0.09305930882692337,0.09398297220468521,0.05059327930212021,0.03302549943327904,0.07303540408611298,0.05390891432762146,0.014477752149105072,0.06474438309669495,0.058222416788339615,0.03313080593943596,0.011312113143503666,0.02541857585310936,0.032135140150785446,0.045382920652627945,0.06644432246685028,0.07080870121717453,0.05927920714020729,0.054299671202898026,0.03941064327955246,0.0185822993516922,0.03241011127829552,0.043062660843133926,0.03932369500398636,0.036564406007528305,0.05199813097715378,0.0645044669508934,0.0473310723900795,0.013572628609836102,0.0663105845451355,0.08735445886850357,0.04474379122257233,0.03666985407471657,0.08123522251844406,0.048255451023578644,0.05046748369932175,0.07574111968278885,0.09002643823623657,0.11134234070777893,0.11960779875516891,0.11767936497926712,0.11305458843708038,0.10429394990205765,0.10299341380596161,0.10596358776092529,0.10557364672422409,MS
../data/DWT_NEW/MS/New_MS_120.wav,-13.937002182006836,-88.99323272705078,51.289886474609375,-8.569915771484375,4.19330358505249,-3.570312023162842,-5.218986511230469,1.4346923828125,-3.3088579177856445,2.204392433166504,-0.8412675857543945,-0.803011417388916,0.8675294518470764,1.582244634628296,-0.024805068969726562,0.9159951210021973,0.13137859106063843,-3.8980040550231934,2.5786571502685547,-1.428046703338623,-2.4879651069641113,1.837493896484375,-0.30494797229766846,-1.9303175210952759,-1.0174243450164795,-0.5075650215148926,-3.1014537811279297,1.420015573501587,1.6864347457885742,0.6645450592041016,-0.484295129776001,0.6461648941040039,-0.06388913094997406,-0.7966741323471069,2.827043294906616,1.6784260272979736,3.58453631401062,0.9997957348823547,-1.8064321279525757,-0.26682788133621216,0.21204374730587006,0.02362026646733284,0.020263027399778366,0.02186380699276924,0.02885355055332184,0.036805760115385056,0.042595718055963516,0.04399585723876953,0.040601249784231186,0.03486029431223869,0.03062652237713337,0.028184683993458748,0.02191777713596821,0.00537644699215889,0.015079676173627377,0.03414657339453697,0.04416041821241379,0.04542504996061325,0.04966379329562187,0.05269740894436836,0.03805134817957878,0.022111516445875168,0.03222654014825821,0.03358026221394539,0.0490545779466629,0.05365360155701637,0.03238251432776451,0.01011471077799797,0.022349249571561813,0.02271360158920288,0.011917774565517902,0.02449440397322178,0.022540969774127007,0.008001293055713177,0.004727309104055166,0.007497304584830999,0.009797288104891777,0.02676483988761902,0.022757381200790405,0.013476341962814331,0.026204945519566536,0.040743857622146606,0.048006050288677216,0.03909188508987427,0.018068676814436913,0.0278057549148798,0.041718654334545135,0.03129639849066734,0.021740389987826347,0.03231566771864891,0.04058948904275894,0.0369962714612484,0.028177211061120033,0.035222943872213364,0.03604785352945328,0.03896128758788109,0.05075642466545105,0.05375625193119049,0.04285779595375061,0.03808828443288803,0.04057048261165619,MS
../data/DWT_NEW/MS/New_MS_026.wav,54.653621673583984,-41.19465637207031,26.708282470703125,-8.099489212036133,-0.9876853823661804,1.9992666244506836,-4.9938764572143555,4.483180999755859,-4.046422004699707,1.757569432258606,-2.3574540615081787,4.334674835205078,-0.828966498374939,-1.1739267110824585,-1.0298209190368652,1.0229535102844238,-2.699983596801758,1.5676192045211792,-1.5605313777923584,0.1785384714603424,0.032035499811172485,-0.08229954540729523,0.5147427320480347,-0.39102351665496826,-0.0617687851190567,0.02789175510406494,-0.1176530122756958,-0.5369061827659607,1.025048017501831,-1.1091816425323486,-0.21383090317249298,1.102555513381958,-3.8052053451538086,2.5380306243896484,-1.8560421466827393,2.396829128265381,-1.269047737121582,0.3473031520843506,-1.3616706132888794,-0.13141576945781708,0.1657063364982605,0.0878543108701706,0.088935986161232,0.0921662375330925,0.09776777029037476,0.10508190095424652,0.11375373601913452,0.12183897197246552,0.12644296884536743,0.12653866410255432,0.12160424888134003,0.11168141663074493,0.10032303631305695,0.08831924200057983,0.0758674144744873,0.07183366268873215,0.09390370547771454,0.1309967339038849,0.15798437595367432,0.15565742552280426,0.11835078150033951,0.07359810173511505,0.0933116003870964,0.12175940722227097,0.11333058774471283,0.11236853152513504,0.1300135850906372,0.11792358756065369,0.09776514023542404,0.0960141271352768,0.12461791932582855,0.1271304041147232,0.12019210308790207,0.12973661720752716,0.1448708325624466,0.1461106240749359,0.13722221553325653,0.13062217831611633,0.12030081450939178,0.12047705054283142,0.13253767788410187,0.13772785663604736,0.1264321506023407,0.11180412769317627,0.11566519737243652,0.11622248589992523,0.09673335403203964,0.08972453325986862,0.09021639823913574,0.0657915472984314,0.06601487100124359,0.05637942627072334,0.044932641088962555,0.04037420079112053,0.041075460612773895,0.03840009868144989,0.03671915456652641,0.03002007305622101,0.026345107704401016,0.027584899216890335,0.03155792877078056,MS
../data/DWT_NEW/MS/New_MS_182.wav,54.323463439941406,-32.704376220703125,48.084075927734375,-7.177818298339844,-4.633328437805176,4.4155778884887695,-1.8034734725952148,3.4069581031799316,-3.185603618621826,1.4519561529159546,-3.0653250217437744,5.415286064147949,-1.9412038326263428,-1.367512583732605,-0.038182854652404785,2.9074907302856445,-4.628971576690674,2.9622669219970703,-1.8022174835205078,1.153674840927124,-1.2954798936843872,-0.2750564515590668,0.8028168678283691,-0.577900230884552,0.566368043422699,-0.5558775663375854,0.2634943127632141,-0.12320023775100708,0.699649453163147,-1.6275997161865234,1.6616910696029663,0.03654405474662781,-1.852166771888733,1.0796089172363281,0.016626328229904175,2.094367027282715,0.11988907307386398,-1.8858343362808228,0.313947856426239,0.07766295224428177,0.18014122545719147,0.16261504590511322,0.17059841752052307,0.16996757686138153,0.158476322889328,0.13650891184806824,0.11311675608158112,0.107913538813591,0.13460305333137512,0.17600712180137634,0.2096039354801178,0.21827441453933716,0.19679608941078186,0.15524250268936157,0.11993751674890518,0.14201538264751434,0.1836913824081421,0.19455990195274353,0.1678907573223114,0.1394878327846527,0.16627757251262665,0.1835300475358963,0.14780554175376892,0.11235439777374268,0.16778826713562012,0.16382187604904175,0.14470195770263672,0.18064512312412262,0.1499459445476532,0.11616292595863342,0.14325398206710815,0.13878005743026733,0.1332370787858963,0.11970990151166916,0.13922086358070374,0.14214912056922913,0.1190289705991745,0.11506564915180206,0.12540437281131744,0.12895013391971588,0.12660180032253265,0.11379975080490112,0.10959552973508835,0.11781474947929382,0.12048709392547607,0.10999036580324173,0.09676966816186905,0.09567625820636749,0.08581754565238953,0.07102242857217789,0.07248208671808243,0.0584496445953846,0.05245589837431908,0.045556895434856415,0.04203321039676666,0.04185338318347931,0.04212125390768051,0.03781062364578247,0.03089860826730728,0.03236083313822746,0.03680828586220741,MS
../data/DWT_NEW/MS/New_MS_109.wav,42.88066864013672,-53.14291000366211,31.935922622680664,-7.724752902984619,-17.49024200439453,4.5305962562561035,-4.789277076721191,-1.9673137664794922,2.5649399757385254,3.1666133403778076,-1.9531663656234741,-0.32445263862609863,-1.9904875755310059,-0.2500497102737427,3.0577831268310547,1.3889577388763428,-1.353982925415039,0.8441367745399475,-5.471004962921143,-0.44479358196258545,6.155664443969727,-2.4037015438079834,1.430019497871399,-0.7663503885269165,3.8037476539611816,-0.6943882703781128,-0.9126567840576172,0.8586576581001282,-1.0643585920333862,-2.78055739402771,1.2397159337997437,0.54642653465271,1.6426749229431152,1.1721484661102295,-0.3848492503166199,0.1587744951248169,3.0959830284118652,-2.0056118965148926,2.6073672771453857,-0.13272780179977417,0.17411431670188904,0.045816533267498016,0.030685890465974808,0.011910713277757168,0.018136300146579742,0.0471082478761673,0.07755936682224274,0.10289189219474792,0.11485056579113007,0.10799454152584076,0.0814177468419075,0.04218067228794098,0.014182284474372864,0.025364950299263,0.02409590780735016,0.011426667682826519,0.014287839643657207,0.0570078119635582,0.11824919283390045,0.15560628473758698,0.13533824682235718,0.07566525042057037,0.03176160156726837,0.06706490367650986,0.09396788477897644,0.07483004033565521,0.05567379295825958,0.024508237838745117,0.06418800354003906,0.1469726860523224,0.14263835549354553,0.0731024295091629,0.03977446258068085,0.07982352375984192,0.06287236511707306,0.10063512623310089,0.1259670853614807,0.06772233545780182,0.07984419912099838,0.10250954329967499,0.1018788069486618,0.09316077083349228,0.11863969266414642,0.1013193428516388,0.10510511696338654,0.15331953763961792,0.10532180964946747,0.14395743608474731,0.14872440695762634,0.145820751786232,0.1855912059545517,0.1835331916809082,0.21661770343780518,0.20587846636772156,0.2051103264093399,0.17477619647979736,0.14986108243465424,0.11991168558597565,0.09900061786174774,0.0866004079580307,0.09402546286582947,MS
../data/DWT_NEW/MS/New_MS_028.wav,44.279441833496094,-45.15492248535156,50.982948303222656,-8.012432098388672,-4.473320960998535,3.391895055770874,-0.7905349731445312,6.365495681762695,-4.372973918914795,-3.190969944000244,3.929043769836426,5.773200035095215,-6.62553071975708,2.0384199619293213,-2.686241626739502,5.323014736175537,-5.076407432556152,2.5927610397338867,-4.017693042755127,4.068381309509277,-0.9008511304855347,-0.674235463142395,1.0072901248931885,0.21458986401557922,0.5074571967124939,-0.5550575256347656,0.32575303316116333,0.3281627893447876,0.16608303785324097,-0.05701184272766113,0.5832959413528442,0.27316683530807495,-0.14769534766674042,1.202796220779419,-1.5068172216415405,3.486123561859131,1.2833080291748047,-2.129814624786377,0.4588731527328491,-0.6771973371505737,0.20313499867916107,0.10333104431629181,0.07570663094520569,0.051712848246097565,0.04819604381918907,0.06599247455596924,0.08402098715305328,0.09056960046291351,0.08179459720849991,0.0675879418849945,0.08121367543935776,0.1267395317554474,0.1743094027042389,0.20102664828300476,0.2054051160812378,0.1828921139240265,0.1387716829776764,0.0844358280301094,0.06493208557367325,0.10114102065563202,0.10372772812843323,0.09500471502542496,0.17121751606464386,0.20330917835235596,0.16187599301338196,0.10914266109466553,0.0932009369134903,0.12426671385765076,0.16171476244926453,0.15805251896381378,0.13715116679668427,0.1251678317785263,0.14672735333442688,0.1578836739063263,0.1313730627298355,0.11843590438365936,0.12520885467529297,0.1318560689687729,0.13765692710876465,0.13695549964904785,0.13369670510292053,0.13071711361408234,0.1237560510635376,0.11239159852266312,0.1254449188709259,0.1325134038925171,0.1158333271741867,0.10261736065149307,0.11310354620218277,0.098041832447052,0.08813533186912537,0.09561771154403687,0.09478265047073364,0.10091277956962585,0.1031804084777832,0.09638558328151703,0.0845181867480278,0.0687754675745964,0.056957751512527466,0.04930654913187027,0.0395086370408535,MS
../data/DWT_NEW/MS/New_MS_190.wav,48.49762725830078,-36.585838317871094,35.761207580566406,-13.320269584655762,5.102888584136963,-4.0062150955200195,2.680171251296997,1.1421746015548706,-1.4663227796554565,-0.6727682948112488,0.3008529543876648,2.243415355682373,-1.3445216417312622,0.4198176860809326,-2.5331039428710938,2.208583354949951,-3.196098804473877,2.6146061420440674,-2.7407281398773193,-0.018705278635025024,-0.05902807414531708,-0.09197162091732025,-0.3910146951675415,-0.10415950417518616,-0.2177795171737671,-0.08525311946868896,-0.1916857659816742,-1.3077619075775146,1.2693531513214111,-0.6034629344940186,-0.21001681685447693,1.1629893779754639,-1.9481911659240723,0.6192137002944946,0.22801761329174042,1.2032220363616943,0.8257001638412476,-1.1434516906738281,-0.03985758125782013,-0.3783179521560669,0.17721670866012573,0.08375701308250427,0.08423128724098206,0.08533130586147308,0.08708760142326355,0.0897170677781105,0.09452522546052933,0.10164006054401398,0.1100740134716034,0.1192416250705719,0.12757666409015656,0.1325497329235077,0.13372386991977692,0.1334584355354309,0.1302507221698761,0.1262873411178589,0.1258055567741394,0.12880751490592957,0.13653871417045593,0.1449522078037262,0.1486932933330536,0.1435021162033081,0.12662531435489655,0.10013162344694138,0.07290200144052505,0.07040763646364212,0.1021585613489151,0.12457151710987091,0.1155780628323555,0.08299949765205383,0.060407161712646484,0.06132534518837929,0.06844722479581833,0.05479145795106888,0.03198670595884323,0.05608506500720978,0.058684781193733215,0.042359575629234314,0.037184666842222214,0.0432422012090683,0.0489698201417923,0.047282442450523376,0.042937904596328735,0.048330266028642654,0.052045099437236786,0.044915344566106796,0.05019174516201019,0.064634308218956,0.059115931391716,0.047737967222929,0.05707767605781555,0.04869156330823898,0.05087035894393921,0.04746289551258087,0.04518233239650726,0.042516715824604034,0.04217079281806946,0.036925364285707474,0.03034922108054161,0.028293566778302193,0.028967252001166344,MS
../data/DWT_NEW/MS/New_MS_041.wav,61.30937194824219,-54.62939453125,19.4954776763916,-2.4306392669677734,3.952807903289795,4.579761505126953,0.7104570865631104,2.3112030029296875,-4.351777076721191,1.449404239654541,-0.8261358141899109,3.7629666328430176,0.5993344783782959,-2.107543468475342,0.209275484085083,0.7341052293777466,-2.500490665435791,1.509459137916565,-2.657896041870117,0.4847121238708496,-1.2026687860488892,-0.7273411750793457,1.6538565158843994,-0.8471063375473022,0.5856848359107971,-0.6052836179733276,-0.2880091667175293,-0.7210979461669922,0.4151315987110138,-2.173328161239624,0.7421566247940063,-0.4279348850250244,-2.1954243183135986,1.8733962774276733,-0.5645180940628052,2.380486011505127,0.08725523948669434,-2.212733268737793,-1.1002753973007202,-2.035337209701538,0.18919922411441803,0.10744858533143997,0.112259641289711,0.11076018214225769,0.10174715518951416,0.08622996509075165,0.07247775048017502,0.07662650942802429,0.10267303138971329,0.13533851504325867,0.16030165553092957,0.16600653529167175,0.14813420176506042,0.11021620035171509,0.05969664826989174,0.06278398633003235,0.11450521647930145,0.1499662697315216,0.15921902656555176,0.14808404445648193,0.12960860133171082,0.10373617708683014,0.06660881638526917,0.066361203789711,0.08758629113435745,0.08308075368404388,0.11623243242502213,0.12996067106723785,0.09855170547962189,0.07780976593494415,0.11166047304868698,0.11097922176122665,0.07443763315677643,0.06881020963191986,0.09359760582447052,0.10578817874193192,0.08420290797948837,0.06804274767637253,0.07031285017728806,0.07140767574310303,0.08206378668546677,0.0832054391503334,0.07235416769981384,0.07283173501491547,0.07889439165592194,0.07189569622278214,0.06250172108411789,0.06944385170936584,0.05999239534139633,0.04190479591488838,0.051847897469997406,0.041278332471847534,0.04251363128423691,0.04023206979036331,0.039001792669296265,0.03734996169805527,0.04324077069759369,0.04401421174407005,0.0369030199944973,0.03479303419589996,0.03746068850159645,MS
../data/DWT_NEW/MS/New_MS_134.wav,113.14988708496094,-50.36174011230469,7.503419399261475,-12.655878067016602,4.395289897918701,7.548982620239258,-1.7829493284225464,-0.9352331161499023,-4.689021110534668,3.704310417175293,-5.507057189941406,2.5535223484039307,1.5677716732025146,-2.6737589836120605,0.9388686418533325,-2.3323912620544434,2.898118495941162,-2.1133594512939453,-2.048738479614258,2.3117032051086426,-0.952567458152771,-1.9923114776611328,3.0567145347595215,-3.1176958084106445,1.7529518604278564,-2.4207394123077393,0.7759434580802917,-1.1106314659118652,-1.3886183500289917,0.3057789206504822,-0.8461361527442932,-0.02713221311569214,-0.5335292816162109,0.39847925305366516,-0.4922403395175934,0.8001934885978699,-1.3831040859222412,0.6331731677055359,-1.7991410493850708,0.8471235036849976,0.3036852777004242,0.10110032558441162,0.10967979580163956,0.11009953916072845,0.10160937905311584,0.088492751121521,0.07293730974197388,0.04505611211061478,0.024901922792196274,0.0948258638381958,0.16219767928123474,0.17604327201843262,0.11435726284980774,0.08450230956077576,0.20313647389411926,0.24760380387306213,0.17053833603858948,0.0883387103676796,0.12660591304302216,0.11326882988214493,0.1874236762523651,0.19927459955215454,0.12785515189170837,0.12009242177009583,0.16482675075531006,0.15922603011131287,0.1591094583272934,0.1483030468225479,0.16104534268379211,0.2311830371618271,0.18732428550720215,0.15423768758773804,0.14043466746807098,0.13892515003681183,0.22194716334342957,0.23252004384994507,0.16276094317436218,0.12451320886611938,0.18765494227409363,0.22039572894573212,0.17934949696063995,0.18488815426826477,0.19671162962913513,0.1934318095445633,0.17871585488319397,0.19981811940670013,0.17068976163864136,0.15101277828216553,0.20220203697681427,0.1791788637638092,0.19082042574882507,0.21600376069545746,0.22532561421394348,0.2830551862716675,0.3505135476589203,0.4098760187625885,0.496395081281662,0.5910029411315918,0.6875007748603821,0.7587335109710693,0.8050506711006165,MS
../data/DWT_NEW/MS/New_MS_106.wav,49.699493408203125,-44.193031311035156,32.4128303527832,-1.9473334550857544,-3.5893993377685547,-5.175670146942139,-10.970078468322754,9.986541748046875,-2.629243850708008,-1.5247385501861572,-3.8150997161865234,-0.3561859726905823,4.869104385375977,0.44282183051109314,4.480329513549805,0.9787006378173828,-2.3929390907287598,-0.5177152156829834,0.3992626667022705,-0.2888827323913574,1.4521677494049072,3.7022690773010254,-0.8191071152687073,-0.6300434470176697,3.1936521530151367,-1.0033454895019531,3.3022449016571045,0.7193971276283264,-3.871086835861206,-1.6075509786605835,1.9093680381774902,-1.1886584758758545,3.454362630844116,0.4258016049861908,-0.6414140462875366,0.3529847264289856,0.6135935187339783,0.682895302772522,-1.6089723110198975,0.7595314383506775,0.17475926876068115,0.1388244926929474,0.11380359530448914,0.07810787856578827,0.03803538903594017,0.041650500148534775,0.08705511689186096,0.1268363744020462,0.14718037843704224,0.14244887232780457,0.11449985206127167,0.07714825123548508,0.061848849058151245,0.05982568860054016,0.056347548961639404,0.037829212844371796,0.03129826486110687,0.09022586047649384,0.15143653750419617,0.16045093536376953,0.10837391763925552,0.11506471037864685,0.13279446959495544,0.08983638882637024,0.05044453963637352,0.04234825447201729,0.07648441195487976,0.11544066667556763,0.15300875902175903,0.18835853040218353,0.1600247621536255,0.08062534034252167,0.04825637489557266,0.13229712843894958,0.17620740830898285,0.19381988048553467,0.1546241044998169,0.08943627774715424,0.21351110935211182,0.24821922183036804,0.17046020925045013,0.14518168568611145,0.24606525897979736,0.2196483016014099,0.14079277217388153,0.21780526638031006,0.1782025694847107,0.153788223862648,0.17889797687530518,0.1482720673084259,0.1756921410560608,0.16862763464450836,0.192440927028656,0.19773367047309875,0.20055165886878967,0.1831924170255661,0.15623795986175537,0.12169137597084045,0.09702091664075851,0.08685169368982315,0.09470333158969879,MS
../data/DWT_NEW/MS/New_MS_174.wav,14.449201583862305,-70.6104736328125,6.2514519691467285,-36.811195373535156,-3.73236346244812,-7.63259744644165,4.976215839385986,-4.936629295349121,1.1035853624343872,1.019110083580017,1.7162361145019531,-2.023603677749634,1.9947845935821533,0.7633305788040161,0.13104009628295898,1.3976223468780518,1.1960963010787964,0.5672255754470825,3.4044082164764404,-0.48503831028938293,2.247056245803833,0.444105327129364,1.6236262321472168,3.669992446899414,2.4266881942749023,2.5738799571990967,1.2967884540557861,0.9209615588188171,1.1839394569396973,1.28328275680542,-0.12250493466854095,-0.19396623969078064,0.7226324677467346,-0.9217394590377808,-0.0932304859161377,1.1390376091003418,-0.14511799812316895,-0.38549408316612244,-2.0340399742126465,-2.104138135910034,0.17990975081920624,0.024700816720724106,0.020082097500562668,0.015436893329024315,0.01272145751863718,0.014444981701672077,0.01952904462814331,0.025092612951993942,0.029052481055259705,0.030371304601430893,0.02887030877172947,0.025794973596930504,0.02413029596209526,0.02372271567583084,0.021368402987718582,0.015119371935725212,0.00701456842944026,0.004936373792588711,0.011135304346680641,0.02257375419139862,0.03067179024219513,0.027993295341730118,0.016973398625850677,0.010586830787360668,0.008525233715772629,0.009250517934560776,0.016835520043969154,0.021720852702856064,0.020136907696723938,0.02301436848938465,0.023240424692630768,0.02636253647506237,0.0370015949010849,0.041631072759628296,0.03669752925634384,0.0315944142639637,0.0215227659791708,0.01857028529047966,0.04031702131032944,0.041673123836517334,0.01811358332633972,0.033819086849689484,0.04837486520409584,0.041901975870132446,0.04691218584775925,0.06200115382671356,0.0537060983479023,0.06923006474971771,0.06624767184257507,0.07500166445970535,0.10324771702289581,0.09826670587062836,0.09512794017791748,0.11857903003692627,0.1199665367603302,0.12350339442491531,0.1316031962633133,0.1371440887451172,0.13167567551136017,0.13249912858009338,0.13247287273406982,MS
../data/DWT_NEW/MS/New_MS_062.wav,55.39427947998047,-44.09374237060547,32.08713912963867,-6.642534255981445,8.208477020263672,0.7263336181640625,-1.4734381437301636,2.6824889183044434,1.2039545774459839,0.15650835633277893,0.06038132309913635,4.500223159790039,-4.407346248626709,4.018546104431152,-4.416197299957275,4.409008979797363,-2.840658187866211,3.2366414070129395,-2.4219672679901123,2.086303234100342,-2.579629421234131,1.4939004182815552,1.5518759489059448,-0.7559444904327393,1.5542008876800537,-0.44491052627563477,0.4827338457107544,0.592519998550415,0.710247278213501,-0.7680752277374268,1.3443987369537354,0.27351129055023193,-2.0968666076660156,2.0923922061920166,0.39666980504989624,2.495741367340088,1.251139521598816,-1.7677202224731445,0.501690149307251,-0.7908709049224854,0.1961527168750763,0.11752833425998688,0.09086300432682037,0.061854034662246704,0.03423088416457176,0.020403875038027763,0.031008470803499222,0.039051175117492676,0.03662295266985893,0.036779824644327164,0.06916122138500214,0.1215970367193222,0.17669211328029633,0.22001796960830688,0.23628640174865723,0.2164948284626007,0.16289199888706207,0.09116317331790924,0.03431403636932373,0.028732892125844955,0.04905001074075699,0.12643536925315857,0.20299047231674194,0.22426018118858337,0.17602193355560303,0.0963786393404007,0.04344363510608673,0.09500491619110107,0.14966760575771332,0.14973792433738708,0.1035391315817833,0.053845807909965515,0.10915118455886841,0.1365141123533249,0.11254487931728363,0.08430985361337662,0.08611829578876495,0.08296152204275131,0.08714199811220169,0.08975513279438019,0.08024388551712036,0.066349558532238,0.06444798409938812,0.07289832830429077,0.07215756922960281,0.06407249718904495,0.06373463571071625,0.0593281127512455,0.038530271500349045,0.05881490930914879,0.06725472956895828,0.053340330719947815,0.056299418210983276,0.05321358144283295,0.05016748607158661,0.05274100974202156,0.06007862091064453,0.05825835466384888,0.05104207992553711,0.046168822795152664,0.04155672341585159,MS
../data/DWT_NEW/MS/New_MS_152.wav,100.37458038330078,-37.628936767578125,17.274559020996094,-8.915237426757812,1.9779086112976074,-3.1653199195861816,-1.158689022064209,2.908437490463257,-3.64829158782959,2.8367786407470703,-5.224839210510254,2.245997428894043,1.5169686079025269,3.97768497467041,-0.6564137935638428,-1.5355627536773682,3.513531446456909,-2.5326616764068604,0.5860797166824341,-0.009573101997375488,-0.16778551042079926,-0.4609676003456116,1.7154804468154907,-0.988052487373352,-0.35139140486717224,-1.3330539464950562,1.3464514017105103,-1.7508853673934937,1.7636247873306274,-1.5937974452972412,1.4176390171051025,-1.0752203464508057,0.545160710811615,-0.6379473805427551,0.41693970561027527,-0.27857956290245056,-0.6953709125518799,-0.25642162561416626,-0.5899326801300049,1.5057719945907593,0.2523938715457916,0.2519402503967285,0.23947545886039734,0.1975197196006775,0.1334027200937271,0.07548703998327255,0.08447086811065674,0.10725168883800507,0.09226424992084503,0.08439455926418304,0.16328318417072296,0.23610839247703552,0.25135964155197144,0.21865114569664001,0.1711205244064331,0.13368944823741913,0.09453010559082031,0.13119463622570038,0.13089318573474884,0.18824636936187744,0.24136289954185486,0.18314974009990692,0.0970165878534317,0.14081889390945435,0.23006990551948547,0.2050756812095642,0.11652489006519318,0.16447822749614716,0.21572065353393555,0.20513060688972473,0.15768121182918549,0.2055857628583908,0.2056049108505249,0.14294841885566711,0.23171298205852509,0.206294983625412,0.22767892479896545,0.23825481534004211,0.19128897786140442,0.21878893673419952,0.22155141830444336,0.24858912825584412,0.26307517290115356,0.19693523645401,0.174033060669899,0.2524082660675049,0.24589739739894867,0.11785683780908585,0.22653870284557343,0.22459322214126587,0.19556967914104462,0.23640692234039307,0.23702186346054077,0.23390959203243256,0.24358564615249634,0.2347300797700882,0.2330910861492157,0.22863605618476868,0.22199074923992157,0.20772813260555267,0.20921625196933746,MS
../data/DWT_NEW/MS/New_MS_078.wav,35.49782943725586,-46.96833801269531,38.645111083984375,-1.3444932699203491,5.667292594909668,-5.843028545379639,4.427579879760742,7.186466217041016,-3.7329823970794678,2.8071036338806152,-0.28372910618782043,2.3788766860961914,1.5864179134368896,-4.403281211853027,4.547964572906494,0.13588841259479523,-2.095557689666748,2.6798224449157715,-1.9572175741195679,-0.597278356552124,0.9584117531776428,-1.3374600410461426,2.598268985748291,-0.0319620817899704,0.7545994520187378,0.00042319297790527344,0.411935031414032,-0.7739015817642212,1.4021906852722168,-1.673809289932251,0.8019253015518188,0.6969561576843262,-2.6213955879211426,2.105132579803467,-0.2716759443283081,2.199955463409424,-0.249442458152771,-2.787999153137207,0.3037996292114258,-0.5656499862670898,0.16328652203083038,0.09589537978172302,0.06723266839981079,0.038017187267541885,0.026795770972967148,0.04900042712688446,0.07227939367294312,0.08464720100164413,0.07990162819623947,0.05769280344247818,0.03656962886452675,0.0801263079047203,0.1413361132144928,0.1919209361076355,0.2118183970451355,0.19001197814941406,0.12941217422485352,0.058253198862075806,0.06763848662376404,0.0919949859380722,0.07366444915533066,0.10203215479850769,0.17553064227104187,0.19752895832061768,0.15362593531608582,0.09611162543296814,0.07392719388008118,0.0874796211719513,0.12903477251529694,0.13220885396003723,0.10601013153791428,0.0837123841047287,0.11218392848968506,0.1353410929441452,0.12605753540992737,0.10847528278827667,0.1004224643111229,0.09161114692687988,0.08908143639564514,0.09317939728498459,0.09437255561351776,0.08834663033485413,0.0813332200050354,0.08042018115520477,0.07966562360525131,0.0732552707195282,0.06667231023311615,0.05701765418052673,0.03625066578388214,0.03486599400639534,0.0381486713886261,0.026461560279130936,0.03101092204451561,0.02892889454960823,0.02928282506763935,0.02972407266497612,0.0317821279168129,0.03305399790406227,0.033034712076187134,0.031488772481679916,0.031042272225022316,MS
../data/DWT_NEW/MS/New_MS_124.wav,-35.499481201171875,-99.85232543945312,44.601287841796875,-14.46908950805664,2.653339385986328,6.028039455413818,3.152989149093628,1.1037824153900146,-2.834050178527832,4.163209915161133,-3.699873924255371,-1.2567096948623657,-3.0924618244171143,1.560377597808838,2.966675281524658,-1.2358055114746094,-3.010284900665283,-4.7138991355896,-1.4352467060089111,1.1877014636993408,-0.7675607204437256,-0.44052237272262573,-3.780032157897949,-3.2493298053741455,3.4583983421325684,0.8737318515777588,-2.042633533477783,4.51286506652832,-1.2268729209899902,-4.2744526863098145,0.68562912940979,4.052387714385986,-0.10566151142120361,2.593862295150757,4.117949485778809,-1.4420862197875977,3.3882768154144287,4.7508463859558105,-0.8582195043563843,1.4121429920196533,0.1854909509420395,0.02099437266588211,0.02370908111333847,0.02653682976961136,0.028780128806829453,0.029722291976213455,0.028979545459151268,0.026175977662205696,0.021244993433356285,0.014995668083429337,0.008466729894280434,0.002415248891338706,0.0036287212278693914,0.011716514825820923,0.02068924531340599,0.027792103588581085,0.029086759313941002,0.022449921816587448,0.011149663478136063,0.011597472243010998,0.02484700083732605,0.03496519848704338,0.03143183887004852,0.013459346257150173,0.028454134240746498,0.03936684876680374,0.02580377459526062,0.014477257616817951,0.030275505036115646,0.04012344405055046,0.03176797553896904,0.009217317216098309,0.010735389776527882,0.01627209596335888,0.016302211210131645,0.01626018062233925,0.02413325384259224,0.027382932603359222,0.02250717021524906,0.01447678916156292,0.014887142926454544,0.021649623289704323,0.023921605199575424,0.020915312692523003,0.013054636307060719,0.00835424941033125,0.01318133994936943,0.019830923527479172,0.02236200124025345,0.02568640187382698,0.025827035307884216,0.018510639667510986,0.014088520780205727,0.023908503353595734,0.03386000916361809,0.03466988727450371,0.02750568836927414,0.02168644592165947,0.02398070879280567,0.0242924802005291,0.016898123547434807,MS
../data/DWT_NEW/MS/New_MS_005.wav,25.1398983001709,-83.97840881347656,37.96137237548828,-16.78356170654297,5.504825592041016,3.96185564994812,10.489788055419922,1.5318700075149536,1.00860595703125,2.2911741733551025,-1.0164176225662231,1.0995659828186035,-11.023096084594727,-7.350971221923828,1.3153061866760254,-0.9588069319725037,-8.865034103393555,8.829556465148926,3.0757713317871094,-0.869674563407898,6.330448627471924,-0.5947885513305664,4.430459976196289,-3.2090978622436523,-5.447857856750488,1.784729242324829,-5.24995756149292,-0.4639779329299927,-3.1956396102905273,2.4726202487945557,0.9836246967315674,-1.5089688301086426,1.0602266788482666,3.5750153064727783,2.8314709663391113,2.3874526023864746,-1.1194443702697754,1.53458833694458,-1.6663713455200195,-1.2871026992797852,0.24472346901893616,0.051679693162441254,0.05608990043401718,0.058994632214307785,0.059192586690187454,0.055908769369125366,0.048870157450437546,0.037498075515031815,0.021596986800432205,0.0018549856031313539,0.02101554535329342,0.04443597048521042,0.06633895635604858,0.07856300473213196,0.08868767321109772,0.08970919996500015,0.07980863749980927,0.0585007481276989,0.028487050905823708,0.012646597810089588,0.049928706139326096,0.08617803454399109,0.11227366328239441,0.11696704477071762,0.09541607648134232,0.05994587019085884,0.06263995170593262,0.08749408274888992,0.07522965967655182,0.0344524122774601,0.07832767814397812,0.1292029470205307,0.13310109078884125,0.09643848240375519,0.07500821352005005,0.07612564414739609,0.09712326526641846,0.1238429993391037,0.11511557549238205,0.08015695214271545,0.07537709921598434,0.07122553884983063,0.036153923720121384,0.01861238293349743,0.04810851439833641,0.03668172284960747,0.047173261642456055,0.07388237863779068,0.09556355327367783,0.12197539955377579,0.12597884237766266,0.13095705211162567,0.15194690227508545,0.16899314522743225,0.1582663208246231,0.1280563622713089,0.09801879525184631,0.06287822127342224,0.02409118041396141,0.09756817668676376,0.1632770597934723,MS
../data/DWT_NEW/MS/New_MS_143.wav,95.23439025878906,-58.26438903808594,15.873370170593262,-6.9333953857421875,9.150452613830566,0.43413782119750977,-4.580892086029053,5.707009315490723,-5.39716911315918,-2.458855628967285,-2.8732523918151855,3.202094316482544,3.2881476879119873,-1.1171491146087646,-1.296097993850708,0.2532781958580017,-0.9490006566047668,1.1777124404907227,-3.5089070796966553,2.1335248947143555,-1.3120410442352295,-0.3038831353187561,1.009446620941162,-1.2584952116012573,-0.20832502841949463,1.4214433431625366,-1.0655304193496704,1.2198245525360107,-1.1570874452590942,-0.1846809983253479,-0.1150723397731781,-0.19607195258140564,1.371565818786621,-1.4971543550491333,0.41471588611602783,-1.4027917385101318,1.0467133522033691,-1.4351309537887573,0.7547359466552734,-1.1139419078826904,0.29884469509124756,0.061017394065856934,0.08727391064167023,0.11450524628162384,0.12855134904384613,0.11778409034013748,0.07713130116462708,0.023123182356357574,0.08637219667434692,0.1598166525363922,0.19529639184474945,0.172191321849823,0.1010269820690155,0.036619964987039566,0.07882730662822723,0.12912079691886902,0.15714317560195923,0.14434631168842316,0.0998660996556282,0.06629534065723419,0.12653395533561707,0.19079118967056274,0.16348698735237122,0.15430238842964172,0.16524672508239746,0.10318857431411743,0.06821552664041519,0.13749998807907104,0.14233124256134033,0.16347470879554749,0.19142906367778778,0.1750912368297577,0.13083353638648987,0.17746827006340027,0.17342263460159302,0.12012557685375214,0.1032351404428482,0.18071210384368896,0.2036513388156891,0.16351601481437683,0.15743735432624817,0.18517562747001648,0.15874798595905304,0.16440054774284363,0.17820045351982117,0.20294056832790375,0.16986770927906036,0.16808928549289703,0.19775402545928955,0.18272000551223755,0.1682761162519455,0.20002438127994537,0.1936839371919632,0.19892705976963043,0.22641807794570923,0.2296605110168457,0.2446427345275879,0.2614208459854126,0.2831633388996124,0.2973710298538208,0.309184730052948,MS
../data/DWT_NEW/MS/New_MS_178.wav,37.74358367919922,-46.48014831542969,24.066640853881836,-18.311412811279297,-2.583804130554199,-7.181764125823975,0.39831072092056274,-1.5796639919281006,-4.078920364379883,0.21562409400939941,-0.42878198623657227,-1.2970306873321533,2.6764519214630127,0.2324047088623047,-2.159562587738037,1.0318278074264526,-1.133432149887085,-0.8530850410461426,1.1792733669281006,-1.8776386976242065,0.8475806713104248,-0.859451413154602,-0.20008975267410278,0.4239863157272339,0.633236289024353,-0.07680724561214447,-1.6329426765441895,0.10824772715568542,-1.1622148752212524,0.15065951645374298,0.40944260358810425,-1.334667444229126,-0.7565292119979858,-0.07338258624076843,-1.0496790409088135,-0.5239506959915161,-0.09492573142051697,0.6081575155258179,-0.6477962136268616,0.5291689038276672,0.16107696294784546,0.04737970232963562,0.052864156663417816,0.05686450004577637,0.05841316282749176,0.0566323921084404,0.05185212567448616,0.04499262198805809,0.038785822689533234,0.0376642644405365,0.04209442064166069,0.04712466895580292,0.04862170293927193,0.04432688280940056,0.037579912692308426,0.03966638818383217,0.06353769451379776,0.08989252150058746,0.1009967178106308,0.08768273890018463,0.057202160358428955,0.04604751989245415,0.06444644927978516,0.07117016613483429,0.07398983836174011,0.07856319099664688,0.06373535841703415,0.033453281968832016,0.04309048503637314,0.06084636598825455,0.04783177748322487,0.035228509455919266,0.059270136058330536,0.09000624716281891,0.07868613302707672,0.03347581997513771,0.040991924703121185,0.04890161007642746,0.07272565364837646,0.07374978810548782,0.02347203716635704,0.07391193509101868,0.07157470285892487,0.04876260459423065,0.08330098539590836,0.09257639944553375,0.07271594554185867,0.08622641116380692,0.0833536759018898,0.08573247492313385,0.08159112930297852,0.09110505133867264,0.10096943378448486,0.10410911589860916,0.11132849007844925,0.12073218077421188,0.12664155662059784,0.1170920580625534,0.11560286581516266,0.12039884179830551,0.11965177953243256,MS
../data/DWT_NEW/MS/New_MS_096.wav,53.943885803222656,-53.54536056518555,34.94034194946289,-19.071739196777344,-10.47005844116211,4.477962970733643,-12.438121795654297,3.5096049308776855,-2.42767333984375,0.7300333976745605,-2.3643579483032227,-5.630950927734375,7.357102870941162,-5.884399890899658,-1.153079628944397,0.6887715458869934,2.0379018783569336,-5.672224044799805,-0.5289671421051025,1.324753999710083,-0.7644543647766113,0.822770357131958,2.0871245861053467,-1.0086997747421265,-0.027781039476394653,2.158249855041504,-1.5023486614227295,0.47829335927963257,-2.6160569190979004,1.0447427034378052,-2.5876312255859375,2.4906463623046875,0.06050339341163635,-0.5541470646858215,0.4034770131111145,0.5826869606971741,0.30477192997932434,1.7934483289718628,0.6541047692298889,-0.30298566818237305,0.2220095545053482,0.05763017758727074,0.05610845983028412,0.060209970921278,0.06962605565786362,0.08072896301746368,0.08949561417102814,0.09148786962032318,0.08281411230564117,0.06281671673059464,0.03439822793006897,0.015639998018741608,0.037800174206495285,0.04676198959350586,0.04451504349708557,0.03363451361656189,0.03759683668613434,0.06224817782640457,0.08366653323173523,0.09333610534667969,0.10956308245658875,0.1171332374215126,0.08516734838485718,0.0723787471652031,0.0784834548830986,0.06665627658367157,0.06689804792404175,0.058420732617378235,0.056814536452293396,0.10237844288349152,0.09274733811616898,0.10008183121681213,0.07137224823236465,0.10454532504081726,0.10318459570407867,0.08329329639673233,0.045435886830091476,0.08519703894853592,0.13145264983177185,0.12437741458415985,0.051693350076675415,0.09634193032979965,0.19706173241138458,0.16732272505760193,0.13593831658363342,0.22582204639911652,0.22512832283973694,0.20506447553634644,0.2134125828742981,0.1983669102191925,0.16288946568965912,0.15785494446754456,0.13413923978805542,0.14871442317962646,0.12796330451965332,0.1472017467021942,0.15098655223846436,0.15662966668605804,0.16988307237625122,0.17567840218544006,0.14923562109470367,MS
../data/DWT_NEW/MS/New_MS_196.wav,40.110023498535156,-37.9381217956543,42.21357345581055,-5.839179515838623,-5.881378173828125,2.974081039428711,3.081857919692993,4.390028476715088,-5.318700790405273,1.213819980621338,1.4815759658813477,3.9534261226654053,1.5302433967590332,-6.528546333312988,3.4319067001342773,0.6583789587020874,-0.8031283020973206,-1.6224082708358765,-0.07924014329910278,0.8455530405044556,2.171232223510742,-2.38297963142395,0.8256609439849854,1.821997880935669,-1.4477183818817139,0.5860915184020996,0.6848522424697876,0.06406784057617188,1.545964002609253,-1.1392908096313477,-0.1563308835029602,2.9482550621032715,-3.9930386543273926,2.3794445991516113,-2.101642370223999,3.4531936645507812,-0.2642213702201843,-0.4754778742790222,-0.32297059893608093,0.5666943788528442,0.15516851842403412,0.12829184532165527,0.10621770471334457,0.0825442522764206,0.06265966594219208,0.05272085592150688,0.051025912165641785,0.04654468595981598,0.036812178790569305,0.04989618808031082,0.09352333843708038,0.14116479456424713,0.17470642924308777,0.1839447021484375,0.16896456480026245,0.15048904716968536,0.14360970258712769,0.12251034379005432,0.07193811237812042,0.06597249954938889,0.10928643494844437,0.11965276300907135,0.1614176332950592,0.20028555393218994,0.17116297781467438,0.1012791246175766,0.06648962944746017,0.11082956939935684,0.13133877515792847,0.12581875920295715,0.12026990950107574,0.10542047768831253,0.12804155051708221,0.14676742255687714,0.11100360006093979,0.08529870957136154,0.10122749954462051,0.10608489066362381,0.105769582092762,0.10583694279193878,0.11089669167995453,0.11722560226917267,0.11089682579040527,0.09435540437698364,0.12090372294187546,0.1338435709476471,0.11883413791656494,0.10791003704071045,0.12287978827953339,0.1116209477186203,0.09600909799337387,0.09927628189325333,0.09773145616054535,0.09902913868427277,0.10111801326274872,0.09711691737174988,0.08606592565774918,0.07452646642923355,0.06705202162265778,0.05985291302204132,0.04972442239522934,MS
../data/DWT_NEW/MS/New_MS_099.wav,53.9942626953125,-38.41066360473633,41.81843566894531,-25.65741729736328,-8.167388916015625,6.216835975646973,-5.04566764831543,6.312191009521484,-3.307912826538086,1.302873134613037,0.9816080927848816,-4.861838340759277,3.224626064300537,-0.05448096990585327,1.5344610214233398,-1.6055495738983154,-4.901768684387207,3.813326358795166,0.8276726603507996,1.9060826301574707,-2.634096145629883,0.7834720611572266,0.6193705797195435,2.3396096229553223,-1.6724328994750977,2.713283061981201,-3.4601454734802246,1.0401673316955566,1.5330184698104858,-4.241368293762207,-0.5104817152023315,2.1585257053375244,-0.8967919945716858,0.5519110560417175,0.07098820805549622,1.1674398183822632,0.42722171545028687,1.456960916519165,0.21488630771636963,1.3812057971954346,0.20740440487861633,0.10757400095462799,0.09108756482601166,0.08056097477674484,0.08951869606971741,0.11440785229206085,0.13982346653938293,0.1531091332435608,0.14761793613433838,0.12750102579593658,0.10580393671989441,0.09633763134479523,0.0969604104757309,0.09526339173316956,0.10303817689418793,0.09573357552289963,0.05691482871770859,0.0881245881319046,0.15402019023895264,0.1518661230802536,0.09432855248451233,0.09443299472332001,0.09381452947854996,0.09834641218185425,0.11014457046985626,0.06964540481567383,0.06570050865411758,0.1334749311208725,0.18724018335342407,0.22940786182880402,0.19005535542964935,0.09498083591461182,0.06730739772319794,0.12814748287200928,0.16570918262004852,0.2099510282278061,0.19501101970672607,0.0837155431509018,0.1685156673192978,0.22235004603862762,0.16450712084770203,0.12073890119791031,0.19963426887989044,0.17965130507946014,0.11229990422725677,0.2157311588525772,0.1685636043548584,0.19721662998199463,0.2549619674682617,0.22424094378948212,0.27987921237945557,0.25012171268463135,0.24662864208221436,0.21296994388103485,0.18687081336975098,0.17609268426895142,0.17406654357910156,0.15928341448307037,0.14311526715755463,0.143720343708992,0.15830828249454498,MS
../data/DWT_NEW/MS/New_MS_079.wav,58.18089294433594,-34.765316009521484,39.85093688964844,-6.750616073608398,0.25629788637161255,4.274874687194824,-3.637946605682373,3.402984619140625,-3.3327245712280273,-1.3791518211364746,1.5912504196166992,2.4126458168029785,0.787193775177002,-3.9389638900756836,2.911445379257202,-0.31401970982551575,-2.03889799118042,2.1345646381378174,-1.6285719871520996,0.03422347456216812,0.8684180974960327,-1.2176554203033447,0.29348841309547424,1.3526239395141602,-1.8256094455718994,0.49943825602531433,0.485634446144104,-0.9949139356613159,0.7606953382492065,-0.40844613313674927,0.21817268431186676,1.2747931480407715,-2.5589404106140137,1.7357654571533203,-0.9184365272521973,2.5940613746643066,0.4797753393650055,-0.9515827894210815,-0.11859938502311707,-0.7885051965713501,0.17768211662769318,0.15777456760406494,0.1592547595500946,0.15207481384277344,0.13439235091209412,0.10487854480743408,0.06613938510417938,0.03517293184995651,0.0752166211605072,0.13599181175231934,0.1904056966304779,0.21954679489135742,0.20949742197990417,0.15347176790237427,0.07404733449220657,0.1181340217590332,0.201655775308609,0.22340495884418488,0.1656152606010437,0.09252923727035522,0.16763341426849365,0.20365692675113678,0.15858042240142822,0.1188250184059143,0.15043430030345917,0.14636977016925812,0.14333991706371307,0.19360807538032532,0.20526185631752014,0.2058734893798828,0.19742363691329956,0.18415075540542603,0.17643873393535614,0.1686820238828659,0.1624552458524704,0.17210054397583008,0.18614593148231506,0.18004560470581055,0.17248666286468506,0.18088702857494354,0.19039186835289001,0.17854434251785278,0.1402696669101715,0.133353590965271,0.17142453789710999,0.16926386952400208,0.1189204603433609,0.12191086262464523,0.13686415553092957,0.10874661058187485,0.11267918348312378,0.11342675983905792,0.11298404633998871,0.11535511165857315,0.11373282968997955,0.10360832512378693,0.0925084725022316,0.08026818931102753,0.06737162172794342,0.05573248863220215,0.0486859530210495,MS
../data/DWT_NEW/MS/New_MS_191.wav,43.19270706176758,-52.84737014770508,47.102081298828125,-3.2455554008483887,2.8017873764038086,-1.1063169240951538,-2.219735622406006,6.819798469543457,0.28340083360671997,-4.271259784698486,2.5178568363189697,5.488150596618652,-2.2672131061553955,1.4407292604446411,-3.1734390258789062,4.097132682800293,-3.8636176586151123,2.7984726428985596,-0.7816358208656311,1.9854111671447754,-1.2749353647232056,0.2659875154495239,1.1846950054168701,0.9237604141235352,0.7102553844451904,-1.6341054439544678,1.238661289215088,0.6792547702789307,0.21721506118774414,-0.8896515369415283,0.7303991317749023,0.3238036632537842,-0.7784390449523926,-0.1428791880607605,0.38749420642852783,2.152036666870117,1.9605844020843506,-1.8407585620880127,0.7464770078659058,-1.1340141296386719,0.20857112109661102,0.11774257570505142,0.08626110106706619,0.050481803715229034,0.013353031128644943,0.021170008927583694,0.04694244638085365,0.058287348598241806,0.0500638410449028,0.024625446647405624,0.04258500784635544,0.10386595129966736,0.1659250110387802,0.21115946769714355,0.22341878712177277,0.1938774138689041,0.12830547988414764,0.04900974780321121,0.03499993681907654,0.06355350464582443,0.07327356189489365,0.12780748307704926,0.20105241239070892,0.22187304496765137,0.16960208117961884,0.08604630082845688,0.045170027762651443,0.0999341532588005,0.13746410608291626,0.12477020919322968,0.08619406074285507,0.08077960461378098,0.12851227819919586,0.15131238102912903,0.13480214774608612,0.11904466152191162,0.10302068293094635,0.08875873684883118,0.09269123524427414,0.09985406696796417,0.0985548347234726,0.08659273386001587,0.07953645288944244,0.08048728108406067,0.07389268279075623,0.05923477187752724,0.05684918910264969,0.051252759993076324,0.02066212147474289,0.030713647603988647,0.038528021425008774,0.019434427842497826,0.032725103199481964,0.0328887440264225,0.037493254989385605,0.042445965111255646,0.0499352365732193,0.04842930659651756,0.04659705609083176,0.05033039301633835,0.05722080171108246,MS
../data/DWT_NEW/MS/New_MS_132.wav,131.65789794921875,-40.301963806152344,10.322652816772461,-2.6265625953674316,-0.5380243062973022,5.727752208709717,-6.998071193695068,8.331853866577148,-3.881103277206421,6.210791110992432,-1.8939110040664673,-3.2467458248138428,3.958538770675659,-0.06062394380569458,0.6913222074508667,-1.2183802127838135,2.1569061279296875,0.49916723370552063,-1.89441978931427,2.0065743923187256,0.7523974180221558,-2.6678664684295654,2.462949275970459,-2.56884765625,1.3940458297729492,-0.1938762366771698,1.5962218046188354,0.40270525217056274,0.747360110282898,-0.45957180857658386,1.117427110671997,-0.2148606777191162,0.4752664864063263,0.8040187358856201,0.5224924683570862,0.618067741394043,0.06694824993610382,0.3593754768371582,-0.044269293546676636,0.4988197982311249,0.323169469833374,0.3612811863422394,0.33836472034454346,0.28268924355506897,0.21680782735347748,0.20163536071777344,0.26055535674095154,0.3170778155326843,0.31559664011001587,0.2514267563819885,0.17571905255317688,0.18368995189666748,0.21281999349594116,0.19830365478992462,0.14178118109703064,0.10251398384571075,0.09023894369602203,0.08643752336502075,0.11795739829540253,0.2648608684539795,0.3029457628726959,0.21823731064796448,0.3267524540424347,0.296872079372406,0.31717005372047424,0.30001500248908997,0.16272065043449402,0.07300116121768951,0.0817161574959755,0.18059368431568146,0.2792202830314636,0.38518351316452026,0.3903731405735016,0.2821744680404663,0.1368861049413681,0.06903500854969025,0.2740902900695801,0.3691953420639038,0.33533358573913574,0.21935558319091797,0.16280311346054077,0.30990540981292725,0.3637005090713501,0.2406913936138153,0.23708383738994598,0.34898194670677185,0.2898840308189392,0.2718702554702759,0.3370705246925354,0.30477797985076904,0.32988351583480835,0.3526209592819214,0.3423853814601898,0.34977608919143677,0.3560076653957367,0.3677244782447815,0.3719361424446106,0.38275837898254395,0.3966931104660034,0.40014368295669556,0.40693703293800354,MS
../data/DWT_NEW/MS/New_MS_083.wav,58.48628234863281,-44.19309997558594,32.112586975097656,-13.838947296142578,2.8060054779052734,0.5049818158149719,0.12777075171470642,-1.6251333951950073,-0.7176550626754761,-1.6906746625900269,1.3022186756134033,4.209428787231445,-3.680575370788574,1.2840934991836548,-3.8282155990600586,3.585556983947754,-4.633883953094482,2.6278226375579834,-2.7897086143493652,2.716506242752075,-1.070385217666626,-0.37515342235565186,0.3753052353858948,-0.4406338930130005,-0.27303022146224976,-0.4449975788593292,0.664300799369812,-1.3005741834640503,0.9271267652511597,-0.24303069710731506,-0.4828863739967346,0.8012807369232178,-1.7019249200820923,0.6116178035736084,-0.15572522580623627,1.1749387979507446,0.5616675615310669,-2.068415641784668,-0.7308739423751831,-2.031801700592041,0.20564711093902588,0.10985914617776871,0.09931305050849915,0.08672577142715454,0.07388721406459808,0.06147696077823639,0.048192717134952545,0.030366431921720505,0.01960255205631256,0.05404849350452423,0.09812271595001221,0.13339759409427643,0.1445598304271698,0.11958476155996323,0.07086226344108582,0.054040681570768356,0.10661906003952026,0.1309441775083542,0.1235319972038269,0.12938129901885986,0.14454928040504456,0.12181144952774048,0.1025274470448494,0.14248508214950562,0.13582652807235718,0.09771567583084106,0.06876935809850693,0.10800749063491821,0.11653297394514084,0.1155511885881424,0.11352619528770447,0.11483536660671234,0.11534218490123749,0.10146989673376083,0.07516933977603912,0.08596085011959076,0.11662976443767548,0.11798225343227386,0.10225151479244232,0.08492764085531235,0.10081320255994797,0.11881740391254425,0.10413287580013275,0.06363730132579803,0.10430736839771271,0.12898847460746765,0.10604581236839294,0.07394244521856308,0.1047603040933609,0.08626046031713486,0.07613934576511383,0.08782889693975449,0.0867634266614914,0.090731181204319,0.08907084912061691,0.08360503613948822,0.08234880864620209,0.0737585574388504,0.05636556074023247,0.04869507998228073,0.039497338235378265,MS
../data/DWT_NEW/MS/New_MS_166.wav,80.70872497558594,-60.336082458496094,1.460777759552002,-26.00414276123047,1.8236172199249268,-1.3511604070663452,-6.847687721252441,0.42625850439071655,-1.128188133239746,-0.6323859691619873,-0.5514745116233826,6.0000081062316895,-3.081498146057129,-0.5606676340103149,1.5329184532165527,-2.082458734512329,-0.11033755540847778,0.29177922010421753,0.8764541745185852,-2.135859966278076,2.7098264694213867,-2.9843430519104004,-0.10882295668125153,0.7465177774429321,-0.1503177285194397,0.20163334906101227,0.10422909259796143,-2.2489306926727295,0.551514744758606,0.3538501262664795,1.1685502529144287,0.25316137075424194,0.3987002968788147,1.573845386505127,-0.07944992929697037,2.0866589546203613,-0.6794021129608154,0.34888553619384766,-0.3457116484642029,0.19655171036720276,0.2522539794445038,0.00864703580737114,0.02627645991742611,0.04455956816673279,0.0590837225317955,0.06631403416395187,0.06653252243995667,0.06612349301576614,0.07406320422887802,0.08681909739971161,0.09018974006175995,0.07540516555309296,0.05051130801439285,0.03916092589497566,0.03855610638856888,0.028972625732421875,0.04240431636571884,0.05265920236706734,0.03881242498755455,0.01531674899160862,0.0327373668551445,0.07556219398975372,0.09275007992982864,0.07411441206932068,0.06867709010839462,0.05516181141138077,0.07041842490434647,0.08461116254329681,0.046860139816999435,0.04306552931666374,0.05004724860191345,0.04812655597925186,0.058511555194854736,0.07026509195566177,0.07784286141395569,0.0916539877653122,0.07588054239749908,0.08572523295879364,0.0994528979063034,0.12015573680400848,0.11042545735836029,0.13309967517852783,0.12280614674091339,0.10656475275754929,0.126962810754776,0.17225506901741028,0.17367595434188843,0.1529739797115326,0.1872558891773224,0.21152734756469727,0.21282000839710236,0.2387959361076355,0.2608683109283447,0.2657969892024994,0.30055105686187744,0.3328268527984619,0.3781283497810364,0.42039376497268677,0.4647389054298401,0.5088881850242615,0.5541983842849731,MS
../data/DWT_NEW/MS/New_MS_039.wav,24.23412322998047,-45.14555740356445,44.41621398925781,-11.323786735534668,3.640253782272339,-0.45696884393692017,-1.7777328491210938,5.87944221496582,-0.6832194328308105,-4.264318466186523,2.471799373626709,5.089284896850586,-5.215876579284668,3.316572904586792,-3.1125435829162598,2.6604409217834473,-3.5287375450134277,2.7296133041381836,-3.10896635055542,2.75398588180542,-0.8649584650993347,0.5085686445236206,0.3289087116718292,0.2960551381111145,-0.3416423797607422,0.5855289697647095,0.5893884897232056,-0.6288424730300903,1.229490041732788,-0.12403538823127747,-0.1258903443813324,0.36040329933166504,-0.6468021869659424,-0.1558365672826767,-0.6392489671707153,1.8301661014556885,1.8063647747039795,-1.5618281364440918,0.3838652968406677,-1.0692417621612549,0.16504329442977905,0.1024775579571724,0.08618532121181488,0.06752531230449677,0.05007505416870117,0.0383172482252121,0.03294927626848221,0.02749015763401985,0.02581131085753441,0.04969687759876251,0.08793118596076965,0.12332220375537872,0.1421506106853485,0.13475461304187775,0.11446921527385712,0.10465564578771591,0.11378191411495209,0.10327628999948502,0.06175578385591507,0.05613698065280914,0.08852989226579666,0.08665113151073456,0.11459183692932129,0.14772847294807434,0.12755566835403442,0.07941503822803497,0.0606597438454628,0.0940246507525444,0.10333622992038727,0.10571238398551941,0.1060318723320961,0.09248383343219757,0.10133467614650726,0.10983560234308243,0.07743839174509048,0.08325705677270889,0.103217214345932,0.10543245822191238,0.09731705486774445,0.08093095570802689,0.08848941326141357,0.1014835461974144,0.0935337245464325,0.0656595528125763,0.09845943748950958,0.1130623072385788,0.09303776919841766,0.0865122601389885,0.10612412542104721,0.09042026847600937,0.08085083961486816,0.0850733071565628,0.08189907670021057,0.0880049616098404,0.0946880429983139,0.09404999017715454,0.09036528319120407,0.08579637110233307,0.07875342667102814,0.06676981598138809,0.05573638901114464,MS
../data/DWT_NEW/MS/New_MS_022.wav,38.395538330078125,-30.122276306152344,42.12861633300781,-8.646004676818848,-0.06265762448310852,-5.3072919845581055,5.549760818481445,0.7747169137001038,2.380600929260254,-2.855706214904785,-0.86477130651474,2.892798662185669,1.363567590713501,-3.5624208450317383,1.6836233139038086,1.2812236547470093,-5.39309024810791,4.100869655609131,-1.8583072423934937,-0.5233877301216125,-0.5090271234512329,-0.09198388457298279,0.9542685747146606,-0.9236723184585571,0.6277843117713928,-0.2822216749191284,-0.5618799924850464,0.062319040298461914,0.6104602813720703,-1.5842616558074951,1.2003450393676758,0.19820880889892578,-1.8250033855438232,0.8413153886795044,0.14639651775360107,2.0833797454833984,0.5043091773986816,-2.068472385406494,0.4724113941192627,-1.190314531326294,0.15280377864837646,0.12062618881464005,0.13038554787635803,0.1363576203584671,0.13833241164684296,0.13649600744247437,0.13608761131763458,0.14108917117118835,0.1528141349554062,0.16765159368515015,0.17763306200504303,0.17401239275932312,0.1550249457359314,0.12944819033145905,0.11307288706302643,0.12222588062286377,0.14022238552570343,0.1410737931728363,0.12447961419820786,0.11630969494581223,0.13294249773025513,0.14557290077209473,0.13862694799900055,0.1259617805480957,0.10129007697105408,0.054157476872205734,0.07231558859348297,0.1158713698387146,0.12573179602622986,0.10202278196811676,0.050857458263635635,0.01274292916059494,0.06604980677366257,0.0748831182718277,0.05423654615879059,0.05736478790640831,0.050456322729587555,0.038483329117298126,0.04362061247229576,0.05205850675702095,0.051483456045389175,0.04357074946165085,0.039574749767780304,0.045935168862342834,0.05025841295719147,0.044168565422296524,0.04494202882051468,0.04747717082500458,0.02616843581199646,0.018665382638573647,0.030801182612776756,0.006562757305800915,0.016375549137592316,0.013921245001256466,0.025503981858491898,0.03959918022155762,0.05251500755548477,0.05294131487607956,0.047578178346157074,0.04562290385365486,0.04930012673139572,MS
../data/DWT_NEW/MS/New_MS_046.wav,58.281192779541016,-45.76006317138672,25.49557113647461,-5.795551776885986,-5.320062637329102,-5.175031661987305,-1.7138164043426514,7.324796676635742,-3.7902588844299316,-0.26377877593040466,-0.07183295488357544,1.9166938066482544,1.7345223426818848,-2.2037322521209717,0.17572569847106934,-0.08916622400283813,-2.4658820629119873,1.894378662109375,-1.7100844383239746,-0.6924443244934082,0.044213831424713135,-0.8644056916236877,0.4971013069152832,-0.8530104756355286,0.0034827589988708496,-1.4290313720703125,-0.3939836621284485,-0.80585777759552,0.8043103218078613,-2.4299707412719727,1.4992690086364746,0.045922309160232544,-1.9561132192611694,1.4861855506896973,-1.0251123905181885,1.1068836450576782,0.38565540313720703,-2.325899124145508,-0.5697411894798279,-1.355865716934204,0.17465825378894806,0.05915096029639244,0.06467469036579132,0.07082830369472504,0.07786358892917633,0.08607381582260132,0.09626471996307373,0.10756239295005798,0.11734725534915924,0.12349061667919159,0.12336821854114532,0.11442738771438599,0.09797260165214539,0.07844856381416321,0.060158874839544296,0.060489870607852936,0.08770085871219635,0.12224504351615906,0.15221019089221954,0.16717123985290527,0.1595047414302826,0.12735560536384583,0.0788373276591301,0.03729172423481941,0.03969549015164375,0.0692855566740036,0.11632006615400314,0.12320628762245178,0.0831158310174942,0.03267033398151398,0.0633026659488678,0.07944387942552567,0.0752432718873024,0.054713957011699677,0.06951414048671722,0.085040383040905,0.06305907666683197,0.04504459351301193,0.05470976233482361,0.06643755733966827,0.07439641654491425,0.06697265803813934,0.05622062087059021,0.06525741517543793,0.0729767382144928,0.06589963287115097,0.06333620846271515,0.0716172456741333,0.06150389835238457,0.04918265715241432,0.05854111537337303,0.04500732943415642,0.05370691418647766,0.05164199322462082,0.0479874312877655,0.04468212276697159,0.04825444519519806,0.0449717715382576,0.03712639957666397,0.035257961601018906,0.03872078284621239,MS
../data/DWT_NEW/MS/New_MS_108.wav,43.399139404296875,-47.09203338623047,31.80396842956543,-13.877032279968262,-22.338268280029297,5.925357818603516,-8.414789199829102,1.9358826875686646,0.6359171867370605,4.401970863342285,-1.1022471189498901,1.311655879020691,-2.1708905696868896,0.5521122217178345,2.77215838432312,0.06684327125549316,-2.4481513500213623,1.9049053192138672,-2.697366714477539,0.9243158102035522,0.09757596254348755,1.4383482933044434,0.1551453173160553,1.817962646484375,0.25585296750068665,-0.24988697469234467,-0.31404998898506165,1.3499473333358765,-2.234952926635742,-0.013981163501739502,-0.8326898217201233,1.2025985717773438,-2.2092316150665283,3.470771551132202,-1.0343456268310547,0.23380571603775024,2.7462334632873535,-0.39245879650115967,1.591628074645996,0.15307563543319702,0.16624712944030762,0.08404570817947388,0.07184390723705292,0.05578289553523064,0.04504149407148361,0.055023401975631714,0.07919754087924957,0.10162661969661713,0.11173224449157715,0.10504581779241562,0.08298611640930176,0.05654303729534149,0.049861691892147064,0.051874734461307526,0.053850218653678894,0.04712425917387009,0.03084251470863819,0.04016620293259621,0.08841327577829361,0.11106705665588379,0.08372993767261505,0.06235049292445183,0.07538805902004242,0.06064506620168686,0.06356602162122726,0.051430124789476395,0.054284773766994476,0.053616367280483246,0.08817341923713684,0.13815367221832275,0.138474702835083,0.09205000102519989,0.035512156784534454,0.05899449437856674,0.09009486436843872,0.10232288390398026,0.11864277720451355,0.08264900743961334,0.07949761301279068,0.13487482070922852,0.10379573702812195,0.10184559226036072,0.13771875202655792,0.1389215588569641,0.10937052965164185,0.1606072336435318,0.14113622903823853,0.11409494280815125,0.14229723811149597,0.10289722681045532,0.12705916166305542,0.11955897510051727,0.14185956120491028,0.1456942856311798,0.15467151999473572,0.15246255695819855,0.15679505467414856,0.15509110689163208,0.14555604755878448,0.12507300078868866,0.13167044520378113,MS
../data/DWT_NEW/MS/New_MS_184.wav,64.83171081542969,-42.52362060546875,32.410850524902344,-9.152271270751953,-2.1645874977111816,-1.1191339492797852,-1.79313063621521,5.012936592102051,-2.3728432655334473,-1.6641734838485718,1.5020936727523804,1.1812869310379028,1.196616530418396,-2.4689836502075195,-0.16294151544570923,0.8742250204086304,-1.9363083839416504,1.605147123336792,-1.4694442749023438,-0.4115963578224182,0.6159396171569824,-0.19874896109104156,-0.8331824541091919,1.061647653579712,-0.4400634765625,-0.17973464727401733,1.0693747997283936,-1.0498253107070923,0.7427240014076233,-0.531895637512207,-0.3014695346355438,1.1296823024749756,-1.799072027206421,1.8640843629837036,-0.38749992847442627,1.2649269104003906,0.6893332004547119,-0.6162891387939453,-0.8182016611099243,-1.7656807899475098,0.19666370749473572,0.09481129050254822,0.07171666622161865,0.056160807609558105,0.06348836421966553,0.0847812294960022,0.10186199843883514,0.10410775244235992,0.08862537145614624,0.07101360708475113,0.09208159148693085,0.13797087967395782,0.1704035997390747,0.16744442284107208,0.14434728026390076,0.1344483345746994,0.1541081666946411,0.14715655148029327,0.09529325366020203,0.10123442113399506,0.14952030777931213,0.13314037024974823,0.11113137751817703,0.1494314819574356,0.13145780563354492,0.11120153218507767,0.10868025571107864,0.1281619369983673,0.1457696259021759,0.15519185364246368,0.16532263159751892,0.17040219902992249,0.1655520647764206,0.1561477929353714,0.1377338171005249,0.11937271803617477,0.15115438401699066,0.16689074039459229,0.16707587242126465,0.15179818868637085,0.14461955428123474,0.16482742130756378,0.16605159640312195,0.14034785330295563,0.14253360033035278,0.17046993970870972,0.15382370352745056,0.1044115200638771,0.12759968638420105,0.108605295419693,0.09501737356185913,0.10737335681915283,0.10911884903907776,0.11337317526340485,0.11068710684776306,0.09825049340724945,0.08596786856651306,0.07036785781383514,0.05885501205921173,0.046369969844818115,0.0328516811132431,MS
../data/DWT_NEW/MS/New_MS_020.wav,57.3377685546875,-40.11474609375,52.28782653808594,-7.150907516479492,1.188920021057129,7.073412895202637,-13.808610916137695,11.282133102416992,-5.230171203613281,1.6305592060089111,0.3285667598247528,-0.6815929412841797,0.8004961013793945,0.913852334022522,-0.12431806325912476,0.2290390133857727,-0.37774574756622314,-0.8283280730247498,1.620466709136963,-0.9855004549026489,-0.2752893567085266,-0.42305654287338257,1.2950971126556396,-0.5694619417190552,3.367903709411621,-1.7191061973571777,-4.318815231323242,-1.2523143291473389,3.503340482711792,-2.951512336730957,-0.7048947811126709,3.011760711669922,1.8176336288452148,0.35983335971832275,0.5915950536727905,1.1100507974624634,0.9438096284866333,-1.2968201637268066,-3.718348503112793,1.252241849899292,0.22482459247112274,0.22021570801734924,0.20000410079956055,0.1594744324684143,0.10198234021663666,0.044243160635232925,0.06309005618095398,0.10467208921909332,0.11408905684947968,0.08747689425945282,0.0797247663140297,0.15065240859985352,0.21070091426372528,0.20726054906845093,0.14419876039028168,0.05901799350976944,0.0666084885597229,0.059360601007938385,0.14142343401908875,0.2604590356349945,0.2797648310661316,0.21250569820404053,0.25684064626693726,0.227848082780838,0.10835698992013931,0.09078609943389893,0.21426688134670258,0.23882746696472168,0.20687535405158997,0.19716143608093262,0.20037837326526642,0.18768616020679474,0.13802474737167358,0.12080053985118866,0.23577776551246643,0.2543795704841614,0.1795816421508789,0.17755964398384094,0.23601311445236206,0.26213809847831726,0.22052279114723206,0.1509241908788681,0.20716506242752075,0.21974937617778778,0.2147739827632904,0.26982319355010986,0.25629639625549316,0.21329624950885773,0.2145090401172638,0.2228342890739441,0.22691313922405243,0.21908968687057495,0.21001559495925903,0.21752336621284485,0.21272000670433044,0.21376347541809082,0.21310649812221527,0.17654678225517273,0.1673402339220047,0.18301336467266083,0.17272639274597168,MS
../data/DWT_NEW/MS/New_MS_192.wav,56.939292907714844,-37.772804260253906,26.67861557006836,-14.445621490478516,1.1402934789657593,-1.5214159488677979,-5.141173362731934,6.228812217712402,-2.487787961959839,-0.45415961742401123,-1.4784259796142578,3.849020481109619,-3.494485855102539,-0.29204773902893066,-2.217465400695801,1.282929539680481,-3.7742738723754883,3.2341573238372803,-3.6734423637390137,2.8439230918884277,-1.1050233840942383,-0.48570090532302856,0.15388894081115723,0.4371129870414734,-0.5477715730667114,0.5566660165786743,-1.1936215162277222,0.12719950079917908,0.8078607320785522,-1.50943124294281,0.0003178715705871582,0.5380648374557495,-2.6635971069335938,1.4051717519760132,-2.5457277297973633,2.5955867767333984,-0.138019859790802,-0.7870142459869385,-1.1798317432403564,-0.35783588886260986,0.17287962138652802,0.08711127936840057,0.096711665391922,0.10502438247203827,0.11110091209411621,0.11421382427215576,0.11527273058891296,0.1143801212310791,0.11114421486854553,0.10606005042791367,0.09832275658845901,0.08592197299003601,0.06871916353702545,0.048030734062194824,0.029425524175167084,0.036929331719875336,0.06447721272706985,0.09638185799121857,0.13115517795085907,0.16117848455905914,0.172013059258461,0.15091542899608612,0.10114863514900208,0.07222970575094223,0.11595596373081207,0.13290159404277802,0.12731783092021942,0.1084638461470604,0.07495684921741486,0.047188594937324524,0.05581255629658699,0.09713780879974365,0.10662977397441864,0.0899093747138977,0.06518388539552689,0.07183945178985596,0.07966861128807068,0.06851653009653091,0.06180693954229355,0.06021595001220703,0.07242327928543091,0.08397415280342102,0.07286520302295685,0.050275273621082306,0.077640101313591,0.09420379251241684,0.0766560360789299,0.06943564116954803,0.09201531112194061,0.08127599954605103,0.08250012248754501,0.09832626581192017,0.10112008452415466,0.10418395698070526,0.10337129235267639,0.09690313041210175,0.0870257169008255,0.07734381407499313,0.06859611719846725,0.05751383304595947,0.05087311565876007,MS
../data/DWT_NEW/MS/New_MS_012.wav,37.202598571777344,-90.91014099121094,18.449337005615234,-0.31854939460754395,-7.050989151000977,5.930664539337158,9.815814971923828,6.632628440856934,-5.400566577911377,2.2053964138031006,-11.251117706298828,2.6073038578033447,2.4067296981811523,8.605260848999023,1.5821826457977295,1.2817364931106567,3.691812038421631,-1.2829222679138184,1.0449812412261963,-2.99593186378479,-3.140258312225342,-2.5043110847473145,1.9560834169387817,-1.8891465663909912,-0.19951343536376953,-2.895819664001465,2.117558240890503,2.645777463912964,2.978682518005371,-0.11463254690170288,1.1360893249511719,-2.846346616744995,-0.0024407505989074707,-2.205456256866455,-2.0406670570373535,-1.3528985977172852,0.7607097625732422,1.005810260772705,-0.5123987793922424,2.872535467147827,0.2047739028930664,0.024040495976805687,0.03284277394413948,0.042327120900154114,0.05134119093418121,0.059443458914756775,0.06610137969255447,0.0708424299955368,0.07243915647268295,0.07095124572515488,0.06618165969848633,0.05721984803676605,0.04587250202894211,0.03348282724618912,0.028934508562088013,0.03691772744059563,0.04887101799249649,0.056350596249103546,0.054418280720710754,0.04315610229969025,0.03717389702796936,0.057182081043720245,0.08279698342084885,0.0920112207531929,0.07825501263141632,0.05074296519160271,0.041498489677906036,0.06134069710969925,0.07002156972885132,0.05503355339169502,0.039941247552633286,0.04554104432463646,0.03944528475403786,0.05932606756687164,0.08489911258220673,0.07986528426408768,0.05093992128968239,0.04378810524940491,0.06563777476549149,0.054046135395765305,0.022806011140346527,0.05904115363955498,0.06784895062446594,0.0471966452896595,0.03562489151954651,0.025668039917945862,0.016112424433231354,0.013613970018923283,0.016407739371061325,0.025972895324230194,0.03778224065899849,0.05483338609337807,0.08325701206922531,0.11934754997491837,0.14237532019615173,0.15006664395332336,0.15121732652187347,0.13492421805858612,0.1006600484251976,0.060491807758808136,0.026976143941283226,MS
../data/DWT_NEW/MS/New_MS_167.wav,73.91993713378906,-51.04365921020508,18.67510223388672,2.0981228351593018,-4.872276306152344,5.260713577270508,-11.40822696685791,5.204695224761963,-3.357060194015503,1.2693402767181396,-2.290649890899658,-2.9613394737243652,-0.820458710193634,0.13232582807540894,4.367880821228027,-4.554633617401123,2.342557191848755,-0.5340349674224854,-0.2194233536720276,-1.0430101156234741,2.6270151138305664,-2.036003351211548,-0.05732756853103638,0.4622389078140259,-1.1661890745162964,0.5313583612442017,0.491512656211853,-2.1366806030273438,2.0298023223876953,-1.772468090057373,2.277042865753174,-1.7323620319366455,0.3648512065410614,-1.7784497737884521,0.2600119709968567,0.6914758682250977,-0.5538009405136108,0.7283850908279419,-0.7252392768859863,0.21458882093429565,0.21735385060310364,0.05037323385477066,0.06181986257433891,0.08440394699573517,0.1035049557685852,0.1100785881280899,0.10419194400310516,0.09951792657375336,0.11623848974704742,0.14347977936267853,0.15004372596740723,0.11586712300777435,0.05656101554632187,0.07993695139884949,0.11553508043289185,0.09200325608253479,0.06930968165397644,0.1500498205423355,0.18184062838554382,0.13312742114067078,0.07993422448635101,0.10659055411815643,0.09805894643068314,0.09882624447345734,0.10656236112117767,0.09855425357818604,0.13213321566581726,0.20115578174591064,0.1732630580663681,0.10246052592992783,0.13039623200893402,0.15546895563602448,0.15127301216125488,0.15669718384742737,0.14811810851097107,0.17962412536144257,0.19815625250339508,0.15956087410449982,0.17204952239990234,0.2042936533689499,0.1958470344543457,0.1975562572479248,0.19281426072120667,0.20658734440803528,0.1933855414390564,0.1938861608505249,0.20498883724212646,0.18281090259552002,0.18578341603279114,0.20195245742797852,0.1678161323070526,0.18303994834423065,0.17287543416023254,0.1600397676229477,0.15541747212409973,0.1461971253156662,0.15451006591320038,0.16044269502162933,0.18541906774044037,0.22259096801280975,0.24395069479942322,MS
../data/DWT_NEW/MS/New_MS_070.wav,56.22502899169922,-43.04961013793945,40.477081298828125,3.0292277336120605,1.203751802444458,-2.049021005630493,3.28302264213562,4.5434417724609375,-4.291801929473877,1.8689806461334229,0.9572159647941589,0.7991430163383484,3.866270065307617,-3.5466582775115967,1.9908640384674072,-0.01690523326396942,-0.2793334424495697,-0.1996021866798401,0.3412444293498993,-0.10911640524864197,0.6191995739936829,-0.8596094250679016,1.1231123208999634,1.3046729564666748,-0.21153783798217773,0.8311904668807983,0.4225778579711914,-0.9959211349487305,1.897615909576416,-0.7417675256729126,-0.09228402376174927,1.7884013652801514,-3.2062954902648926,2.3981711864471436,-0.5787243843078613,2.2942776679992676,0.46025121212005615,-0.059605181217193604,-0.11388790607452393,-0.09195077419281006,0.18327848613262177,0.13681358098983765,0.09307144582271576,0.04449145495891571,0.015305479057133198,0.05751699209213257,0.09186307340860367,0.10648700594902039,0.09375932067632675,0.053105246275663376,0.03644901514053345,0.11693774163722992,0.20198853313922882,0.26450401544570923,0.28358209133148193,0.24796578288078308,0.1651185303926468,0.0725298523902893,0.07745819538831711,0.1063365638256073,0.08307479321956635,0.13087573647499084,0.24268287420272827,0.28466516733169556,0.22614774107933044,0.13487929105758667,0.08790634572505951,0.1333794742822647,0.19630825519561768,0.19362297654151917,0.14657223224639893,0.11580103635787964,0.1645689308643341,0.1972932368516922,0.17434898018836975,0.15059815347194672,0.14720909297466278,0.13579772412776947,0.13648219406604767,0.14367598295211792,0.14179310202598572,0.12806804478168488,0.11691052466630936,0.12499984353780746,0.12904493510723114,0.11314547061920166,0.09380564093589783,0.08664043247699738,0.06730908155441284,0.061207231134176254,0.06330597400665283,0.04462580382823944,0.046571310609579086,0.03974655270576477,0.03496626019477844,0.03234424814581871,0.03299134597182274,0.030408065766096115,0.027562640607357025,0.02911287359893322,0.03432310372591019,MS
../data/DWT_NEW/MS/New_MS_097.wav,58.26117706298828,-51.480064392089844,35.16815948486328,-14.985474586486816,-6.198640823364258,2.9461984634399414,-16.988508224487305,7.590259552001953,-2.1153464317321777,0.5276632308959961,-2.3234405517578125,-2.915921926498413,6.969956398010254,1.4806392192840576,3.29585862159729,1.3542976379394531,-2.633180618286133,-0.008530378341674805,-0.07460039854049683,2.893427848815918,0.8986716270446777,1.9221274852752686,1.6841082572937012,2.0206139087677,-1.536776065826416,2.696268081665039,0.6006052494049072,-1.044999122619629,2.892829418182373,-1.2171629667282104,-0.6210926175117493,1.3042951822280884,-0.938237726688385,-0.6234473586082458,0.2577987313270569,-0.11360079050064087,-0.3475213646888733,0.9980010390281677,-2.130472183227539,2.548767566680908,0.22827623784542084,0.10901954770088196,0.09616060554981232,0.08258295059204102,0.07562136650085449,0.08218913525342941,0.09945826232433319,0.11746697127819061,0.12791815400123596,0.12786245346069336,0.11656810343265533,0.09351752698421478,0.061647091060876846,0.030037671327590942,0.037306204438209534,0.04873567819595337,0.044953446835279465,0.06514135003089905,0.09970080852508545,0.10592938959598541,0.08978604525327682,0.11229689419269562,0.11169514805078506,0.07751075178384781,0.06522031873464584,0.043468646705150604,0.011280475184321404,0.05682692676782608,0.09718797355890274,0.15597207844257355,0.15110117197036743,0.09016883373260498,0.047108568251132965,0.10702546685934067,0.14517608284950256,0.16982343792915344,0.164315864443779,0.10033494979143143,0.1573978215456009,0.22960183024406433,0.18963703513145447,0.13750727474689484,0.21725887060165405,0.22030925750732422,0.13422228395938873,0.20755508542060852,0.1922234147787094,0.13663935661315918,0.18071147799491882,0.13733620941638947,0.15839526057243347,0.1443517804145813,0.1633252501487732,0.1768343150615692,0.19037729501724243,0.18129469454288483,0.14392860233783722,0.09785813093185425,0.12343105673789978,0.15271800756454468,0.17169642448425293,MS
../data/DWT_NEW/MS/New_MS_133.wav,85.25321960449219,-59.243858337402344,15.042107582092285,-16.51642417907715,0.681472897529602,6.2932634353637695,-4.179019927978516,5.079200267791748,-4.341531753540039,0.06880724430084229,-0.26667487621307373,-0.4552643895149231,3.1582674980163574,-1.9575315713882446,-3.070441484451294,2.80082368850708,-0.03845730423927307,-0.7543407678604126,-0.7425251007080078,3.298330068588257,-2.257565498352051,0.32065221667289734,1.391217589378357,-1.9428894519805908,1.5871555805206299,-1.063889503479004,0.7142484784126282,-1.094538688659668,0.05703963339328766,0.26731371879577637,-0.49587690830230713,-0.3547239899635315,-0.36736977100372314,1.1564924716949463,-0.6069331765174866,1.3095200061798096,0.009967148303985596,0.9517593383789062,-0.4845811724662781,0.2445703148841858,0.27041950821876526,0.08313731849193573,0.07673585414886475,0.07302799075841904,0.07054737210273743,0.06667705625295639,0.06128314882516861,0.05621775612235069,0.05266003683209419,0.048777222633361816,0.046761468052864075,0.060128793120384216,0.08430249989032745,0.09901659190654755,0.09740564972162247,0.08042798936367035,0.06376980245113373,0.08725690096616745,0.1309850811958313,0.14234291017055511,0.11358270049095154,0.07739434391260147,0.08554807305335999,0.10966373980045319,0.11447274684906006,0.09698719531297684,0.051768600940704346,0.043184876441955566,0.08107304573059082,0.05763635039329529,0.06971010565757751,0.11125686764717102,0.12329888343811035,0.0772324651479721,0.0393427237868309,0.03677210211753845,0.06718044728040695,0.11500124633312225,0.09883913397789001,0.09916126728057861,0.04728645458817482,0.08348682522773743,0.13246390223503113,0.12337545305490494,0.06377580761909485,0.1280355602502823,0.16320064663887024,0.12740756571292877,0.1534736454486847,0.18966466188430786,0.19286471605300903,0.19829925894737244,0.2223394513130188,0.23993560671806335,0.26919397711753845,0.29370903968811035,0.3220375180244446,0.34369832277297974,0.36314085125923157,0.38165292143821716,0.40373846888542175,MS
../data/DWT_NEW/MS/New_MS_027.wav,46.39145278930664,-45.01372146606445,41.78765106201172,-0.598162829875946,-0.13582834601402283,2.9907679557800293,-6.847075939178467,7.956232070922852,-4.776147842407227,-0.6563901901245117,5.382730960845947,3.109647274017334,-4.394528865814209,-1.0019922256469727,-1.1357605457305908,1.2828617095947266,-1.2489280700683594,0.8554446697235107,-2.12876033782959,2.6178712844848633,-1.30338454246521,-1.131331443786621,0.3815842866897583,0.7763555645942688,-0.5368632078170776,0.6421061754226685,-0.4391133785247803,-0.047543495893478394,1.01454496383667,-0.662804126739502,0.35081946849823,1.7735611200332642,-2.9393651485443115,1.4571843147277832,-1.503538727760315,2.814533233642578,1.3014600276947021,0.03084421157836914,-0.9305140376091003,-0.8734896183013916,0.176106259226799,0.13644427061080933,0.14947593212127686,0.15634112060070038,0.15534086525440216,0.14633864164352417,0.13449759781360626,0.12832443416118622,0.13625213503837585,0.1566915512084961,0.17602592706680298,0.17776355147361755,0.15357793867588043,0.10171428322792053,0.0448729582130909,0.0763344094157219,0.12402106821537018,0.1398669332265854,0.12747891247272491,0.1291796863079071,0.15878373384475708,0.15961627662181854,0.11579449474811554,0.0971139520406723,0.13982993364334106,0.14951904118061066,0.12026757746934891,0.1535986065864563,0.14603647589683533,0.12896722555160522,0.11464110016822815,0.12299568951129913,0.13239651918411255,0.12710589170455933,0.11400283873081207,0.10796087235212326,0.11065497994422913,0.1060396358370781,0.10614071786403656,0.10844798386096954,0.10854761302471161,0.10105736553668976,0.07896257936954498,0.06715323030948639,0.0959363579750061,0.10991596430540085,0.08177202939987183,0.05446188896894455,0.09071898460388184,0.07417207956314087,0.046190470457077026,0.059688590466976166,0.05674910545349121,0.06698146462440491,0.07710056006908417,0.08142280578613281,0.08273584395647049,0.07761441171169281,0.07060244679450989,0.05855020508170128,0.05537569522857666,MS
../data/DWT_NEW/MS/New_MS_170.wav,130.9020233154297,-38.22808837890625,-5.510658264160156,3.5763111114501953,-1.5694284439086914,-1.5950692892074585,15.024459838867188,-2.5704474449157715,-2.925203323364258,-7.353758811950684,-1.3202297687530518,0.6972396373748779,5.15324068069458,-2.0853753089904785,0.7403088808059692,9.80976390838623,-0.2397032380104065,-0.4264620244503021,9.050125122070312,-3.286573886871338,-1.7427375316619873,3.6441650390625,-4.809311389923096,2.45145320892334,-1.318487286567688,-1.8389010429382324,1.7348970174789429,1.3169543743133545,-3.0148377418518066,3.6739492416381836,-0.7950617074966431,0.11278730630874634,0.19885876774787903,3.865424633026123,-5.42996883392334,5.520914077758789,-1.7561750411987305,-0.7179360389709473,2.1990480422973633,-2.6531577110290527,0.3076188564300537,0.07268546521663666,0.09438681602478027,0.11833572387695312,0.137036994099617,0.14806851744651794,0.16371285915374756,0.20137663185596466,0.2514728605747223,0.27963966131210327,0.25129270553588867,0.15653717517852783,0.05666515603661537,0.13113486766815186,0.1691209077835083,0.1944120228290558,0.2973051965236664,0.3509117364883423,0.2854713797569275,0.15204373002052307,0.06485787034034729,0.128160759806633,0.17296217381954193,0.15162137150764465,0.11639827489852905,0.12412803620100021,0.1415477842092514,0.2839969992637634,0.3052690625190735,0.22219015657901764,0.18769440054893494,0.16929936408996582,0.14240187406539917,0.15252813696861267,0.24643465876579285,0.320378839969635,0.24022924900054932,0.20481204986572266,0.3338771462440491,0.4528517723083496,0.3673807978630066,0.23497653007507324,0.23371092975139618,0.23312459886074066,0.10194822400808334,0.09431904554367065,0.13884234428405762,0.07620285451412201,0.07958762347698212,0.08106887340545654,0.22382453083992004,0.2584747076034546,0.3113917112350464,0.2845040261745453,0.3570001721382141,0.41080477833747864,0.42099565267562866,0.4109276533126831,0.3602096438407898,0.2347027063369751,0.15895822644233704,MS
../data/DWT_NEW/MS/New_MS_107.wav,55.99275588989258,-49.52108383178711,32.09117889404297,-14.477290153503418,-9.112005233764648,0.39167678356170654,-10.143021583557129,7.30560302734375,-2.3268041610717773,-1.8111151456832886,-2.693124771118164,-1.205831527709961,1.3710044622421265,-0.49849069118499756,3.0179495811462402,1.9740028381347656,2.952867031097412,2.6769967079162598,0.2923223674297333,0.9601880311965942,1.077345848083496,2.9496381282806396,-1.8660023212432861,4.367956161499023,0.1652340292930603,-0.10648798942565918,1.4334806203842163,-0.2849336266517639,-0.955762505531311,-1.8947280645370483,0.43983516097068787,-0.1817987561225891,0.5780502557754517,-1.3069722652435303,0.6758311986923218,-0.05028951168060303,-0.7346993684768677,1.1512658596038818,-2.2450850009918213,0.12875254452228546,0.20320557057857513,0.0765344575047493,0.06418058276176453,0.04873692989349365,0.04014274477958679,0.05746068060398102,0.09110074490308762,0.12394000589847565,0.14202721416950226,0.13545778393745422,0.09983621537685394,0.04379035532474518,0.04876856133341789,0.09445571899414062,0.11132141202688217,0.09465575218200684,0.06136064603924751,0.02935924008488655,0.07047431170940399,0.11958561837673187,0.11670948565006256,0.07019692659378052,0.04599558934569359,0.04627595841884613,0.06987929344177246,0.06269243359565735,0.051491327583789825,0.03992228955030441,0.05437282472848892,0.13775283098220825,0.1516515016555786,0.09292563796043396,0.023389488458633423,0.08133046329021454,0.12116668373346329,0.15425139665603638,0.15076111257076263,0.051269061863422394,0.12629029154777527,0.2095004767179489,0.17749087512493134,0.07544298470020294,0.15423384308815002,0.18595796823501587,0.11161406338214874,0.14021801948547363,0.13655392825603485,0.12708836793899536,0.13965612649917603,0.13967737555503845,0.16401642560958862,0.16689543426036835,0.18562057614326477,0.19134066998958588,0.20062702894210815,0.20959720015525818,0.21496683359146118,0.22724977135658264,0.22696590423583984,0.18861839175224304,0.1282997727394104,MS
../data/DWT_NEW/MS/New_MS_162.wav,110.86310577392578,-50.076839447021484,10.09784984588623,-7.546745300292969,7.469517230987549,8.734650611877441,-3.5020627975463867,0.8881807327270508,-3.0361270904541016,0.8053218126296997,-4.190149307250977,3.7684547901153564,0.09174865484237671,0.20907720923423767,-1.4480946063995361,-0.3058428466320038,1.9495105743408203,-2.0263710021972656,-0.9979603290557861,2.714574098587036,-1.4839568138122559,0.5541083216667175,-0.30333417654037476,0.059396564960479736,-0.8029042482376099,-0.2487841546535492,0.08769890666007996,-0.88864666223526,0.02027544379234314,-0.8354107141494751,0.4337298274040222,-1.5110232830047607,0.5691523551940918,-0.6128677129745483,-0.07649368047714233,-0.9893084764480591,0.09365707635879517,0.16156557202339172,-0.06554711610078812,0.9295701384544373,0.2911500036716461,0.011365210637450218,0.058237429708242416,0.10852941125631332,0.1416889727115631,0.14667466282844543,0.12232795357704163,0.09192614257335663,0.12090440094470978,0.18201549351215363,0.21118110418319702,0.17331042885780334,0.07924649864435196,0.11022339761257172,0.22006855905056,0.2457861751317978,0.16265703737735748,0.0978614017367363,0.15740349888801575,0.13222697377204895,0.16882392764091492,0.2496938854455948,0.2094266712665558,0.17466317117214203,0.1811547577381134,0.16502748429775238,0.15667033195495605,0.15812543034553528,0.19512298703193665,0.26554206013679504,0.24941572546958923,0.17555253207683563,0.14857950806617737,0.1939295530319214,0.23738566040992737,0.23920154571533203,0.1760023534297943,0.20599885284900665,0.24935317039489746,0.2060936987400055,0.17467963695526123,0.19925567507743835,0.18456704914569855,0.19820576906204224,0.1637788563966751,0.15328828990459442,0.15781134366989136,0.11959238350391388,0.13169226050376892,0.12518027424812317,0.13282689452171326,0.16967031359672546,0.2033415585756302,0.25184276700019836,0.2967045307159424,0.3454835116863251,0.4092806577682495,0.48024603724479675,0.5496135354042053,0.6078304052352905,0.6666513681411743,MS
../data/DWT_NEW/MS/New_MS_117.wav,56.75372314453125,-53.664268493652344,35.47932815551758,-10.497218132019043,-8.807182312011719,6.382842063903809,-8.807389259338379,1.063198208808899,0.1983262598514557,3.659515380859375,1.1122164726257324,-7.981471061706543,0.5437168478965759,-4.923152923583984,0.25144022703170776,-1.509840965270996,2.7504725456237793,-0.2568996548652649,1.7918100357055664,0.7959970831871033,-1.5717910528182983,2.4220175743103027,0.33834123611450195,2.7850775718688965,0.9549378156661987,1.261886477470398,-1.550913691520691,3.538036346435547,-0.7095184326171875,-1.4183850288391113,-1.1439884901046753,-0.8533755540847778,-1.5349787473678589,0.28860217332839966,1.1313090324401855,2.0963428020477295,1.0470004081726074,-0.05501396954059601,0.16157221794128418,0.5405226945877075,0.21951107680797577,0.1096789687871933,0.09924298524856567,0.0821160301566124,0.06435932219028473,0.060799822211265564,0.0782947838306427,0.09975402802228928,0.1099734902381897,0.10297031700611115,0.07993485778570175,0.05038469284772873,0.03649810701608658,0.04400220513343811,0.048180580139160156,0.043260686099529266,0.03888561949133873,0.08546465635299683,0.14894211292266846,0.17672568559646606,0.142254039645195,0.07907301932573318,0.10217074304819107,0.08137974143028259,0.046744536608457565,0.0342119075357914,0.0526881068944931,0.09218215942382812,0.11253970116376877,0.16132128238677979,0.1764170378446579,0.1267664134502411,0.07125324755907059,0.0842900425195694,0.13549308478832245,0.1533508598804474,0.12813863158226013,0.06249410659074783,0.09454025328159332,0.16295473277568817,0.120957151055336,0.044888727366924286,0.11758646368980408,0.14555585384368896,0.10432227700948715,0.1405697911977768,0.15001331269741058,0.14684662222862244,0.1574437916278839,0.1427237093448639,0.16606369614601135,0.15938714146614075,0.18928579986095428,0.17857155203819275,0.1690828800201416,0.12954799830913544,0.08866266906261444,0.07539696246385574,0.09678614884614944,0.11244288831949234,0.11636659502983093,MS
../data/DWT_NEW/MS/New_MS_102.wav,50.50521469116211,-38.988983154296875,41.96601104736328,-5.476980686187744,-10.481695175170898,0.21152853965759277,-3.6049845218658447,4.245397090911865,-1.5808254480361938,2.4723808765411377,-1.9467365741729736,-0.7126978039741516,5.035024642944336,0.047577857971191406,-4.470005035400391,1.748155951499939,1.1992658376693726,0.6974366903305054,-1.1664986610412598,4.576340675354004,-1.764654517173767,1.054743766784668,1.3813737630844116,2.659472942352295,-0.5229642391204834,1.0236256122589111,0.10381181538105011,2.308933734893799,-2.6933038234710693,-1.4534543752670288,0.1960538625717163,0.13855493068695068,-1.6210606098175049,3.0179972648620605,-1.6377837657928467,2.4440855979919434,-1.4265459775924683,3.668144702911377,-0.2758004069328308,-1.8847708702087402,0.1731179803609848,0.14512932300567627,0.10995399951934814,0.06968724727630615,0.0638061910867691,0.11005030572414398,0.16034090518951416,0.1924281120300293,0.19479289650917053,0.1680295169353485,0.1221703588962555,0.07563263177871704,0.06180521473288536,0.09711222350597382,0.1311105191707611,0.13405781984329224,0.08811473846435547,0.0912398248910904,0.1690368950366974,0.17616857588291168,0.11365388333797455,0.10486356914043427,0.10264870524406433,0.10532838106155396,0.11348658800125122,0.05984557420015335,0.06090562045574188,0.1470249444246292,0.19803234934806824,0.24244573712348938,0.19142767786979675,0.0638640969991684,0.07565520703792572,0.15703585743904114,0.17572006583213806,0.1942106932401657,0.1624009758234024,0.040694400668144226,0.1822018325328827,0.20612609386444092,0.12659847736358643,0.11829833686351776,0.19922663271427155,0.1585334986448288,0.14041352272033691,0.22240526974201202,0.1696377843618393,0.2167028784751892,0.24311427772045135,0.2371336966753006,0.2654610276222229,0.25183698534965515,0.24559348821640015,0.21494844555854797,0.17631036043167114,0.13178414106369019,0.10556961596012115,0.104182668030262,0.10707345604896545,0.09941737353801727,0.08546609431505203,MS
../data/DWT_NEW/MS/New_MS_185.wav,57.753639221191406,-38.313987731933594,30.47723388671875,-9.289163589477539,-2.3449149131774902,-0.7595762014389038,-6.916937828063965,8.104095458984375,-5.302911758422852,-1.6591110229492188,0.987456738948822,1.9158660173416138,-1.591693639755249,-0.1513226330280304,-0.9554389119148254,0.046735286712646484,-1.3832762241363525,0.24599337577819824,-2.7341766357421875,1.893161416053772,-1.2289531230926514,-0.6119776368141174,0.42406171560287476,-0.7302283048629761,-0.5510190725326538,0.2180321216583252,-1.0219900608062744,0.36415785551071167,0.4524240791797638,-2.130988597869873,0.14034932851791382,1.3180584907531738,-3.3145222663879395,3.3908276557922363,-3.339916944503784,2.3577523231506348,0.15914273262023926,-0.3649771809577942,-1.716841459274292,-0.6787564158439636,0.17275038361549377,0.056934673339128494,0.0673847645521164,0.08305822312831879,0.10146833956241608,0.1197689026594162,0.13583548367023468,0.14617052674293518,0.14625492691993713,0.13402679562568665,0.10942135006189346,0.0792073979973793,0.06993886828422546,0.08928705006837845,0.10219103842973709,0.08870656788349152,0.06655875593423843,0.12393346428871155,0.19064617156982422,0.21340352296829224,0.1742611676454544,0.09985926747322083,0.05901170149445534,0.0682348757982254,0.07379395514726639,0.1250339150428772,0.15795515477657318,0.1460534781217575,0.11774279177188873,0.10933070629835129,0.14845553040504456,0.1573372334241867,0.1295945644378662,0.09726210683584213,0.10342343151569366,0.13033027946949005,0.1336897313594818,0.1282760202884674,0.12664681673049927,0.1318194568157196,0.1440732777118683,0.13379113376140594,0.1009303405880928,0.0982804149389267,0.13772299885749817,0.1369711011648178,0.08678342401981354,0.0843750387430191,0.09863778948783875,0.05375141650438309,0.08663864433765411,0.09055178612470627,0.08648529648780823,0.09148380905389786,0.08868490159511566,0.08147209882736206,0.07379012554883957,0.06440360099077225,0.06401702761650085,0.06507205963134766,0.061531972140073776,MS
../data/DWT_NEW/MS/New_MS_151.wav,70.09739685058594,-51.55192565917969,26.23379135131836,2.9981346130371094,0.5270600318908691,4.960482120513916,-11.885323524475098,6.082343578338623,-4.121283531188965,9.397729873657227,-3.9464945793151855,-3.164496898651123,3.352522373199463,0.37967440485954285,-1.5105971097946167,1.484057068824768,0.9440107345581055,-0.23497438430786133,0.20759963989257812,4.064262390136719,-2.092034339904785,3.2264246940612793,2.278881549835205,0.4877612590789795,0.7122505903244019,-1.581680178642273,-0.8615165948867798,0.6324016451835632,0.3536783754825592,2.8863792419433594,1.0758389234542847,-0.1634511947631836,2.207461357116699,1.5405232906341553,3.2843949794769287,-0.41556280851364136,0.09073379635810852,-1.9275754690170288,0.9154167771339417,-0.8035480976104736,0.22364260256290436,0.021676573902368546,0.019115447998046875,0.047839365899562836,0.10706306993961334,0.17947930097579956,0.24756735563278198,0.2899574637413025,0.28662213683128357,0.23375511169433594,0.14532311260700226,0.0538993701338768,0.035375066101551056,0.05947163328528404,0.07463257014751434,0.07587180286645889,0.04624013975262642,0.07501129806041718,0.10903671383857727,0.08629998564720154,0.05411338061094284,0.12615174055099487,0.21517953276634216,0.2101280838251114,0.12035012245178223,0.07358183711767197,0.10616561025381088,0.13366001844406128,0.11192461848258972,0.09647602587938309,0.16194596886634827,0.12097638845443726,0.03347209468483925,0.10450096428394318,0.1397790014743805,0.19088616967201233,0.16691532731056213,0.12903226912021637,0.09942128509283066,0.11645770072937012,0.15782824158668518,0.20524705946445465,0.16304926574230194,0.08323656022548676,0.15111079812049866,0.18328768014907837,0.15026766061782837,0.12059799581766129,0.15184174478054047,0.15130773186683655,0.1162511333823204,0.12510904669761658,0.1324729323387146,0.11109421402215958,0.11390570551156998,0.09046715497970581,0.0806332603096962,0.06970620155334473,0.05570944771170616,0.0535249188542366,0.06402254104614258,MS
../data/DWT_NEW/MS/New_MS_049.wav,65.97969055175781,-36.009647369384766,39.87266540527344,-16.98238754272461,-1.7021358013153076,11.372684478759766,-15.065874099731445,11.705657005310059,-6.166784286499023,3.343681812286377,0.4299648404121399,-2.894432306289673,0.08915135264396667,0.1377125084400177,-1.7543615102767944,0.4976131319999695,-0.4638063907623291,-1.2852588891983032,0.20757699012756348,-3.452209234237671,-1.1510369777679443,-1.1045911312103271,-2.0520849227905273,1.49257493019104,-0.13655468821525574,-2.3705124855041504,-1.6600048542022705,-3.0709686279296875,-3.9056224822998047,1.0782965421676636,0.5808869004249573,1.0902938842773438,0.423389732837677,-1.3539416790008545,-0.2735213041305542,-0.28910160064697266,-2.975116729736328,1.793294072151184,-0.5661765933036804,-5.895664215087891,0.22231531143188477,0.05547107011079788,0.04641013592481613,0.046812839806079865,0.08045689761638641,0.1302095204591751,0.17626138031482697,0.2003512978553772,0.18585625290870667,0.1284829080104828,0.04732820391654968,0.0806589424610138,0.1375942826271057,0.12065212428569794,0.06203429400920868,0.17195236682891846,0.2939099073410034,0.3154674172401428,0.22543853521347046,0.09939277172088623,0.03707459568977356,0.04462340846657753,0.055572811514139175,0.19081330299377441,0.3466249406337738,0.3536496162414551,0.23448938131332397,0.13257905840873718,0.15388476848602295,0.15173470973968506,0.10978823900222778,0.09070488065481186,0.19911682605743408,0.2752806544303894,0.20488253235816956,0.06876683235168457,0.17768290638923645,0.24305236339569092,0.24270209670066833,0.1791439652442932,0.13319292664527893,0.2506231665611267,0.2613474428653717,0.18774867057800293,0.21451833844184875,0.22948455810546875,0.19579505920410156,0.22602105140686035,0.21039685606956482,0.20689250528812408,0.2267727553844452,0.24973705410957336,0.24353545904159546,0.22680336236953735,0.21585488319396973,0.2096223086118698,0.21914592385292053,0.2394922971725464,0.21829527616500854,0.196924090385437,0.19654425978660583,MS
../data/DWT_NEW/MS/New_MS_056.wav,86.40892028808594,-46.12118148803711,-1.3883392810821533,-11.486820220947266,26.886966705322266,5.503314018249512,-4.9463043212890625,0.5919575691223145,-0.7678358554840088,-8.073309898376465,2.9349725246429443,0.3527003526687622,-0.02390575408935547,1.9301155805587769,-1.8221580982208252,1.5434620380401611,-2.635369062423706,2.454331636428833,-2.6541123390197754,0.192840576171875,0.4941744804382324,-0.3813079595565796,0.5202997922897339,-1.3719918727874756,0.3217697739601135,-1.646756649017334,0.5913817882537842,0.20342355966567993,-0.43786683678627014,0.9576559066772461,0.25653737783432007,-0.7694594264030457,-0.009408388286828995,-0.5671350955963135,-1.5612571239471436,1.2521190643310547,-1.1612536907196045,0.8045040369033813,0.27202457189559937,-2.2922754287719727,0.2231040745973587,0.08869639039039612,0.07716382294893265,0.0672665536403656,0.06642096489667892,0.08118605613708496,0.10759659856557846,0.13431185483932495,0.14797280728816986,0.1379433572292328,0.09840135276317596,0.0399797260761261,0.07765324413776398,0.14333981275558472,0.17394927144050598,0.16653376817703247,0.15933266282081604,0.17092134058475494,0.15634778141975403,0.10373155772686005,0.0690937489271164,0.10621441900730133,0.11953676491975784,0.11020587384700775,0.14779925346374512,0.14031150937080383,0.13067401945590973,0.12596577405929565,0.09181950241327286,0.12160049378871918,0.13185527920722961,0.10710301250219345,0.104667067527771,0.14655038714408875,0.1092875599861145,0.052025504410266876,0.11034155637025833,0.07856040447950363,0.06857138127088547,0.06525871902704239,0.0877234935760498,0.08935625851154327,0.027184469625353813,0.058347202837467194,0.06719984859228134,0.04165511578321457,0.049799844622612,0.0631924495100975,0.067672498524189,0.07155356556177139,0.08805090188980103,0.06480519473552704,0.07663100212812424,0.10341857373714447,0.1362747848033905,0.16446691751480103,0.19121187925338745,0.2144666612148285,0.2316887080669403,0.246117502450943,0.24951982498168945,MS
../data/DWT_NEW/MS/New_MS_194.wav,56.39269256591797,-48.565895080566406,26.74896812438965,-7.640511512756348,1.060745358467102,-5.91080379486084,-0.6716861724853516,-0.2313196361064911,0.9730401635169983,-4.123617649078369,-0.4058803915977478,1.696073055267334,1.5790703296661377,-2.768726110458374,-0.01559855043888092,2.935819625854492,-5.485466480255127,3.737981081008911,-3.422536611557007,-0.011767923831939697,0.576279878616333,-0.9119842648506165,0.1925567388534546,-0.01416921615600586,-0.3826711177825928,-0.769652247428894,0.5911762714385986,-1.5538625717163086,0.9126156568527222,-0.6393947601318359,0.1876264214515686,0.2207764983177185,-1.6390833854675293,0.1492760181427002,1.1264768838882446,0.053009748458862305,-0.18731927871704102,-2.2010996341705322,-0.25490260124206543,-1.1018953323364258,0.19500890374183655,0.07767912745475769,0.08347074687480927,0.08699100464582443,0.08875272423028946,0.08899426460266113,0.09085901081562042,0.09586671739816666,0.10382040590047836,0.11233848333358765,0.1168421059846878,0.11199821531772614,0.09597060084342957,0.0735827386379242,0.06016123667359352,0.0761014074087143,0.10424314439296722,0.12108799070119858,0.12305159121751785,0.11731782555580139,0.10850391536951065,0.09208817034959793,0.07711397856473923,0.07193223387002945,0.04767492786049843,0.026844849810004234,0.07063476741313934,0.08525093644857407,0.07211624830961227,0.05247588828206062,0.04927413538098335,0.054093461483716965,0.05623646453022957,0.049711402505636215,0.05194737762212753,0.06290072202682495,0.05427668243646622,0.0488838329911232,0.04609045013785362,0.04414428770542145,0.041378263384103775,0.035736940801143646,0.038648463785648346,0.04489399120211601,0.03889479115605354,0.025709550827741623,0.036262817680835724,0.04217389598488808,0.02139069326221943,0.02361447364091873,0.03177744895219803,0.007329700049012899,0.017017383128404617,0.010709247551858425,0.025923294946551323,0.03688129037618637,0.04773274436593056,0.04534034803509712,0.035209015011787415,0.03803123161196709,0.052652809768915176,MS
../data/DWT_NEW/MS/New_MS_023.wav,38.27153015136719,-29.76816177368164,40.25816345214844,-9.663677215576172,6.380882263183594,-4.1922430992126465,5.822031021118164,-2.077385187149048,-1.0009721517562866,0.02300882339477539,0.7945249080657959,1.8677794933319092,-0.525416910648346,-0.8201514482498169,-0.3074125647544861,1.3374086618423462,-2.7143774032592773,3.234058380126953,-2.631612777709961,0.5786552429199219,0.30724912881851196,-0.9919422268867493,0.8343510627746582,0.28350746631622314,-1.0940252542495728,0.9642890095710754,-0.2422504425048828,-0.4223381280899048,0.8700785636901855,-0.8746262788772583,0.21353811025619507,1.816352128982544,-2.612011432647705,1.8046107292175293,-0.0643705427646637,1.8893018960952759,0.6626922488212585,-0.8173059821128845,0.5105866193771362,-0.6411560773849487,0.1534844934940338,0.08898423612117767,0.058081984519958496,0.0343065969645977,0.046589236706495285,0.07681232690811157,0.102793850004673,0.11540119349956512,0.10758385062217712,0.07705676555633545,0.031574103981256485,0.07044768333435059,0.14641544222831726,0.20731274783611298,0.2344936728477478,0.21139270067214966,0.13904310762882233,0.06410440057516098,0.1111769825220108,0.15115618705749512,0.12301233410835266,0.09670579433441162,0.16877198219299316,0.2027803361415863,0.1620105355978012,0.12388448417186737,0.13087992370128632,0.1424235999584198,0.18047523498535156,0.18776684999465942,0.1697058081626892,0.1516435146331787,0.15740379691123962,0.16012059152126312,0.14904269576072693,0.15094590187072754,0.15926074981689453,0.15643195807933807,0.15476247668266296,0.1541939079761505,0.1548120677471161,0.1446893811225891,0.1253340095281601,0.1209154725074768,0.13728231191635132,0.13420867919921875,0.09880845248699188,0.08909893780946732,0.10219092667102814,0.07234010845422745,0.07054945826530457,0.07326942682266235,0.06393929570913315,0.06851811707019806,0.06596820801496506,0.05942296236753464,0.0529620386660099,0.04636723920702934,0.039882972836494446,0.031120525673031807,0.02420228347182274,MS
../data/DWT_NEW/MS/New_MS_024.wav,34.9005012512207,-46.11894226074219,33.768619537353516,-13.018561363220215,-1.2400376796722412,-1.7948169708251953,0.29091885685920715,3.256777048110962,-2.1486167907714844,-3.567154884338379,3.412379264831543,3.9444470405578613,-1.6342599391937256,-2.1431431770324707,-1.50406813621521,2.195887327194214,-3.5587503910064697,1.976660966873169,-1.5432080030441284,-0.6892315745353699,0.2029382884502411,0.24617105722427368,-1.357167363166809,0.8871321678161621,-1.1700942516326904,-0.07085496187210083,0.6471518278121948,-1.5873327255249023,1.6127586364746094,-0.12275655567646027,-0.6134100556373596,1.276089072227478,-2.246291160583496,0.3912126421928406,-0.8593943119049072,0.33401140570640564,1.0033209323883057,-1.3429975509643555,-0.9585362672805786,-1.8949443101882935,0.15994025766849518,0.0479208379983902,0.043631717562675476,0.05509413033723831,0.07848646491765976,0.10373281687498093,0.12333366274833679,0.13044226169586182,0.11938600242137909,0.08989186584949493,0.04766596108675003,0.028449848294258118,0.06543919444084167,0.08829651772975922,0.08472856134176254,0.0598490908741951,0.035915836691856384,0.05295546352863312,0.08629174530506134,0.12496253848075867,0.13909438252449036,0.10815153270959854,0.0689140260219574,0.07334602624177933,0.0737457126379013,0.113538458943367,0.13139988481998444,0.10408809036016464,0.07224655896425247,0.06078160181641579,0.08706551790237427,0.11951941251754761,0.1236787959933281,0.10877399146556854,0.11039207875728607,0.09912160038948059,0.0722595676779747,0.08922764658927917,0.1122327595949173,0.11970916390419006,0.10719731450080872,0.08360811322927475,0.09598913788795471,0.10515525937080383,0.0912948027253151,0.085966095328331,0.09251691401004791,0.07349717617034912,0.0699806809425354,0.07133519649505615,0.04570040851831436,0.05319748818874359,0.04996044933795929,0.053921353071928024,0.055799130350351334,0.0538945272564888,0.04971596598625183,0.04765623062849045,0.04474338889122009,0.03602714091539383,0.02317546308040619,MS
../data/DWT_NEW/MS/New_MS_042.wav,68.41571044921875,-39.475440979003906,30.39299201965332,-6.2500505447387695,3.5840697288513184,-1.4912559986114502,2.374987840652466,-1.3717052936553955,1.4727740287780762,-0.07290530204772949,-1.1988219022750854,1.7337900400161743,1.9550154209136963,-3.8359813690185547,1.5783334970474243,1.4439517259597778,-2.7787420749664307,2.4038820266723633,-2.0816216468811035,0.5087475180625916,0.24045008420944214,0.08548106253147125,0.4777764678001404,0.13868439197540283,0.059354543685913086,-0.24321705102920532,0.4444601535797119,-1.1859338283538818,0.9613349437713623,-0.5808076858520508,0.054957956075668335,1.4268385171890259,-1.5609776973724365,0.3730606734752655,1.160964012145996,0.8032952547073364,0.951101541519165,-0.9300217628479004,0.8415340185165405,-0.3872530460357666,0.19493629038333893,0.12964922189712524,0.11867590248584747,0.10421501100063324,0.08587467670440674,0.06427688151597977,0.0444239117205143,0.040253981947898865,0.060121968388557434,0.08928115665912628,0.12016944587230682,0.14923445880413055,0.17531201243400574,0.1985303908586502,0.21263106167316437,0.2125035971403122,0.19530686736106873,0.15965834259986877,0.11543761193752289,0.08266706019639969,0.09180033951997757,0.12351322174072266,0.15811628103256226,0.17863112688064575,0.16421860456466675,0.1157258078455925,0.08024231344461441,0.1107579916715622,0.11979347467422485,0.13003534078598022,0.11520024389028549,0.07081764936447144,0.05321037769317627,0.0857306644320488,0.09557630866765976,0.08347449451684952,0.06825051456689835,0.0683332234621048,0.06875981390476227,0.07032011449337006,0.06750762462615967,0.06230231374502182,0.06526940315961838,0.07158125936985016,0.06875365972518921,0.0605512335896492,0.0659518614411354,0.06714584678411484,0.04997742921113968,0.05209983512759209,0.0568544864654541,0.04203511402010918,0.051608242094516754,0.04769003391265869,0.04454657807946205,0.03843889757990837,0.03992396965622902,0.03607665002346039,0.03178184852004051,0.030337221920490265,0.03379395976662636,MS
../data/DWT_NEW/MS/New_MS_061.wav,51.25271224975586,-36.944061279296875,50.3212890625,-7.572810649871826,-4.267425060272217,0.9164363145828247,-0.5542770028114319,4.619203090667725,-4.064323425292969,-2.927912712097168,2.3032712936401367,5.518314361572266,-5.679067611694336,1.6650607585906982,-1.5224804878234863,4.0791473388671875,-4.551169395446777,2.780999183654785,-2.2876405715942383,3.331037998199463,-2.2046995162963867,0.12865206599235535,0.507554292678833,0.14261287450790405,1.0103265047073364,-1.0578598976135254,0.4110768139362335,0.16644853353500366,0.46858876943588257,-0.6140298843383789,0.9951975345611572,0.17795652151107788,-1.4075223207473755,0.11076554656028748,0.20978066325187683,2.3380696773529053,0.6022829413414001,-2.5836076736450195,0.4870296120643616,-0.04251052439212799,0.19230617582798004,0.150377094745636,0.1502349078655243,0.14276358485221863,0.12505187094211578,0.09492628276348114,0.05368296056985855,0.015477150678634644,0.06090585142374039,0.11491867899894714,0.15817055106163025,0.17984935641288757,0.17706751823425293,0.1591089367866516,0.14723984897136688,0.15913847088813782,0.17323948442935944,0.15575316548347473,0.10016413033008575,0.07549375295639038,0.1452752649784088,0.1882483959197998,0.1767350733280182,0.15932045876979828,0.18095436692237854,0.15998223423957825,0.14302481710910797,0.16315937042236328,0.15473708510398865,0.13364765048027039,0.14027127623558044,0.15562111139297485,0.1575671136379242,0.15090155601501465,0.16550368070602417,0.17285358905792236,0.1617710441350937,0.1509740799665451,0.14920969307422638,0.14841529726982117,0.14879627525806427,0.14186608791351318,0.1324276179075241,0.12635135650634766,0.12169443070888519,0.1128697544336319,0.10102133452892303,0.08996741473674774,0.07721905410289764,0.07556368410587311,0.07430995255708694,0.05836880952119827,0.060215890407562256,0.05723496526479721,0.05468829721212387,0.05050908029079437,0.046937551349401474,0.03934444487094879,0.028165925294160843,0.028098002076148987,0.03138332813978195,MS
../data/DWT_NEW/MS/New_MS_003.wav,47.85147476196289,-87.45042419433594,25.688840866088867,5.006068706512451,-15.16954231262207,-7.826483249664307,-7.606296539306641,0.8839548826217651,-10.7804536819458,-7.122495651245117,6.103152275085449,3.9981436729431152,9.423640251159668,0.9286433458328247,3.11016845703125,-2.4507579803466797,-0.8516202569007874,-3.774631977081299,-0.1021537184715271,1.4431490898132324,0.424770712852478,5.653752326965332,-0.1403297781944275,-0.37384796142578125,1.048773169517517,3.606876850128174,-0.8276942372322083,-2.0056159496307373,0.5386381149291992,-6.455446243286133,-1.277524471282959,0.6859618425369263,-1.2258974313735962,2.7472898960113525,-1.66042959690094,3.926931142807007,-0.9039704203605652,-1.4898669719696045,-0.26236701011657715,-3.4989333152770996,0.26158735156059265,0.027419567108154297,0.031207527965307236,0.04130459204316139,0.049147263169288635,0.04849894717335701,0.037972383201122284,0.025847241282463074,0.036013588309288025,0.05239623039960861,0.05437072366476059,0.0374709852039814,0.024914918467402458,0.045531015843153,0.04980028048157692,0.03255682438611984,0.02813928946852684,0.03114064782857895,0.020599354058504105,0.03318405896425247,0.04277458041906357,0.0722295418381691,0.07314850389957428,0.040379598736763,0.018234655261039734,0.037591271102428436,0.02916114404797554,0.03426294028759003,0.033714838325977325,0.04020656272768974,0.07311196625232697,0.06655672192573547,0.04468866437673569,0.05341421812772751,0.05742271989583969,0.091239333152771,0.11247009038925171,0.08700282871723175,0.09771175682544708,0.10889965295791626,0.12036196887493134,0.11319644749164581,0.13732044398784637,0.15422454476356506,0.15617123246192932,0.1883038580417633,0.16006934642791748,0.12292322516441345,0.04557636380195618,0.027174383401870728,0.04396263509988785,0.0360749252140522,0.0350944884121418,0.07136239111423492,0.09594130516052246,0.07011322677135468,0.038217488676309586,0.04938504099845886,0.07996509969234467,0.07397693395614624,0.042990170419216156,MS
../data/DWT_NEW/MS/New_MS_189.wav,45.15034484863281,-46.11292266845703,31.420455932617188,-11.550712585449219,1.655768632888794,5.3448028564453125,-6.351157188415527,3.287108898162842,-6.698618412017822,2.8577985763549805,2.812991142272949,2.4294610023498535,-4.530477523803711,0.4900738596916199,-3.8144702911376953,2.915851593017578,-2.209566116333008,3.859755516052246,-4.434852123260498,3.3169920444488525,-0.6557365655899048,-0.0028740763664245605,-0.04382716864347458,0.4936111569404602,-1.4557883739471436,0.27871108055114746,-0.7964354753494263,0.5890175700187683,0.37583839893341064,-0.5168034434318542,0.006642460823059082,0.03583221137523651,-2.6869263648986816,2.179839611053467,-2.5533013343811035,2.4230170249938965,-0.13282975554466248,-0.6531782150268555,-1.5886826515197754,-1.1249451637268066,0.1756787896156311,0.10332904011011124,0.11357636749744415,0.11998551338911057,0.1214132308959961,0.11752425879240036,0.11088019609451294,0.10441841185092926,0.10083870589733124,0.10116780549287796,0.10168357938528061,0.09628020226955414,0.08255407214164734,0.06081186234951019,0.034421034157276154,0.01368024293333292,0.029362443834543228,0.05921894311904907,0.09937478601932526,0.14264515042304993,0.1684984415769577,0.15427610278129578,0.10254780948162079,0.08502516150474548,0.12399464845657349,0.12911902368068695,0.1121862456202507,0.0964474231004715,0.06900488585233688,0.04562379792332649,0.06788551807403564,0.11859472095966339,0.13451293110847473,0.1174997091293335,0.08325470983982086,0.07343512028455734,0.07823186367750168,0.09203986823558807,0.10421311855316162,0.09563565999269485,0.07971222698688507,0.08319297432899475,0.0950823724269867,0.08761422336101532,0.07010885328054428,0.09242024272680283,0.09679653495550156,0.06656064093112946,0.07431778311729431,0.07948626577854156,0.04998527094721794,0.05936766415834427,0.0635344386100769,0.07171091437339783,0.07467173039913177,0.07045988738536835,0.06382443010807037,0.06236684322357178,0.05642836168408394,0.047097817063331604,0.03400622680783272,MS
../data/DWT_NEW/MS/New_MS_144.wav,86.04679870605469,-51.5527229309082,9.98132610321045,-15.151246070861816,11.333800315856934,-6.817665100097656,-5.455965518951416,7.128210067749023,-5.672093391418457,2.2549455165863037,3.515735626220703,-5.281100273132324,4.049798965454102,-3.6116271018981934,0.8409291505813599,-1.025990605354309,0.31902748346328735,-0.3625923693180084,-0.37155187129974365,1.3394113779067993,-1.4793367385864258,1.4152151346206665,-2.656585931777954,2.6989612579345703,-2.8407363891601562,2.9879302978515625,-0.8837378025054932,0.3466930389404297,1.2776864767074585,-1.7201781272888184,2.348906993865967,-1.4891877174377441,0.990463376045227,-0.6530332565307617,1.3102803230285645,-1.2290995121002197,1.3743398189544678,-1.3062738180160522,0.8366564512252808,-0.5987202525138855,0.2591531276702881,0.04937636852264404,0.04263024777173996,0.048364847898483276,0.061201974749565125,0.07213151454925537,0.08258110284805298,0.1010289192199707,0.1267630159854889,0.14489266276359558,0.13730356097221375,0.09615306556224823,0.03970838338136673,0.02394305355846882,0.0240686796605587,0.06638681888580322,0.13782396912574768,0.15366308391094208,0.09623473882675171,0.07579125463962555,0.08473016321659088,0.07591631263494492,0.10672101378440857,0.11326275765895844,0.1033606007695198,0.06484256684780121,0.1168668121099472,0.1720636785030365,0.140236958861351,0.09095233678817749,0.11897478252649307,0.1347925066947937,0.14971819519996643,0.15948806703090668,0.13121983408927917,0.10544924437999725,0.14878278970718384,0.1835014522075653,0.16779464483261108,0.16230714321136475,0.1653861701488495,0.1892503798007965,0.19088339805603027,0.19377931952476501,0.1755141317844391,0.21093615889549255,0.20776163041591644,0.1909150779247284,0.21908226609230042,0.23223455250263214,0.20936857163906097,0.22838908433914185,0.2351684272289276,0.2429388165473938,0.2482495903968811,0.24485567212104797,0.25531071424484253,0.27027612924575806,0.26733630895614624,0.2551182508468628,0.2544327676296234,MS
../data/DWT_NEW/MS/New_MS_058.wav,73.38302612304688,-54.36606979370117,-10.833211898803711,-21.071430206298828,20.226619720458984,2.4026565551757812,-1.644733190536499,3.2910563945770264,1.2462515830993652,-6.758514404296875,4.724550247192383,-2.880286693572998,1.5971876382827759,-0.8205212354660034,-0.8483494520187378,-0.19901353120803833,-3.1863973140716553,1.2826812267303467,-3.796802043914795,1.390305995941162,-1.9362435340881348,-0.24021798372268677,-1.141394853591919,-2.068502902984619,0.8257206678390503,-2.0847549438476562,0.17158718407154083,-1.0804286003112793,-1.0373952388763428,-1.2052223682403564,0.18487882614135742,-1.9617700576782227,-0.012272238731384277,0.246906578540802,-2.5327515602111816,1.5936670303344727,-1.5674045085906982,-0.8020564317703247,-0.8768159747123718,-3.506192207336426,0.21075400710105896,0.02450067549943924,0.02642848715186119,0.033890701830387115,0.04306281730532646,0.05007209628820419,0.052707456052303314,0.05069497972726822,0.047195930033922195,0.047115858644247055,0.04679960012435913,0.0345509797334671,0.016764409840106964,0.058777496218681335,0.1135607659816742,0.15097758173942566,0.15381938219070435,0.12166090309619904,0.07408106327056885,0.03489432856440544,0.050503164529800415,0.059361301362514496,0.09119589626789093,0.12957334518432617,0.11400966346263885,0.059200264513492584,0.05683660879731178,0.08632872998714447,0.07653144001960754,0.025909073650836945,0.03402390703558922,0.0945296436548233,0.11031991243362427,0.058962006121873856,0.06961231678724289,0.07003128528594971,0.06435219943523407,0.08822838962078094,0.08605292439460754,0.0808154046535492,0.09602521359920502,0.08304040133953094,0.09909513592720032,0.11017404496669769,0.1001729965209961,0.11947639286518097,0.12270786613225937,0.10576952248811722,0.13401886820793152,0.11798220872879028,0.11900326609611511,0.12767058610916138,0.10884714126586914,0.11370910704135895,0.13177260756492615,0.1578521877527237,0.18650749325752258,0.19625802338123322,0.21203145384788513,0.22423961758613586,0.24116557836532593,MS
../data/DWT_NEW/MS/New_MS_036.wav,64.0135269165039,-30.155902862548828,38.928077697753906,-7.608333110809326,-0.9565715193748474,-1.8967154026031494,6.142788887023926,-2.1819465160369873,-1.4013087749481201,0.4973348379135132,0.4880148768424988,3.1535682678222656,-0.8711472153663635,-1.6640136241912842,0.983513593673706,0.9016998410224915,-2.32719349861145,1.754514217376709,-1.3864351511001587,0.8180463314056396,-0.15254811942577362,-0.4707973599433899,0.22044627368450165,0.849584698677063,-1.1648316383361816,0.20531880855560303,1.232799768447876,-0.9841066598892212,0.984427809715271,-0.615445077419281,-0.43782490491867065,2.2510135173797607,-2.539975166320801,1.7443761825561523,-0.07438193261623383,1.5834019184112549,0.7396208047866821,-1.0980949401855469,-0.19602549076080322,0.1071619987487793,0.1819160282611847,0.10202793776988983,0.05582066997885704,0.021626662462949753,0.0665486752986908,0.11728750169277191,0.1565646231174469,0.17435437440872192,0.1616801917552948,0.11708833277225494,0.053300730884075165,0.09213433414697647,0.18542715907096863,0.2530326843261719,0.2772723436355591,0.24156665802001953,0.15439477562904358,0.07460037618875504,0.14013387262821198,0.18457242846488953,0.1535310298204422,0.1211383193731308,0.20762553811073303,0.2506977617740631,0.20197856426239014,0.16414868831634521,0.1694614589214325,0.17746582627296448,0.21189892292022705,0.21671199798583984,0.20233343541622162,0.1937045156955719,0.2124604880809784,0.22223937511444092,0.20306329429149628,0.18791517615318298,0.1868525892496109,0.1938602775335312,0.20972079038619995,0.2169705033302307,0.20773941278457642,0.1862867921590805,0.17681828141212463,0.18286646902561188,0.1838136911392212,0.17652387917041779,0.15998831391334534,0.1356145292520523,0.13446566462516785,0.1243399903178215,0.10603252053260803,0.10561452060937881,0.0956103578209877,0.09685768932104111,0.09617061913013458,0.0892961323261261,0.07757158577442169,0.06398339569568634,0.052222467958927155,0.03587915748357773,0.022516556084156036,MS
../data/DWT_NEW/MS/New_MS_101.wav,67.71752166748047,-37.6743049621582,29.080280303955078,-12.929984092712402,-4.487738609313965,6.216958045959473,-13.712058067321777,13.226767539978027,-3.4077255725860596,-3.1101269721984863,10.589014053344727,8.736602783203125,4.21010684967041,2.20692777633667,0.5362382531166077,1.0338928699493408,3.675830602645874,-0.9295017123222351,-0.9434957504272461,-0.2516026496887207,-2.8696134090423584,-3.2160091400146484,0.2819785475730896,4.045061111450195,-3.9297728538513184,-1.6688945293426514,1.3139033317565918,1.3682864904403687,-1.8426148891448975,0.5249383449554443,-1.070094108581543,1.2335045337677002,2.9437575340270996,2.797579050064087,3.24611759185791,1.8769493103027344,1.400106430053711,1.072950839996338,1.319265365600586,0.3123522102832794,0.20490612089633942,0.21666111052036285,0.17284664511680603,0.10658283531665802,0.04053809493780136,0.1084892526268959,0.2026422917842865,0.2762078642845154,0.30703994631767273,0.28725874423980713,0.22290736436843872,0.13530558347702026,0.0594959482550621,0.01973683200776577,0.036743082106113434,0.06346838176250458,0.05979645252227783,0.07940959185361862,0.16683506965637207,0.19441060721874237,0.1339314728975296,0.13812154531478882,0.16249851882457733,0.14715716242790222,0.19183173775672913,0.17101025581359863,0.07843022048473358,0.05866466090083122,0.12243601679801941,0.18520575761795044,0.16480284929275513,0.07699311524629593,0.055906057357788086,0.0634813979268074,0.07986602932214737,0.10492866486310959,0.08152369409799576,0.06985124945640564,0.2047484815120697,0.200719952583313,0.10248090326786041,0.1980099081993103,0.30016645789146423,0.23422092199325562,0.1971767246723175,0.3120307922363281,0.23629453778266907,0.23886780440807343,0.2535713315010071,0.213080495595932,0.2317863404750824,0.2013145387172699,0.19735583662986755,0.1868288666009903,0.199346661567688,0.216182678937912,0.23156967759132385,0.22501295804977417,0.18534249067306519,0.1700366586446762,0.1957697868347168,MS
../data/DWT_NEW/MS/New_MS_074.wav,58.86350631713867,-50.44414138793945,23.361663818359375,-15.244244575500488,-3.2523105144500732,-6.558988571166992,-0.5245546698570251,1.9099078178405762,-0.5926631093025208,-5.178323745727539,-0.09482705593109131,3.902268409729004,-4.139812469482422,1.119619607925415,-4.070132255554199,5.498203277587891,-4.84713077545166,2.060279369354248,-1.7292077541351318,2.778200149536133,-0.9507672190666199,-0.32435187697410583,0.1842789649963379,0.33668527007102966,0.7627445459365845,-1.6531882286071777,0.631454348564148,0.3559056222438812,0.4750041961669922,-0.3069836497306824,-0.3631395399570465,0.7099797129631042,-1.231669545173645,0.3667345345020294,-0.04315486550331116,1.115033745765686,0.4040287733078003,-2.5327603816986084,-0.034061938524246216,-0.390573114156723,0.20415416359901428,0.07103519141674042,0.07469861209392548,0.07447098195552826,0.06876857578754425,0.056747473776340485,0.04044879227876663,0.027956079691648483,0.037370715290308,0.05722341686487198,0.07193005830049515,0.073336660861969,0.05975598841905594,0.040300242602825165,0.04371657967567444,0.06764686107635498,0.07768711447715759,0.06184646114706993,0.034192536026239395,0.06422922760248184,0.1043526753783226,0.11426419019699097,0.09084652364253998,0.08123805373907089,0.11036838591098785,0.10375817120075226,0.0845053642988205,0.08571290969848633,0.08152326941490173,0.0761907547712326,0.08329740166664124,0.10268457978963852,0.10911810398101807,0.1150660589337349,0.1302725225687027,0.1350880265235901,0.12402896583080292,0.11277784407138824,0.10735541582107544,0.11446808278560638,0.13136518001556396,0.1336767077445984,0.11869361251592636,0.10630781948566437,0.11979740858078003,0.12583786249160767,0.10869833827018738,0.09538253396749496,0.1007847785949707,0.08854341506958008,0.08982942253351212,0.0805877298116684,0.07391536235809326,0.0665639117360115,0.062161605805158615,0.056418150663375854,0.05586692690849304,0.04968125373125076,0.04267506301403046,0.04215241223573685,0.041266750544309616,MS
../data/DWT_NEW/MS/New_MS_094.wav,37.33659362792969,-45.45796203613281,33.22084045410156,-10.287075996398926,-17.558414459228516,3.9098408222198486,-5.302618980407715,10.580373764038086,-9.53521728515625,1.3497345447540283,8.131759643554688,-2.7653777599334717,1.6147587299346924,-0.6544296741485596,1.6097546815872192,-0.12691599130630493,3.2672343254089355,-3.1533989906311035,-1.5488288402557373,3.779226303100586,0.5665487051010132,0.4914790987968445,-1.2092888355255127,-0.21057969331741333,2.938585042953491,-0.7638491988182068,-2.0441818237304688,3.775953769683838,-2.49831223487854,-2.2117671966552734,-0.9500797986984253,0.14796984195709229,-0.041206538677215576,1.3643625974655151,1.1902152299880981,0.7272303700447083,1.9600768089294434,-0.588499128818512,1.2878823280334473,1.317093014717102,0.16153685748577118,0.07358288764953613,0.05701038986444473,0.03481107950210571,0.03055264800786972,0.06248980760574341,0.09985429048538208,0.12968990206718445,0.1425439715385437,0.13395340740680695,0.10399655997753143,0.058848291635513306,0.01996740512549877,0.046205900609493256,0.07067028433084488,0.07326479256153107,0.05057027190923691,0.05462876334786415,0.11348500847816467,0.13949152827262878,0.10753026604652405,0.05420738458633423,0.0384368896484375,0.05436766892671585,0.08769741654396057,0.08246967941522598,0.05688215792179108,0.05262201651930809,0.0898999497294426,0.1436488926410675,0.12934136390686035,0.06512709707021713,0.04017205536365509,0.06778674572706223,0.08471907675266266,0.11435683071613312,0.09696027636528015,0.022995730862021446,0.13150788843631744,0.16058000922203064,0.09896893799304962,0.09044612944126129,0.1669081449508667,0.1473647654056549,0.1085001677274704,0.17564865946769714,0.1249382346868515,0.1458815634250641,0.14495305716991425,0.11804848164319992,0.13264650106430054,0.09833260625600815,0.11071866750717163,0.09670893847942352,0.11255702376365662,0.10913403332233429,0.11468548327684402,0.10159184038639069,0.09750345349311829,0.10542003810405731,0.11680668592453003,MS
../data/DWT_NEW/MS/New_MS_029.wav,43.542625427246094,-38.29835510253906,45.33232116699219,-3.3534700870513916,-1.609447717666626,-5.580807685852051,2.460968017578125,2.765178680419922,0.3718912601470947,-3.7035882472991943,0.4293733239173889,3.171627998352051,1.1366465091705322,-4.70502233505249,2.918989419937134,0.44877302646636963,-3.426929473876953,3.491154193878174,-2.5240299701690674,0.5450865626335144,0.6760837435722351,-1.309085488319397,0.47777336835861206,1.3844964504241943,-0.37920480966567993,-0.5065020322799683,0.3715546131134033,-0.3385481834411621,0.9847516417503357,-1.3822840452194214,0.7205737829208374,1.4517614841461182,-3.076537609100342,1.478044033050537,1.1488776206970215,1.4378076791763306,0.572269082069397,-2.6111669540405273,0.6296336650848389,0.3418874442577362,0.1679009050130844,0.11864367872476578,0.11350555717945099,0.10346530377864838,0.08683827519416809,0.06286071240901947,0.03527561575174332,0.030195794999599457,0.0641602948307991,0.10219459235668182,0.13460876047611237,0.15542273223400116,0.16469894349575043,0.17007379233837128,0.17465555667877197,0.1799781620502472,0.17646312713623047,0.1496477723121643,0.0995977595448494,0.05350762978196144,0.1018906831741333,0.13513842225074768,0.14348164200782776,0.15195459127426147,0.15102306008338928,0.11704382300376892,0.09943082928657532,0.12450547516345978,0.11071746051311493,0.11822687834501266,0.12393134832382202,0.10586504638195038,0.09373512864112854,0.0981239601969719,0.11856326460838318,0.11456048488616943,0.1005210131406784,0.10242775082588196,0.10441078990697861,0.10217735171318054,0.09814485162496567,0.0943148210644722,0.09639176726341248,0.09606023132801056,0.088679239153862,0.08496750891208649,0.08949583768844604,0.08248098194599152,0.061473093926906586,0.06408136337995529,0.06568028777837753,0.04606829956173897,0.0465342178940773,0.040514081716537476,0.03844673931598663,0.03529409319162369,0.034057650715112686,0.029727976769208908,0.024733562022447586,0.026573125272989273,0.0326763354241848,MS
../data/DWT_NEW/MS/New_MS_035.wav,51.519371032714844,-36.899715423583984,37.15581512451172,-14.315485954284668,5.461092948913574,1.000927448272705,1.7699486017227173,0.3470744788646698,-2.548884391784668,-0.008013486862182617,1.7964980602264404,2.8444936275482178,-3.3510279655456543,0.690405547618866,-1.1229112148284912,2.4784576892852783,-3.654238224029541,3.553372859954834,-2.6836981773376465,0.6805712580680847,-0.26889151334762573,0.14492030441761017,-0.7964036464691162,0.8845502138137817,-0.8021762371063232,0.2445881962776184,1.5834100246429443,-2.0656001567840576,1.6383365392684937,0.16658321022987366,-1.628654956817627,1.4888124465942383,-0.7295960187911987,0.6689423322677612,-0.20893502235412598,1.3936697244644165,0.6288479566574097,-0.8186124563217163,-0.6621195077896118,-1.2944309711456299,0.1853332668542862,0.15227001905441284,0.1629166603088379,0.1644202470779419,0.15428206324577332,0.13183775544166565,0.10316574573516846,0.08449573814868927,0.09916719794273376,0.13458387553691864,0.1643800586462021,0.17108622193336487,0.1487492173910141,0.09979116916656494,0.043905675411224365,0.06866423040628433,0.11300452053546906,0.12822142243385315,0.11537438631057739,0.11856570839881897,0.16569915413856506,0.1834971308708191,0.14184439182281494,0.11557057499885559,0.16358593106269836,0.1635335087776184,0.11590738594532013,0.13215652108192444,0.12454801052808762,0.11421364545822144,0.10772258788347244,0.13105395436286926,0.1593032330274582,0.15683989226818085,0.12827365100383759,0.10025612264871597,0.10591280460357666,0.11903694272041321,0.13672776520252228,0.13710427284240723,0.11484743654727936,0.0967874526977539,0.10462871193885803,0.11218112707138062,0.09998954087495804,0.09237278997898102,0.10125304758548737,0.08892299979925156,0.06750225275754929,0.0853503942489624,0.07299996167421341,0.054462458938360214,0.04999976605176926,0.054288532584905624,0.05765101686120033,0.05956666171550751,0.05846119672060013,0.05520308017730713,0.047422073781490326,0.03595789894461632,0.021762356162071228,MS
../data/DWT_NEW/MS/New_MS_105.wav,51.46925735473633,-47.826759338378906,28.408519744873047,-19.576461791992188,-5.4757184982299805,5.648499011993408,-12.185810089111328,6.4481377601623535,1.0387130975723267,-0.6651147603988647,5.399572849273682,0.6423341035842896,7.373084545135498,5.712305068969727,1.8361397981643677,-2.5397870540618896,-0.5301183462142944,0.2529292702674866,1.0839109420776367,-2.452258586883545,-2.520416021347046,3.653393030166626,-2.7865896224975586,0.03409793972969055,0.5541763305664062,-0.39716777205467224,0.2868970036506653,0.5143412351608276,-0.5767796635627747,1.108115792274475,-1.024836540222168,0.473871648311615,2.2747457027435303,1.3397036790847778,0.45040497183799744,3.30430269241333,-2.1651573181152344,2.393305778503418,-1.0489630699157715,1.0524446964263916,0.18995535373687744,0.08180529624223709,0.08589713275432587,0.09537182748317719,0.11052636802196503,0.12961521744728088,0.14923898875713348,0.1624520719051361,0.16059641540050507,0.1391402781009674,0.09843674302101135,0.047876425087451935,0.029545988887548447,0.05342216044664383,0.06378818303346634,0.06458962708711624,0.06382642686367035,0.05689830332994461,0.0861315205693245,0.12174300849437714,0.11180412769317627,0.06122769042849541,0.017625436186790466,0.08837126195430756,0.12772886455059052,0.10422326624393463,0.07689212262630463,0.04989895224571228,0.03940507024526596,0.11429062485694885,0.12472616136074066,0.07302246987819672,0.03933478519320488,0.08260966092348099,0.09631910175085068,0.09121115505695343,0.08961276710033417,0.04529963806271553,0.09947428852319717,0.14734116196632385,0.08055540919303894,0.08615083992481232,0.17246337234973907,0.1557397097349167,0.1199197769165039,0.2096024453639984,0.18422269821166992,0.18990249931812286,0.21581947803497314,0.19119340181350708,0.2000657618045807,0.18001249432563782,0.1665486991405487,0.15783265233039856,0.16760732233524323,0.19422253966331482,0.20839063823223114,0.20378869771957397,0.1896645724773407,0.19522970914840698,0.21702735126018524,MS
../data/DWT_NEW/MS/New_MS_007.wav,47.15040969848633,-75.7164077758789,38.712066650390625,4.055839538574219,-3.9664230346679688,-7.49875545501709,-0.5558427572250366,3.0374832153320312,2.310580015182495,2.2765464782714844,-7.001081466674805,1.4118491411209106,-6.715717315673828,4.446545600891113,1.324436068534851,1.9294002056121826,0.314484179019928,2.0432896614074707,-3.18025279045105,1.0676019191741943,1.2475109100341797,3.315570592880249,-3.2053003311157227,3.6945345401763916,7.74407958984375,6.879900932312012,5.1863603591918945,-1.265151858329773,3.5383267402648926,1.0767017602920532,2.839430332183838,1.451225996017456,-3.1596851348876953,-0.08551588654518127,0.9508339166641235,-0.10186225175857544,-0.3142378330230713,-2.3726978302001953,-2.733949661254883,1.9863386154174805,0.22888995707035065,0.06454592943191528,0.059732720255851746,0.058130450546741486,0.06122691556811333,0.07018313556909561,0.08348216116428375,0.09859450906515121,0.11123732477426529,0.11907403916120529,0.1195673942565918,0.10926295816898346,0.09000784158706665,0.07105734944343567,0.04729056730866432,0.03853975981473923,0.04666375368833542,0.05014948546886444,0.03686936944723129,0.007552226074039936,0.04048122093081474,0.0827055275440216,0.10892833024263382,0.10820060223340988,0.08344356715679169,0.05205352231860161,0.05182936042547226,0.07969318330287933,0.12345753610134125,0.1846621036529541,0.22900164127349854,0.21814057230949402,0.1620471179485321,0.11016841977834702,0.12237592786550522,0.18310651183128357,0.19144335389137268,0.1303454041481018,0.035194505006074905,0.03651879355311394,0.028979340568184853,0.0737694650888443,0.15537868440151215,0.1863933503627777,0.17073121666908264,0.15097828209400177,0.1253558099269867,0.09853426367044449,0.043280888348817825,0.07318966835737228,0.11727118492126465,0.12024828046560287,0.09480404853820801,0.07163766026496887,0.08476420491933823,0.10494137555360794,0.09412313252687454,0.04854652285575867,0.050329312682151794,0.0984693318605423,0.0985594242811203,MS
../data/DWT_NEW/MS/New_MS_147.wav,74.35124206542969,-65.41783142089844,9.950185775756836,-24.96470069885254,-3.6266884803771973,-0.26367703080177307,-4.655339241027832,2.5118613243103027,-5.3793230056762695,1.6010359525680542,-0.6372005939483643,-1.2141249179840088,3.4463717937469482,-0.9888250827789307,-2.8894639015197754,1.6939136981964111,0.7365692853927612,-1.5339646339416504,-2.5308313369750977,1.7458300590515137,-2.022383689880371,-0.4159790277481079,1.0343701839447021,-2.4560303688049316,1.1335166692733765,-1.3214958906173706,0.5317708253860474,-0.3029560148715973,-0.03760519623756409,0.9593425989151001,0.766089677810669,1.5323888063430786,1.1593033075332642,1.320728063583374,-0.13187015056610107,1.1330814361572266,0.012082010507583618,0.9111891984939575,-0.36216092109680176,0.1595975160598755,0.260981947183609,0.04788438603281975,0.03692486882209778,0.02951648272573948,0.025575343519449234,0.020838014781475067,0.015827041119337082,0.02237749472260475,0.03420161083340645,0.037848085165023804,0.027298815548419952,0.013550628907978535,0.0360555574297905,0.049462784081697464,0.05177820473909378,0.041564080864191055,0.027340132743120193,0.04609660059213638,0.09143666923046112,0.11197409778833389,0.08677040040493011,0.040282122790813446,0.02551979385316372,0.05511170253157616,0.062148287892341614,0.05334877222776413,0.04256676882505417,0.04479454457759857,0.08467394858598709,0.07883034646511078,0.043909262865781784,0.10006776452064514,0.11318721622228622,0.07601024210453033,0.04980912059545517,0.04364144802093506,0.09751637279987335,0.13734371960163116,0.12300131469964981,0.10639089345932007,0.07087375968694687,0.12900695204734802,0.16804178059101105,0.1519002616405487,0.0989212691783905,0.16716620326042175,0.20120634138584137,0.1662645936012268,0.18725107610225677,0.21017061173915863,0.21293362975120544,0.2338091880083084,0.26560860872268677,0.27992528676986694,0.3032948970794678,0.3137028217315674,0.3254765272140503,0.3451801538467407,0.37016263604164124,0.37541502714157104,0.37212038040161133,MS
../data/DWT_NEW/MS/New_MS_155.wav,111.31636810302734,-59.843544006347656,14.23135757446289,-6.818510055541992,-0.9349973797798157,0.678917646408081,-5.127484321594238,1.7120219469070435,-2.7018215656280518,1.676560401916504,0.7004498839378357,-1.9689288139343262,1.5330992937088013,-4.496798515319824,0.5360399484634399,-0.4663100838661194,-0.555759847164154,-0.605413019657135,-0.9455102682113647,0.8318037986755371,-0.283536821603775,0.1953386515378952,-0.06585192680358887,-1.110750436782837,0.565339207649231,-0.05528026819229126,1.2294094562530518,-0.6990466117858887,1.0881273746490479,-0.6862038373947144,1.1056805849075317,-1.3352327346801758,0.8347029685974121,-0.22743475437164307,-0.20021972060203552,0.05983075499534607,0.022546440362930298,1.6515543460845947,-0.1796514093875885,1.0568450689315796,0.33608508110046387,0.12669724225997925,0.13353568315505981,0.13926094770431519,0.13683319091796875,0.11910165846347809,0.08505818992853165,0.04714449122548103,0.06591617316007614,0.11227647215127945,0.14058759808540344,0.13762199878692627,0.10990829765796661,0.07772562652826309,0.075043223798275,0.10248403996229172,0.1254390925168991,0.10655669867992401,0.06452421098947525,0.10870325565338135,0.17044571042060852,0.17525523900985718,0.13232067227363586,0.15182721614837646,0.15563629567623138,0.09701406210660934,0.08292168378829956,0.12039226293563843,0.06430298089981079,0.14802196621894836,0.21417510509490967,0.19411495327949524,0.1471697837114334,0.128056138753891,0.10101909935474396,0.14391545951366425,0.19266264140605927,0.2241123467683792,0.22332137823104858,0.15145523846149445,0.16586121916770935,0.2538144886493683,0.2710380554199219,0.22949741780757904,0.243509441614151,0.26894712448120117,0.2617975175380707,0.2824298143386841,0.3033834993839264,0.30022457242012024,0.3239506483078003,0.3215412199497223,0.3295368254184723,0.3348613381385803,0.3336871862411499,0.3289983868598938,0.3224395513534546,0.3177374005317688,0.30246835947036743,0.28493738174438477,0.27711713314056396,MS
../data/DWT_NEW/MS/New_MS_055.wav,70.49693298339844,-38.61638641357422,-18.904573440551758,-24.693151473999023,18.628154754638672,-16.487367630004883,-0.07450515031814575,-1.9001485109329224,-4.725247383117676,0.4981321692466736,-1.9971929788589478,-0.5438463687896729,2.0269646644592285,-5.409682750701904,5.8307037353515625,-6.9118146896362305,4.761861801147461,-3.3239023685455322,-1.5629642009735107,0.8952232599258423,-1.4519460201263428,-0.13440808653831482,0.3351787328720093,-2.2477011680603027,-0.6468991637229919,-0.6775058507919312,-0.9974839687347412,0.2620401084423065,-0.6634212732315063,0.4643738865852356,-0.8026347160339355,0.8759239912033081,-0.7919517755508423,0.6307844519615173,-1.278644323348999,0.5826969146728516,-1.1101560592651367,0.7255145907402039,-1.3788912296295166,-0.2807930111885071,0.18823400139808655,0.03164900466799736,0.019760612398386,0.012291423976421356,0.029559139162302017,0.05069839209318161,0.0667729526758194,0.07219356298446655,0.06412998586893082,0.04684647172689438,0.033020202070474625,0.030541308224201202,0.021730760112404823,0.03273624926805496,0.07597772032022476,0.10795478522777557,0.10321980714797974,0.06348709017038345,0.03492468222975731,0.0426345095038414,0.032923806458711624,0.030601603910326958,0.04809929057955742,0.08759316056966782,0.09771696478128433,0.07194478809833527,0.050927937030792236,0.07816758751869202,0.0921902060508728,0.0898982360959053,0.07152288407087326,0.07054316252470016,0.09877454489469528,0.0973607674241066,0.08181672543287277,0.10027086734771729,0.10775471478700638,0.11709049344062805,0.14605940878391266,0.13624617457389832,0.13755084574222565,0.15843413770198822,0.16691847145557404,0.16215325891971588,0.16320791840553284,0.16871517896652222,0.16586853563785553,0.16889840364456177,0.17722448706626892,0.18175923824310303,0.1341213583946228,0.12911950051784515,0.13942605257034302,0.14304973185062408,0.15378417074680328,0.15696580708026886,0.16925403475761414,0.18034416437149048,0.18626560270786285,0.19474893808364868,0.2146948277950287,MS
../data/DWT_NEW/MS/New_MS_072.wav,53.5054931640625,-51.2911491394043,40.59320068359375,-4.401611804962158,1.115580677986145,-9.425888061523438,0.9211851358413696,5.458865165710449,0.15631452202796936,-6.038938522338867,0.7670632600784302,4.249100685119629,-2.1502931118011475,1.6194350719451904,-5.294884204864502,3.9936366081237793,-5.283231735229492,2.9220099449157715,-2.5091328620910645,1.052338719367981,-0.5152987837791443,-0.018382519483566284,0.09059494733810425,-0.7834726572036743,-0.07727289199829102,-0.9989725947380066,0.31036320328712463,-0.5587435364723206,0.9069085121154785,-0.3883526623249054,-0.7139140367507935,0.38205617666244507,-2.0623230934143066,0.3142576813697815,-0.44645774364471436,0.3710365295410156,1.1234426498413086,-1.0154869556427002,-0.13397139310836792,-1.8763847351074219,0.22296690940856934,0.10410518944263458,0.09858249127864838,0.09076430648565292,0.08190447092056274,0.07363251596689224,0.06883098930120468,0.06995001435279846,0.07939153164625168,0.09742484986782074,0.11847476661205292,0.1314903199672699,0.12660381197929382,0.0955711156129837,0.04930509626865387,0.04298029839992523,0.09268897026777267,0.13302399218082428,0.16409556567668915,0.1858491152524948,0.17571507394313812,0.1231454461812973,0.07122784852981567,0.11029365658760071,0.11903542280197144,0.1012340635061264,0.09209668636322021,0.11555758118629456,0.11168776452541351,0.10549578815698624,0.10297701507806778,0.1202387809753418,0.10929125547409058,0.08705056458711624,0.07090972363948822,0.08471951633691788,0.11246306449174881,0.10649941116571426,0.08802806586027145,0.0729999914765358,0.09465213119983673,0.10885662585496902,0.08648057281970978,0.05950777977705002,0.10599441826343536,0.11856110394001007,0.07753102481365204,0.08767161518335342,0.11673246324062347,0.09501257538795471,0.09299826622009277,0.10149306058883667,0.10575227439403534,0.11404930055141449,0.11694830656051636,0.11073802411556244,0.10366429388523102,0.09659913182258606,0.08856365084648132,0.07646823674440384,0.06900103390216827,MS
../data/DWT_NEW/MS/New_MS_153.wav,120.24946594238281,-37.717838287353516,2.3258073329925537,-18.46185302734375,6.232357978820801,-1.7303783893585205,-1.6793084144592285,1.4802687168121338,-0.40388941764831543,-1.6478089094161987,-0.36935609579086304,1.9963916540145874,1.3880668878555298,-3.466609001159668,0.9856550693511963,2.3250789642333984,-3.3562192916870117,2.5469536781311035,0.23686912655830383,-1.8288650512695312,2.9658968448638916,-1.5359015464782715,1.8526870012283325,-0.8371232151985168,1.7822556495666504,-1.8884316682815552,0.7855215668678284,-0.9540879130363464,0.3571157455444336,-0.024623945355415344,0.1388138383626938,1.3227204084396362,-1.6768057346343994,0.2903715968132019,-1.2235631942749023,0.40796759724617004,-0.33278679847717285,0.3185890018939972,0.2806777358055115,0.4348384141921997,0.2805558443069458,0.05549990385770798,0.05787568539381027,0.07597821950912476,0.10835795104503632,0.147520512342453,0.18154987692832947,0.19568289816379547,0.1784648299217224,0.1317470818758011,0.0688636377453804,0.021350465714931488,0.057947710156440735,0.09538266062736511,0.13127371668815613,0.1669650673866272,0.1963246911764145,0.1969115138053894,0.16788411140441895,0.13387542963027954,0.10456862300634384,0.09390141069889069,0.1497606337070465,0.13874350488185883,0.062253255397081375,0.13546299934387207,0.2279219925403595,0.22473657131195068,0.1518746018409729,0.12394370138645172,0.12780563533306122,0.06712717562913895,0.08683110773563385,0.19239026308059692,0.20524369180202484,0.20591923594474792,0.1724725067615509,0.10430832207202911,0.09054944664239883,0.17138755321502686,0.22106605768203735,0.18194761872291565,0.06719493865966797,0.16296887397766113,0.21289892494678497,0.15669065713882446,0.1609903872013092,0.19732262194156647,0.18472766876220703,0.19611525535583496,0.21553224325180054,0.23367872834205627,0.23893743753433228,0.2621520161628723,0.2625184655189514,0.27964743971824646,0.30262941122055054,0.31535303592681885,0.3267635703086853,0.33038610219955444,0.32819321751594543,MS
../data/DWT_NEW/MS/New_MS_186.wav,70.20210266113281,-38.37986755371094,33.39837646484375,-8.510586738586426,4.451849937438965,-2.8731775283813477,0.21237532794475555,6.802785873413086,-3.9470725059509277,-1.461991786956787,1.0382721424102783,-0.2867948114871979,3.7317304611206055,-3.907515048980713,1.1141724586486816,1.0767230987548828,-3.597228527069092,2.7787811756134033,-0.500181257724762,-1.2310235500335693,1.669183611869812,-1.2572720050811768,0.08515551686286926,2.1043357849121094,-1.5500586032867432,0.663720965385437,0.3146340250968933,-1.360629916191101,2.4252071380615234,-1.6912403106689453,0.06608763337135315,1.8502953052520752,-3.2051897048950195,2.0647101402282715,1.2680182456970215,1.1841374635696411,1.0803263187408447,-1.4959616661071777,0.6601296067237854,-0.044879693537950516,0.20289289951324463,0.1349579095840454,0.12478065490722656,0.1098821684718132,0.08923076838254929,0.06322258710861206,0.03927446901798248,0.04483393207192421,0.0781039297580719,0.11496636271476746,0.14742106199264526,0.17117387056350708,0.18748947978019714,0.2037108987569809,0.21323461830615997,0.2124774158000946,0.19498655200004578,0.15571321547031403,0.10534507036209106,0.08267920464277267,0.11399626731872559,0.14064374566078186,0.16014374792575836,0.1774757206439972,0.164730966091156,0.11518041044473648,0.11870162934064865,0.14449331164360046,0.12538467347621918,0.1331007480621338,0.12534254789352417,0.09400716423988342,0.07926103472709656,0.09789907932281494,0.12629307806491852,0.1253107637166977,0.10564740747213364,0.09965939074754715,0.0951889157295227,0.09573394060134888,0.09876994043588638,0.0953219011425972,0.08879019320011139,0.08773152530193329,0.09011250734329224,0.08784991502761841,0.08477219939231873,0.08480192720890045,0.07457993179559708,0.07305079698562622,0.08203650265932083,0.06668885797262192,0.0666797012090683,0.06096529960632324,0.061928343027830124,0.0622875913977623,0.06527462601661682,0.060239262878894806,0.05234348401427269,0.04898141324520111,0.044522974640131,MS
../data/DWT_NEW/MS/New_MS_115.wav,39.562095642089844,-40.50331115722656,20.9500732421875,-16.654251098632812,0.45024263858795166,10.38387393951416,-18.82447052001953,8.586411476135254,-3.155064105987549,2.463402509689331,3.4426844120025635,-6.357626914978027,3.6180834770202637,-0.7980176210403442,1.5714213848114014,-0.3388928771018982,2.6423208713531494,-2.2810325622558594,1.103899359703064,2.6574084758758545,0.5564344525337219,-0.5836162567138672,1.7942014932632446,-0.3615413308143616,0.4136810302734375,1.7011053562164307,0.8724399209022522,1.8631513118743896,-0.5437653064727783,0.08551138639450073,-1.6477288007736206,-1.0803680419921875,-0.8799954652786255,0.6763344407081604,1.2310999631881714,1.0471140146255493,1.3833141326904297,0.6185657382011414,-1.21256422996521,1.302337646484375,0.15440097451210022,0.08092071861028671,0.05988757312297821,0.03123655915260315,0.015278349630534649,0.05130322650074959,0.08817317336797714,0.11597131937742233,0.12762856483459473,0.12129143625497818,0.09924474358558655,0.06644938886165619,0.031029168516397476,0.018519960343837738,0.043727219104766846,0.05400281026959419,0.037269216030836105,0.07015722244977951,0.126234769821167,0.13752944767475128,0.09459417313337326,0.0653403252363205,0.0701725110411644,0.061044685542583466,0.06799262762069702,0.055557649582624435,0.0517972856760025,0.07419242709875107,0.11304660886526108,0.15851229429244995,0.1414085328578949,0.08216863870620728,0.04989901930093765,0.09708311408758163,0.12301389873027802,0.13766388595104218,0.11750572174787521,0.06119664013385773,0.12498517334461212,0.1609233021736145,0.10051501542329788,0.07441085577011108,0.1350870132446289,0.11313781887292862,0.0877910926938057,0.12696167826652527,0.07577945291996002,0.12742722034454346,0.11007251590490341,0.14070235192775726,0.14478608965873718,0.15387532114982605,0.15562763810157776,0.1486576348543167,0.13179683685302734,0.10719339549541473,0.07715892791748047,0.060016050934791565,0.06718707084655762,0.07974264025688171,0.0881250873208046,MS
../data/DWT_NEW/MS/New_MS_118.wav,129.7650909423828,-64.97240447998047,-14.93128776550293,-14.85706901550293,5.519813537597656,-13.432854652404785,-0.11513423919677734,-4.399190902709961,-4.193798065185547,3.9796218872070312,-1.9425697326660156,-14.767780303955078,-14.339224815368652,4.191658020019531,13.265308380126953,13.921968460083008,-0.2260448932647705,-0.9322754740715027,-2.4279470443725586,-0.8956788778305054,9.737470626831055,2.632662296295166,-0.8329644203186035,-7.126827239990234,-4.760837554931641,6.194854736328125,-4.629212856292725,1.5673797130584717,9.863162994384766,-4.029326438903809,0.5235767960548401,0.10369694232940674,-1.8480615615844727,7.294375896453857,-7.44893741607666,-11.025152206420898,2.68996000289917,-2.3432235717773438,-3.9076945781707764,-1.6888049840927124,0.4021262526512146,0.014649977907538414,0.02233625389635563,0.03869263827800751,0.053512826561927795,0.0647297203540802,0.0740184485912323,0.0841006487607956,0.09418398886919022,0.09853503853082657,0.0879821851849556,0.05674460157752037,0.024321477860212326,0.0654178187251091,0.08873952925205231,0.07220352441072464,0.06339053809642792,0.10159201920032501,0.09353269636631012,0.05863503739237785,0.07239512354135513,0.06874590367078781,0.06682977080345154,0.07021629810333252,0.055616945028305054,0.06239143759012222,0.0602973997592926,0.04983995854854584,0.07316166907548904,0.11230111122131348,0.136464923620224,0.16621960699558258,0.19922803342342377,0.17681679129600525,0.17682918906211853,0.16552221775054932,0.17397935688495636,0.1835658699274063,0.21662572026252747,0.25267764925956726,0.2990338206291199,0.3210480809211731,0.2952483594417572,0.24121180176734924,0.17579126358032227,0.11275547742843628,0.16639496386051178,0.22810479998588562,0.27403461933135986,0.29895472526550293,0.35215502977371216,0.4419640302658081,0.563247799873352,0.635672926902771,0.6033973693847656,0.4612134099006653,0.3020976781845093,0.32470208406448364,0.528863787651062,0.7156918048858643,0.7585489749908447,MS
../data/DWT_NEW/MS/New_MS_200.wav,42.30620574951172,-50.420040130615234,23.396656036376953,-11.335355758666992,0.9007211923599243,1.039414405822754,-3.2635602951049805,4.910101413726807,-1.1941412687301636,-1.2552573680877686,0.8681182861328125,1.1873040199279785,1.0078128576278687,-0.7169662714004517,-0.29063618183135986,0.8099304437637329,-1.188618779182434,0.6690618395805359,-1.685560703277588,0.733513593673706,0.7067500352859497,-1.2639257907867432,0.662601113319397,0.7559546232223511,-1.3611035346984863,0.08929561078548431,-0.046795397996902466,-1.0589556694030762,1.1046969890594482,-1.1733639240264893,0.16858403384685516,1.5925042629241943,-1.9537699222564697,1.760180115699768,0.1443578600883484,1.5453500747680664,0.2712014317512512,-1.0519707202911377,-0.2111368328332901,-1.6651403903961182,0.16148819029331207,0.07354499399662018,0.06727252900600433,0.059938762336969376,0.052874378859996796,0.046541713178157806,0.04052203148603439,0.034825701266527176,0.037540338933467865,0.05822297930717468,0.08840403705835342,0.11447194218635559,0.12486124038696289,0.11280801147222519,0.0817229375243187,0.06760387867689133,0.09540827572345734,0.10372456908226013,0.0731624886393547,0.05259814113378525,0.09020517766475677,0.09914480149745941,0.07198143005371094,0.06971817463636398,0.07051878422498703,0.05763646587729454,0.07277901470661163,0.10812012851238251,0.11798564344644547,0.10953152924776077,0.10108405351638794,0.10011149942874908,0.09448139369487762,0.08066754043102264,0.07602620869874954,0.09392787516117096,0.10497486591339111,0.10115660727024078,0.10008248686790466,0.10620132833719254,0.11191459000110626,0.10337796807289124,0.08119679242372513,0.0910617783665657,0.11587333679199219,0.11277560144662857,0.08786919713020325,0.10235506296157837,0.10639951378107071,0.0921703428030014,0.09904937446117401,0.1058301031589508,0.11059707403182983,0.11370216310024261,0.11157538741827011,0.10428226739168167,0.09496166557073593,0.08294549584388733,0.07481750845909119,0.07117469608783722,0.07239130884408951,MS
../data/DWT_NEW/MS/New_MS_092.wav,53.06678009033203,-41.10826873779297,18.759321212768555,-14.662612915039062,-11.689268112182617,11.574195861816406,-3.0505738258361816,1.1423505544662476,-4.917491436004639,3.9132421016693115,2.6369290351867676,0.16955816745758057,4.499139308929443,0.47888967394828796,2.6914477348327637,-2.4497015476226807,0.14778321981430054,0.18054603040218353,-0.4401390254497528,-0.41263067722320557,1.1447850465774536,-1.2254472970962524,2.104114055633545,-1.6826305389404297,1.6666669845581055,1.3111751079559326,1.1840872764587402,0.24071091413497925,-1.260538935661316,-1.2211604118347168,0.08261501789093018,-0.6815599799156189,2.696967124938965,0.19585999846458435,2.164933443069458,1.023684024810791,0.2778070569038391,1.9399125576019287,0.8711514472961426,1.4061516523361206,0.1589306890964508,0.12164244055747986,0.10023646056652069,0.06697815656661987,0.024680843576788902,0.03260686248540878,0.08261068910360336,0.1255703866481781,0.15100416541099548,0.15392231941223145,0.13470590114593506,0.10048377513885498,0.06730733066797256,0.04493797570466995,0.03531891852617264,0.024815186858177185,0.018133003264665604,0.062156032770872116,0.11775940656661987,0.13994592428207397,0.10599319636821747,0.07392366230487823,0.09895496815443039,0.08199480175971985,0.07220753282308578,0.07716235518455505,0.06341525167226791,0.059090640395879745,0.0885908454656601,0.1349324882030487,0.13419677317142487,0.08493614196777344,0.037582263350486755,0.060402337461709976,0.07582713663578033,0.09023700654506683,0.07191121578216553,0.04653435945510864,0.12273147702217102,0.14407025277614594,0.07568365335464478,0.0609298013150692,0.15705636143684387,0.14191469550132751,0.07339885830879211,0.1490400731563568,0.13328863680362701,0.10613946616649628,0.14280283451080322,0.12840016186237335,0.12298543751239777,0.11270423233509064,0.09162059426307678,0.0654558315873146,0.0653853639960289,0.12761056423187256,0.18006718158721924,0.21247482299804688,0.2096758782863617,0.1700795590877533,0.11566315591335297,MS
../data/DWT_NEW/MS/New_MS_177.wav,66.06521606445312,-49.49167251586914,-2.846843719482422,-31.780414581298828,-5.1342549324035645,-1.0925602912902832,-7.971896171569824,3.258218765258789,-4.105754852294922,2.1516366004943848,-2.9453601837158203,1.5164183378219604,-0.5274338722229004,0.009931683540344238,-0.7737424373626709,1.2595101594924927,0.023525625467300415,0.9941244125366211,-1.465574026107788,0.4116792380809784,-0.17300346493721008,-0.43955618143081665,-1.954699158668518,-0.39156824350357056,-2.2053122520446777,-0.02056470513343811,-0.10082945227622986,0.7256883382797241,0.10799592733383179,-0.5884746313095093,-0.7084958553314209,-0.20446953177452087,1.1561083793640137,-0.44099873304367065,-0.8654648065567017,0.5688537955284119,-2.3855583667755127,-0.09982243180274963,-1.4777005910873413,-2.4137840270996094,0.1838340014219284,0.0476597398519516,0.04579585790634155,0.042603589594364166,0.04172085225582123,0.046140532940626144,0.05376546084880829,0.05846241116523743,0.054972775280475616,0.04275549575686455,0.02706821635365486,0.019771352410316467,0.017037495970726013,0.011733592487871647,0.04025898873806,0.0734408050775528,0.08653611689805984,0.06969869136810303,0.0389702171087265,0.03817548602819443,0.03471360355615616,0.03442636504769325,0.04664447158575058,0.05264538154006004,0.05404689908027649,0.043201617896556854,0.030332837253808975,0.050371602177619934,0.07783808559179306,0.0761786475777626,0.05586908012628555,0.052701134234666824,0.07944536954164505,0.07885732501745224,0.0655193030834198,0.08493121713399887,0.08927325904369354,0.08656294643878937,0.1051446944475174,0.09496734291315079,0.13139724731445312,0.14270423352718353,0.13377240300178528,0.13299782574176788,0.15615582466125488,0.15178436040878296,0.1734691858291626,0.20405857264995575,0.20200249552726746,0.1915469914674759,0.2008608728647232,0.23081597685813904,0.248661071062088,0.27115753293037415,0.29852357506752014,0.3077319860458374,0.31632283329963684,0.31472107768058777,0.3031235933303833,0.3088954985141754,0.3045332431793213,MS
../data/DWT_NEW/MS/New_MS_004.wav,45.41608428955078,-83.30363464355469,23.914302825927734,10.32352066040039,-9.950303077697754,-3.157339572906494,-9.786137580871582,3.342081069946289,-2.6821019649505615,-4.895560264587402,3.1835830211639404,0.5008569955825806,6.440971374511719,1.8800283670425415,2.6726889610290527,-4.015142440795898,-0.99100661277771,-6.25794792175293,-3.6526682376861572,0.07312104105949402,-2.4621076583862305,6.51742696762085,-0.5262558460235596,-0.9082233905792236,-0.031099379062652588,5.910660743713379,-1.141613483428955,-1.419790506362915,-2.6458983421325684,-5.508032321929932,-0.38385307788848877,0.7123172283172607,0.016294151544570923,2.67219614982605,-1.2374927997589111,4.233630657196045,-1.0423473119735718,-0.31352612376213074,-0.1544562727212906,-1.5742498636245728,0.23908329010009766,0.007645453326404095,0.015730587765574455,0.02843344584107399,0.03954976052045822,0.043617844581604004,0.03791441768407822,0.03096722811460495,0.04830903559923172,0.07412032037973404,0.08432848006486893,0.06736163794994354,0.03178630769252777,0.02234455943107605,0.030963856726884842,0.022926731035113335,0.040286194533109665,0.03565040975809097,0.047339312732219696,0.06673794239759445,0.06154613941907883,0.10344785451889038,0.10982584208250046,0.061871834099292755,0.06431671231985092,0.04609932750463486,0.053844839334487915,0.05158428102731705,0.0499369353055954,0.06455813348293304,0.032397471368312836,0.05887124314904213,0.0758286565542221,0.07462754845619202,0.05147101357579231,0.0526951402425766,0.07288719713687897,0.07179512083530426,0.024434765800833702,0.05550766363739967,0.07725310325622559,0.07158329337835312,0.09072233736515045,0.09878359735012054,0.08081287145614624,0.1279173195362091,0.1309911012649536,0.10813900828361511,0.04901371896266937,0.03757714852690697,0.05963359400629997,0.03136873245239258,0.02473553642630577,0.05645686388015747,0.08551570773124695,0.0585455521941185,0.029168201610445976,0.048685915768146515,0.05058335140347481,0.05606275051832199,0.028455547988414764,MS
../data/DWT_NEW/MS/New_MS_157.wav,117.41927337646484,-54.19593048095703,4.972920894622803,-2.294538974761963,11.515730857849121,-1.1753041744232178,-0.29413798451423645,4.796673774719238,-3.1495139598846436,2.363023519515991,-4.103067398071289,1.8031589984893799,-1.268301248550415,0.7005481123924255,-0.46352922916412354,1.4985865354537964,-0.583037257194519,2.3424558639526367,-2.6520659923553467,1.8008556365966797,-0.08004826307296753,-1.1771247386932373,1.7296407222747803,-0.779644787311554,0.9061065912246704,3.046637535095215,-1.443967342376709,1.2543787956237793,-3.07167387008667,1.0428332090377808,0.13727156817913055,0.636556088924408,0.02511756122112274,-1.1769459247589111,0.3345572054386139,-0.30304229259490967,1.8012299537658691,-0.011496424674987793,1.8543708324432373,-0.7059018611907959,0.3243008255958557,0.2431044727563858,0.21705731749534607,0.16262027621269226,0.0878642201423645,0.05350880324840546,0.12697657942771912,0.18621760606765747,0.19798561930656433,0.1571236103773117,0.092278391122818,0.10784043371677399,0.1557629406452179,0.1567469835281372,0.10196726769208908,0.06272103637456894,0.14077278971672058,0.1582767218351364,0.10567916929721832,0.1723262071609497,0.1973680555820465,0.1661711186170578,0.22924508154392242,0.21271350979804993,0.24315953254699707,0.23034095764160156,0.16634072363376617,0.13672243058681488,0.10300625115633011,0.13621629774570465,0.24401816725730896,0.29676491022109985,0.29691511392593384,0.24246639013290405,0.1682504266500473,0.1461276113986969,0.2283041775226593,0.29634490609169006,0.30252018570899963,0.22850202023983002,0.15571701526641846,0.23765990138053894,0.2908121943473816,0.22688359022140503,0.19701123237609863,0.2485898733139038,0.2348802089691162,0.21244557201862335,0.23176395893096924,0.22094883024692535,0.24604010581970215,0.2272534966468811,0.23260676860809326,0.23466604948043823,0.23837462067604065,0.23681151866912842,0.23001541197299957,0.23385711014270782,0.2352266162633896,0.22040364146232605,0.21005350351333618,MS
../data/DWT_NEW/MS/New_MS_090.wav,33.9643669128418,-41.194515228271484,36.18145751953125,-10.010950088500977,1.0089725255966187,-6.910645484924316,-8.840217590332031,8.800198554992676,-2.569998025894165,-2.579421043395996,1.5071731805801392,-6.902387619018555,-0.1650257110595703,-4.141739845275879,1.3617358207702637,1.5652202367782593,-2.1296567916870117,3.5678892135620117,-0.26117944717407227,-1.8708349466323853,3.3063385486602783,0.08002448081970215,-2.057328701019287,0.7514240741729736,-0.037730872631073,0.1420155167579651,0.9470203518867493,1.69560706615448,-2.4336509704589844,-0.30364271998405457,-0.7770746946334839,-1.8727617263793945,0.6329703330993652,-0.23218411207199097,-0.6121840476989746,0.003095686435699463,0.035976946353912354,0.3018707036972046,-1.250038504600525,1.2353198528289795,0.15326732397079468,0.06451359391212463,0.05189669132232666,0.04316576570272446,0.053338222205638885,0.07794291526079178,0.10269256681203842,0.1176106259226799,0.11629712581634521,0.09936318546533585,0.07368375360965729,0.0542120635509491,0.06298571079969406,0.09165148437023163,0.12204697728157043,0.13323774933815002,0.11255024373531342,0.09187819063663483,0.1284661591053009,0.13871392607688904,0.09579504281282425,0.03839287906885147,0.02131476253271103,0.05919281765818596,0.07305771857500076,0.047612886875867844,0.06687631458044052,0.11125605553388596,0.1378808617591858,0.1840076595544815,0.16276153922080994,0.09570987522602081,0.06100674346089363,0.09617824852466583,0.09569819271564484,0.1333029866218567,0.15712279081344604,0.10361351072788239,0.10153841972351074,0.14241009950637817,0.11329576373100281,0.07513213157653809,0.08114423602819443,0.10603494942188263,0.0584116205573082,0.08306547999382019,0.07755296677350998,0.09246709942817688,0.10113424062728882,0.11521126329898834,0.13797923922538757,0.13124755024909973,0.1500910520553589,0.13302220404148102,0.1324252188205719,0.12810727953910828,0.1305244266986847,0.12099993228912354,0.09184827655553818,0.04869164526462555,0.0952872484922409,MS
../data/DWT_NEW/MS/New_MS_112.wav,48.646827697753906,-39.04277801513672,36.654640197753906,-14.065739631652832,-1.655164122581482,1.8895182609558105,-9.117330551147461,8.999319076538086,-4.573770523071289,-2.880300521850586,0.25084906816482544,-2.5769951343536377,1.4139782190322876,2.0749149322509766,-3.7949302196502686,-2.8569884300231934,-1.8791089057922363,0.3979206681251526,0.6085478067398071,-2.1206130981445312,0.5647743344306946,2.4066200256347656,4.196245193481445,-2.482679605484009,1.1144298315048218,1.8461447954177856,0.12033092975616455,-0.39209282398223877,0.2500312030315399,-4.091968536376953,0.11281520128250122,-1.2238340377807617,1.257002353668213,1.4552347660064697,-0.0714358389377594,0.8692607879638672,1.4574278593063354,-0.8225762844085693,-0.11894118785858154,0.02287822961807251,0.18207699060440063,0.09571866691112518,0.07366107404232025,0.04727477952837944,0.036900248378515244,0.06353410333395004,0.09757708013057709,0.12398737668991089,0.1362389326095581,0.13593119382858276,0.1304919570684433,0.126569464802742,0.12247417867183685,0.10511130094528198,0.08445479720830917,0.05964450538158417,0.03822184354066849,0.09990525245666504,0.16173169016838074,0.1693800389766693,0.11372028291225433,0.05825231224298477,0.060381483286619186,0.061197035014629364,0.07415711134672165,0.09480146318674088,0.13121303915977478,0.13588139414787292,0.17086166143417358,0.2162715345621109,0.17936864495277405,0.07287837564945221,0.06551432609558105,0.13761228322982788,0.14301836490631104,0.17913269996643066,0.17055705189704895,0.06157618388533592,0.16324272751808167,0.20699076354503632,0.13994911313056946,0.09714897722005844,0.1710483580827713,0.16140645742416382,0.06130395829677582,0.1323850303888321,0.10115085542201996,0.07386337965726852,0.12175527215003967,0.11426683515310287,0.13928914070129395,0.1401558369398117,0.12943649291992188,0.12434209883213043,0.15057499706745148,0.1559991091489792,0.14461365342140198,0.10769076645374298,0.06556431204080582,0.05855678394436836,0.08995413780212402,MS
../data/DWT_NEW/MS/New_MS_127.wav,17.850662231445312,-76.59364318847656,26.22373390197754,3.002916097640991,-12.413665771484375,6.408456802368164,-1.5104091167449951,0.05035245418548584,4.104435443878174,-3.080369710922241,-2.783787727355957,5.4508256912231445,-0.5483507513999939,-2.233248710632324,1.9337522983551025,-0.6314640045166016,1.8799093961715698,-3.428534984588623,4.001143932342529,-0.13949859142303467,-2.424473285675049,1.4629709720611572,-0.8767841458320618,0.4548379182815552,-0.7131682634353638,-1.057257056236267,2.2417712211608887,-1.6086126565933228,2.4658660888671875,-1.1510484218597412,-0.9053317904472351,-0.44418415427207947,1.438222885131836,-1.1885926723480225,0.3335481286048889,-1.7483062744140625,-0.9074007868766785,0.947546124458313,-1.7355133295059204,-0.6808508634567261,0.17533338069915771,0.06749363243579865,0.07220843434333801,0.07079672813415527,0.06225167587399483,0.047591786831617355,0.03128834813833237,0.01927470788359642,0.016088172793388367,0.022838512435555458,0.04001101851463318,0.059202298521995544,0.07053185999393463,0.06834974884986877,0.05184528976678848,0.029028577730059624,0.012064785696566105,0.022231116890907288,0.05179557204246521,0.08101624995470047,0.07916958630084991,0.048414841294288635,0.02277619205415249,0.03412140533328056,0.05501500889658928,0.05077465996146202,0.029174257069826126,0.032363057136535645,0.05816527083516121,0.049554504454135895,0.026970986276865005,0.061057526618242264,0.05734024941921234,0.025138426572084427,0.05716708302497864,0.035539984703063965,0.05975540727376938,0.04333559796214104,0.03257947787642479,0.040259163826704025,0.055752839893102646,0.032975271344184875,0.043636273592710495,0.02467949688434601,0.038406748324632645,0.033343713730573654,0.0329950712621212,0.029936395585536957,0.0250783022493124,0.01780160702764988,0.01481531374156475,0.023147381842136383,0.013704893179237843,0.016685178503394127,0.01094428077340126,0.01501207984983921,0.01972860097885132,0.020607685670256615,0.01719040982425213,0.015533918514847755,0.017393333837389946,MS
../data/DWT_NEW/MS/New_MS_031.wav,48.22924041748047,-49.65263366699219,41.35579299926758,-7.5059309005737305,0.9575536251068115,-8.522379875183105,1.7183418273925781,4.45694637298584,-5.284533977508545,-6.050278186798096,4.71733283996582,3.6515865325927734,-1.7484252452850342,0.2128182351589203,-4.253480911254883,4.3438568115234375,-5.3065290451049805,0.6141295433044434,-2.8776957988739014,2.5233712196350098,-0.5136289596557617,-1.0942049026489258,-0.5993974208831787,0.05469226837158203,-0.3266305923461914,-1.2231650352478027,0.8218100070953369,-0.5813060998916626,0.8379366993904114,-0.309207022190094,-0.9400242567062378,0.5048604607582092,-1.290483832359314,-0.5053114891052246,-0.017868980765342712,0.8016597628593445,1.579491376876831,-1.6737388372421265,-1.7439489364624023,-2.986603260040283,0.21074871718883514,0.08015666902065277,0.08105012029409409,0.08135823905467987,0.08134834468364716,0.08144117891788483,0.08321613073348999,0.0874524638056755,0.09399250149726868,0.10227429866790771,0.10936516523361206,0.10987862944602966,0.10068155080080032,0.07869500666856766,0.0527433305978775,0.042847052216529846,0.07710227370262146,0.12534333765506744,0.1707339584827423,0.19144544005393982,0.17023739218711853,0.11372464895248413,0.05535781383514404,0.07591580599546432,0.09347383677959442,0.10381272435188293,0.1129855141043663,0.11457514762878418,0.0998808741569519,0.09301839023828506,0.11250988394021988,0.12739917635917664,0.10551418364048004,0.0771009624004364,0.058049023151397705,0.0810641199350357,0.10239768028259277,0.09590747952461243,0.08297155797481537,0.08596941828727722,0.11078439652919769,0.11621041595935822,0.08203457295894623,0.06578138470649719,0.12058519572019577,0.12834332883358002,0.08078959584236145,0.07201601564884186,0.09417812526226044,0.06019917130470276,0.06999050825834274,0.08295373618602753,0.08353797346353531,0.09151680022478104,0.09141674637794495,0.08442961424589157,0.07882378995418549,0.07582144439220428,0.07742516696453094,0.07614002376794815,0.07373787462711334,MS
../data/DWT_NEW/MS/New_MS_193.wav,53.13019561767578,-34.83621597290039,34.258514404296875,-9.572249412536621,4.319704055786133,-5.029891014099121,4.324883937835693,-0.8704571723937988,-1.0119588375091553,-0.7757501602172852,-0.31345701217651367,1.5792627334594727,-0.8190875053405762,-1.252918004989624,-1.678400993347168,2.84735107421875,-3.340393543243408,2.2572388648986816,-1.9141018390655518,0.23736953735351562,0.04005134850740433,-0.21888881921768188,-0.413804292678833,0.29664576053619385,-0.2901926338672638,-0.5837171673774719,0.033402156084775925,-0.9668011665344238,0.7167509198188782,-0.6672323942184448,-0.435271292924881,1.9813232421875,-2.6299617290496826,1.2500574588775635,-0.2292311191558838,1.3875190019607544,0.25288140773773193,-1.3895119428634644,0.017903447151184082,-1.0988504886627197,0.18048247694969177,0.06203194335103035,0.04462277144193649,0.04387153685092926,0.06149112060666084,0.08415397256612778,0.10260104387998581,0.1105160340666771,0.10215239971876144,0.07563173770904541,0.04036508873105049,0.06409081816673279,0.13118314743041992,0.18864454329013824,0.21464592218399048,0.19210569560527802,0.12413202226161957,0.0832456573843956,0.1479000598192215,0.1894949972629547,0.16353073716163635,0.11374764144420624,0.12745577096939087,0.153403177857399,0.15901941061019897,0.16968737542629242,0.16327907145023346,0.14846721291542053,0.16509974002838135,0.1756724864244461,0.1808522492647171,0.17744973301887512,0.16517949104309082,0.15847529470920563,0.15634341537952423,0.15844038128852844,0.15959250926971436,0.15464313328266144,0.14835970103740692,0.1483916938304901,0.15636835992336273,0.14512154459953308,0.10487660765647888,0.08137881010770798,0.11621418595314026,0.12391047179698944,0.06764429062604904,0.0459325835108757,0.07714001834392548,0.025995779782533646,0.049822282046079636,0.06763527542352676,0.06211989000439644,0.07748634368181229,0.08089607208967209,0.07148447632789612,0.06537361443042755,0.06106515973806381,0.05257430300116539,0.03468338027596474,0.023019161075353622,MS
../data/DWT_NEW/MS/New_MS_082.wav,60.43096923828125,-49.934749603271484,20.35664176940918,-17.800846099853516,5.753113746643066,-3.120795726776123,-0.27877718210220337,2.157902240753174,1.0706167221069336,-4.35974645614624,3.983795642852783,1.742558240890503,-0.7067611813545227,1.9993925094604492,-4.523318767547607,4.000662803649902,-3.9892125129699707,2.3119049072265625,-2.244619846343994,-0.22668848931789398,-1.1255884170532227,-0.06281149387359619,-0.2265399694442749,-0.6037637591362,0.46893951296806335,-2.0836920738220215,0.8352378606796265,-1.265449047088623,-0.14945220947265625,0.07352063059806824,-0.6940155029296875,0.01639080047607422,-1.665693759918213,-0.4053930640220642,0.8540109395980835,1.1591426134109497,0.12628519535064697,-1.4404220581054688,-0.1783146858215332,-1.2224488258361816,0.20914356410503387,0.07000955194234848,0.075157031416893,0.07913517951965332,0.08234504610300064,0.08596108853816986,0.09246516972780228,0.10233845561742783,0.11297328025102615,0.12086711823940277,0.12150318920612335,0.11050029844045639,0.088200643658638,0.05973674729466438,0.027532508596777916,0.038519248366355896,0.07571877539157867,0.10978147387504578,0.13562260568141937,0.14665833115577698,0.13526561856269836,0.09964108467102051,0.05493670701980591,0.051117368042469025,0.05971575155854225,0.07927079498767853,0.12083645164966583,0.1204732209444046,0.07272522151470184,0.02934602089226246,0.07304598391056061,0.08894230425357819,0.07053005695343018,0.05591173842549324,0.08013306558132172,0.09327474236488342,0.07459588348865509,0.06436599791049957,0.060754068195819855,0.06251734495162964,0.07019972056150436,0.07018991559743881,0.06358031928539276,0.06399738788604736,0.07161344587802887,0.06937792897224426,0.05819763243198395,0.06281012296676636,0.05924668163061142,0.05309465900063515,0.05715794488787651,0.048890840262174606,0.049849383533000946,0.04633963853120804,0.04563276469707489,0.042020201683044434,0.039888519793748856,0.036119576543569565,0.0294911228120327,0.02773696556687355,0.03316188603639603,MS
../data/DWT_NEW/MS/New_MS_002.wav,51.11057662963867,-82.94416809082031,20.266704559326172,8.703434944152832,-12.373125076293945,-5.82298469543457,-14.85708999633789,-3.1194474697113037,-5.930318355560303,-3.7488460540771484,5.731685161590576,1.7626373767852783,9.435558319091797,1.572312831878662,3.305241584777832,-8.274093627929688,-3.8559675216674805,-5.472816467285156,-1.007866621017456,0.3172241449356079,-0.575199544429779,3.7896718978881836,-1.430767297744751,-2.2136363983154297,-1.1132137775421143,2.306267023086548,0.6900143623352051,1.0096906423568726,2.660735845565796,-4.891639709472656,-0.43154376745224,0.6448757648468018,-2.2577943801879883,3.3579859733581543,-0.04176531732082367,3.981694459915161,-2.1269173622131348,-2.2412109375,-0.7377926111221313,-1.564841389656067,0.2468980848789215,0.006095378194004297,0.006763847544789314,0.009731277823448181,0.015080031007528305,0.02233770862221718,0.030509384348988533,0.03863724693655968,0.046249449253082275,0.05339642986655235,0.05837132781744003,0.05729709565639496,0.048064835369586945,0.03190654516220093,0.01527833566069603,0.027790240943431854,0.040540531277656555,0.04545649513602257,0.04589108005166054,0.03422705829143524,0.04769887775182724,0.07860041409730911,0.07116611301898956,0.033645257353782654,0.03159760311245918,0.03939497843384743,0.05509907379746437,0.055375486612319946,0.053536444902420044,0.06737971305847168,0.06128447875380516,0.049036361277103424,0.05966377258300781,0.04379869997501373,0.03668300434947014,0.04128894954919815,0.03320232778787613,0.0549691766500473,0.05048542469739914,0.0931854173541069,0.11978499591350555,0.12376751750707626,0.16414451599121094,0.18276619911193848,0.14860400557518005,0.19398021697998047,0.18707212805747986,0.18976786732673645,0.11040762066841125,0.059387143701314926,0.056922681629657745,0.06929121911525726,0.03732086718082428,0.027084456756711006,0.06446073949337006,0.06050018593668938,0.022274266928434372,0.023922188207507133,0.021148813888430595,0.04024796187877655,0.028622517362236977,MS
../data/DWT_NEW/MS/New_MS_180.wav,63.84843444824219,-32.74776077270508,40.29790496826172,-9.62657356262207,1.1910886764526367,5.197643280029297,-5.018874168395996,3.6837291717529297,-3.43941593170166,-1.4670884609222412,0.8404655456542969,3.1792681217193604,-2.878154993057251,1.4085317850112915,-3.137141704559326,2.652888298034668,-2.5424249172210693,1.1293089389801025,-3.0849227905273438,3.752159357070923,-1.618882417678833,-0.9416456818580627,1.1676690578460693,-0.10683572292327881,-0.8638865947723389,-0.13652381300926208,0.21839463710784912,0.27472496032714844,-0.9096338748931885,-0.7349835634231567,1.1437991857528687,0.1061321571469307,-1.9510319232940674,1.7875983715057373,-1.563754916191101,3.6918416023254395,0.13173310458660126,-1.4148478507995605,-0.6711075305938721,-2.0203962326049805,0.1899036318063736,0.08882547914981842,0.06156689301133156,0.06000733748078346,0.0909435823559761,0.12877966463565826,0.158656507730484,0.1703467071056366,0.15528085827827454,0.1116957813501358,0.049669139087200165,0.08257335424423218,0.17195430397987366,0.24234575033187866,0.2658400535583496,0.22738197445869446,0.13449133932590485,0.0811147540807724,0.17126408219337463,0.22220413386821747,0.18496641516685486,0.11723241209983826,0.1669800877571106,0.20479026436805725,0.16391129791736603,0.15985268354415894,0.18951061367988586,0.1872720718383789,0.21152593195438385,0.21690520644187927,0.2105368673801422,0.20358607172966003,0.2024991512298584,0.1963740736246109,0.19103297591209412,0.1968356966972351,0.19391317665576935,0.1856679618358612,0.19176822900772095,0.20287054777145386,0.20545771718025208,0.18013465404510498,0.14169758558273315,0.14475935697555542,0.16805675625801086,0.16312585771083832,0.13291674852371216,0.11348128318786621,0.10885165631771088,0.09490574896335602,0.10067535936832428,0.09593331813812256,0.08871205896139145,0.0816991925239563,0.07508359849452972,0.06174358353018761,0.05000010132789612,0.04226980358362198,0.0332178920507431,0.026830773800611496,0.029611753299832344,MS
../data/DWT_NEW/MS/New_MS_077.wav,38.82373809814453,-47.346397399902344,45.7717170715332,-0.7946897745132446,-4.871313095092773,-2.4519546031951904,-0.8925343751907349,6.176990032196045,-3.3856356143951416,-0.03900015354156494,-0.759517252445221,2.673712730407715,-0.40757474303245544,-3.965230703353882,3.1127429008483887,0.6264480352401733,-3.668142080307007,0.9732080698013306,0.7129582166671753,0.5939080715179443,-0.6734758019447327,-1.441730260848999,1.134211540222168,0.6156398057937622,0.534824788570404,-0.5891596078872681,-0.12449860572814941,-0.10589611530303955,2.4242372512817383,-1.688297986984253,0.30316048860549927,1.0909279584884644,-2.5990052223205566,1.4754340648651123,0.10784459114074707,1.7491143941879272,0.36452174186706543,-2.089547634124756,-0.7403596639633179,-0.12609651684761047,0.17021682858467102,0.11684764921665192,0.11833760142326355,0.113597571849823,0.10035767406225204,0.07715249061584473,0.0457618311047554,0.01589311473071575,0.04690558463335037,0.08505220711231232,0.11347451061010361,0.1234617531299591,0.11349713802337646,0.093451127409935,0.08832110464572906,0.11254386603832245,0.1316712349653244,0.11880263686180115,0.07341362535953522,0.06493954360485077,0.12622307240962982,0.16106200218200684,0.14642025530338287,0.11614784598350525,0.1400177776813507,0.131532222032547,0.11121653020381927,0.12164832651615143,0.11614158004522324,0.10399150103330612,0.10997676104307175,0.1269431710243225,0.13159748911857605,0.12556470930576324,0.13322511315345764,0.1367700845003128,0.12624211609363556,0.1161549836397171,0.11357135325670242,0.11258725821971893,0.113942950963974,0.11123665422201157,0.10570305585861206,0.0995652973651886,0.09606650471687317,0.09426262974739075,0.08893661201000214,0.07792182266712189,0.06571797281503677,0.07250785827636719,0.07115015387535095,0.055693697184324265,0.057121261954307556,0.05330918729305267,0.05313628911972046,0.05175580084323883,0.04671470820903778,0.037991661578416824,0.031190577894449234,0.035528868436813354,0.041424766182899475,MS
../data/DWT_NEW/MS/New_MS_195.wav,57.82698440551758,-44.504150390625,28.648357391357422,-0.7312833070755005,-1.810118556022644,-0.509152889251709,3.1395668983459473,-0.6401607990264893,-0.8173891305923462,0.7036041021347046,-0.7131874561309814,2.206801414489746,1.057463526725769,-3.4033758640289307,1.2276917695999146,-0.2217576503753662,-1.3432267904281616,1.185736060142517,-1.576141357421875,0.5263431072235107,1.0014290809631348,-0.9333117604255676,1.1218721866607666,-0.15716946125030518,0.5525398254394531,0.4118955135345459,0.47660312056541443,-0.9212279319763184,1.3695348501205444,-1.3468399047851562,0.25664401054382324,1.1663405895233154,-2.3377718925476074,1.197126030921936,-0.8530890345573425,1.9909467697143555,0.5876220464706421,-0.5616183280944824,-1.3222527503967285,-1.162414789199829,0.18144138157367706,0.11681661009788513,0.11621370166540146,0.10995884984731674,0.09594954550266266,0.07263047248125076,0.04121896252036095,0.010718115605413914,0.04400712624192238,0.08494116365909576,0.11907953768968582,0.1393146514892578,0.1446806639432907,0.13742585480213165,0.12882399559020996,0.12850838899612427,0.12601256370544434,0.10368978977203369,0.0631815642118454,0.06798314303159714,0.12620647251605988,0.17165638506412506,0.19209827482700348,0.1970026046037674,0.18118631839752197,0.12457934021949768,0.07955105602741241,0.12286585569381714,0.15431569516658783,0.14136576652526855,0.10703810304403305,0.11035323143005371,0.1458226889371872,0.16475309431552887,0.16004380583763123,0.14992082118988037,0.1294567584991455,0.10526426881551743,0.09401977062225342,0.09867146611213684,0.10739480704069138,0.10113345086574554,0.08071139454841614,0.0660327598452568,0.0707535520195961,0.07031711935997009,0.04988730326294899,0.023442944511771202,0.021210413426160812,0.022248396649956703,0.014723843894898891,0.0012420787243172526,0.012403138913214207,0.020980333909392357,0.028571918606758118,0.035522349178791046,0.04377250745892525,0.04595973342657089,0.046428434550762177,0.05041709169745445,0.054622165858745575,MS
../data/DWT_NEW/MS/New_MS_103.wav,59.47828674316406,-36.63005447387695,47.3824577331543,-10.408876419067383,-15.814713478088379,3.6061437129974365,-3.8101725578308105,5.015379905700684,-2.1208558082580566,2.3896522521972656,1.666836142539978,-1.3222917318344116,5.0087890625,-6.37993049621582,-1.0403919219970703,0.8485662937164307,-0.49734562635421753,1.8338823318481445,-0.22063970565795898,-2.8130788803100586,-0.8866660594940186,2.668458938598633,0.3172047734260559,0.9956089854240417,0.4164021611213684,1.30918288230896,-1.0707050561904907,2.4044008255004883,-0.24773401021957397,-2.2406530380249023,-0.9437990188598633,-2.0158894062042236,1.233088493347168,0.71103835105896,0.30825576186180115,1.1927739381790161,0.4652836322784424,-0.16294431686401367,1.0949530601501465,-0.6048574447631836,0.19828282296657562,0.16201657056808472,0.1276988685131073,0.0782947987318039,0.024768482893705368,0.06325793266296387,0.12275921553373337,0.16580075025558472,0.18033501505851746,0.16462984681129456,0.12648719549179077,0.08486704528331757,0.07411551475524902,0.10277917981147766,0.12319367378950119,0.11189983785152435,0.06255750358104706,0.1292264312505722,0.23435527086257935,0.24512439966201782,0.15703240036964417,0.14431707561016083,0.16767075657844543,0.11964544653892517,0.10468362271785736,0.09309670329093933,0.09001238644123077,0.1628589928150177,0.2176438570022583,0.27976495027542114,0.2475830465555191,0.1295115351676941,0.06411420553922653,0.15735480189323425,0.19504885375499725,0.21122846007347107,0.1734049916267395,0.05502381920814514,0.1791672557592392,0.2238842397928238,0.1324118673801422,0.12394651770591736,0.23722437024116516,0.21490740776062012,0.1848841905593872,0.26786577701568604,0.23671305179595947,0.2471187710762024,0.24934396147727966,0.23736980557441711,0.24663367867469788,0.2420366257429123,0.25310930609703064,0.24071621894836426,0.22237378358840942,0.1951022744178772,0.18528878688812256,0.1982620656490326,0.19496670365333557,0.16656942665576935,0.14383167028427124,MS
../data/DWT_NEW/MS/New_MS_104.wav,58.296424865722656,-41.65517044067383,29.98314666748047,-21.16339874267578,-9.702199935913086,8.466947555541992,-10.954463958740234,5.587469100952148,-4.543632984161377,3.2525007724761963,3.170154094696045,-1.1293771266937256,0.03671947121620178,2.5791544914245605,0.7942589521408081,-0.7757007479667664,0.022609621286392212,1.3794400691986084,1.8671109676361084,-2.3262312412261963,-0.004839658737182617,2.8110737800598145,2.0381698608398438,0.0426364466547966,1.526412844657898,0.6575120687484741,-0.444283127784729,1.601747751235962,-2.094899892807007,-0.6280993819236755,-2.11352801322937,1.6294658184051514,1.8079029321670532,0.2790476381778717,1.737633466720581,-0.6305996179580688,0.8893152475357056,1.945233702659607,0.3613393008708954,0.595027506351471,0.19448478519916534,0.06023853272199631,0.04873240739107132,0.038141194730997086,0.023121140897274017,0.010365214198827744,0.045769378542900085,0.09255073219537735,0.13717687129974365,0.16633003950119019,0.1678996980190277,0.1366824060678482,0.08664613217115402,0.05544062703847885,0.06725064665079117,0.06704817712306976,0.048703454434871674,0.03955908119678497,0.07577164471149445,0.12576737999916077,0.13926169276237488,0.09960398077964783,0.0525720939040184,0.05164758488535881,0.071835957467556,0.08585071563720703,0.061992183327674866,0.05836257338523865,0.059912703931331635,0.12299568951129913,0.1459541916847229,0.10862800478935242,0.050683315843343735,0.05881523713469505,0.054280512034893036,0.07091226428747177,0.12157080322504044,0.0665581226348877,0.08674180507659912,0.1422961950302124,0.09619525820016861,0.09884446859359741,0.15393447875976562,0.14597606658935547,0.09245844930410385,0.17776840925216675,0.1403111219406128,0.12489541620016098,0.1609000563621521,0.10451269149780273,0.14937499165534973,0.12169137597084045,0.14859437942504883,0.1456494927406311,0.15901559591293335,0.1722690463066101,0.18085719645023346,0.1763826608657837,0.15350323915481567,0.1090884655714035,0.0692407637834549,MS
../data/DWT_NEW/MS/New_MS_149.wav,64.6111068725586,-58.048866271972656,11.557330131530762,-8.794949531555176,1.8624136447906494,5.704758644104004,-7.082659721374512,5.8620429039001465,-3.904144525527954,7.627322673797607,4.24384880065918,7.891156196594238,0.9812764525413513,-4.857443809509277,4.946843147277832,0.05177530646324158,-3.359745740890503,3.3937907218933105,-1.192307710647583,-1.978797197341919,2.4349329471588135,-1.77302086353302,1.0276459455490112,1.7178314924240112,0.8995757699012756,-0.37034130096435547,1.3425371646881104,-1.92464017868042,3.1253538131713867,0.6029764413833618,0.8618247509002686,-0.8071399927139282,-0.49179285764694214,1.744027853012085,0.5033878087997437,0.1852133870124817,0.7525611519813538,-2.2174079418182373,0.14385628700256348,-0.061546385288238525,0.20804715156555176,0.04025423154234886,0.05051556974649429,0.07766903191804886,0.10680875927209854,0.1313050091266632,0.14939171075820923,0.16077202558517456,0.16439449787139893,0.15856274962425232,0.13808190822601318,0.09943266212940216,0.053489476442337036,0.05140633508563042,0.0789092481136322,0.08180990815162659,0.05686463415622711,0.02806953713297844,0.04807361960411072,0.05983196571469307,0.0406852588057518,0.07393888384103775,0.11211949586868286,0.13956815004348755,0.1153908520936966,0.07801522314548492,0.115317702293396,0.08040356636047363,0.028494708240032196,0.028046419844031334,0.05735505744814873,0.07098458707332611,0.05945169925689697,0.08542715758085251,0.05827724188566208,0.031046397984027863,0.030234336853027344,0.041662488132715225,0.056881025433540344,0.04292507469654083,0.023997560143470764,0.053721897304058075,0.10459467768669128,0.08118660748004913,0.05464117228984833,0.07771830260753632,0.09076806902885437,0.06093946844339371,0.06053962558507919,0.06636832654476166,0.05868138372898102,0.057554036378860474,0.06914908438920975,0.08707982301712036,0.09199495613574982,0.11516577005386353,0.13988760113716125,0.1540195792913437,0.15800884366035461,0.17053337395191193,0.1994221955537796,MS
../data/DWT_NEW/MS/New_MS_091.wav,37.577789306640625,-37.79752731323242,42.252647399902344,-20.30200958251953,-3.914565086364746,3.9465861320495605,-11.789677619934082,8.760191917419434,-3.848160743713379,-3.2757840156555176,2.553779125213623,-2.828385829925537,-2.6832962036132812,-1.6661783456802368,0.29087817668914795,-1.5479496717453003,-0.8919224739074707,2.7902441024780273,-1.2567330598831177,-3.83762264251709,-0.7407004833221436,1.7018977403640747,1.5198423862457275,-0.03779733180999756,-1.0828955173492432,2.1362576484680176,-0.31296873092651367,-0.05842152237892151,0.4880203902721405,-1.8651297092437744,-1.9817394018173218,0.8304745554924011,-1.1987441778182983,1.3256220817565918,0.6173971891403198,0.07153691351413727,0.6597539782524109,0.6663905382156372,-1.4899940490722656,0.43821313977241516,0.16729067265987396,0.042914979159832,0.02665037102997303,0.014700825326144695,0.028318041935563087,0.0530291348695755,0.07915829867124557,0.10063932836055756,0.10937868058681488,0.09958035498857498,0.07125208526849747,0.04319249093532562,0.06461954861879349,0.07876565307378769,0.07564663141965866,0.049368537962436676,0.044104017317295074,0.10661694407463074,0.1745041459798813,0.20557667315006256,0.16998693346977234,0.09256760776042938,0.03600246459245682,0.04982898384332657,0.06680162250995636,0.07253904640674591,0.10763036459684372,0.10956787317991257,0.12904703617095947,0.19805613160133362,0.19132646918296814,0.1172039806842804,0.06479967385530472,0.11297528445720673,0.12437449395656586,0.15870775282382965,0.17826774716377258,0.09798762947320938,0.12823468446731567,0.1901073455810547,0.15906913578510284,0.12286942452192307,0.1473061740398407,0.15762193500995636,0.10037604719400406,0.13884784281253815,0.12402297556400299,0.1367073357105255,0.17591437697410583,0.17848318815231323,0.2202976644039154,0.20682421326637268,0.2030467391014099,0.15956521034240723,0.10811714082956314,0.11311360448598862,0.11438171565532684,0.09852404147386551,0.08160658180713654,0.07991194725036621,0.10442765057086945,MS
../data/DWT_NEW/MS/New_MS_176.wav,45.70344161987305,-48.06882858276367,9.491464614868164,-39.30024719238281,10.707391738891602,-7.897793769836426,7.507526397705078,-7.798611640930176,4.6923933029174805,-0.04198014736175537,-0.6382108926773071,-1.9448455572128296,2.55361270904541,-1.7938002347946167,-1.2876791954040527,-0.4202229380607605,0.7853127717971802,-0.8145627379417419,-1.9612418413162231,1.7354153394699097,-0.3077288568019867,-0.3982175290584564,-0.7993257641792297,-0.7564330101013184,-0.6786199808120728,-1.7807475328445435,1.9166295528411865,-0.8523885607719421,0.026188142597675323,0.6313523650169373,-1.5396078824996948,0.45224952697753906,1.4350409507751465,0.5845382213592529,-0.9809132218360901,0.07902461290359497,-0.5499264597892761,-0.6280608773231506,-1.6347826719284058,-1.5278784036636353,0.23949995636940002,0.031152550131082535,0.03478855639696121,0.03828161582350731,0.04110463708639145,0.042722828686237335,0.043104059994220734,0.04193640127778053,0.03897842392325401,0.03474658355116844,0.029620636254549026,0.024303309619426727,0.024815261363983154,0.03972065448760986,0.05989959090948105,0.07597213983535767,0.08142609894275665,0.07277411222457886,0.05544353276491165,0.045804817229509354,0.04904506355524063,0.04513469710946083,0.04074485972523689,0.05668354779481888,0.061387501657009125,0.05498800426721573,0.04524243250489235,0.051220864057540894,0.06110348552465439,0.05371883139014244,0.03781743720173836,0.059824101626873016,0.07518485188484192,0.0618167370557785,0.04693415388464928,0.051312681287527084,0.0462334007024765,0.0526752695441246,0.06483811140060425,0.046390600502491,0.0648500919342041,0.07271159440279007,0.06479078531265259,0.05546799674630165,0.07715383917093277,0.07985300570726395,0.08315392583608627,0.10853376239538193,0.10812801867723465,0.11007966101169586,0.13062220811843872,0.1353376805782318,0.15059293806552887,0.16748681664466858,0.19000586867332458,0.20749400556087494,0.21945524215698242,0.22813884913921356,0.2350636124610901,0.2423315793275833,0.24891619384288788,MS
../data/DWT_NEW/MS/New_MS_048.wav,58.319580078125,-40.6851921081543,33.76805114746094,-11.14010238647461,-2.1111063957214355,-1.6479436159133911,5.136516094207764,-3.282280921936035,0.8700018525123596,-1.7501957416534424,-1.5072262287139893,2.3860855102539062,1.4351980686187744,-3.1186580657958984,0.18576592206954956,2.45938777923584,-4.031469345092773,1.8863545656204224,-2.3664026260375977,2.244211196899414,-0.9146736860275269,-1.492814302444458,0.5410976409912109,0.5183066129684448,-0.23727869987487793,-0.7371453046798706,0.5828452706336975,-1.422728419303894,0.9649304151535034,-0.8743089437484741,0.037859801203012466,0.312738835811615,-0.9447098970413208,0.19098412990570068,0.4556660056114197,1.0419543981552124,0.3073599934577942,-1.690110445022583,0.027754127979278564,-1.665461778640747,0.19011718034744263,0.10526123642921448,0.11055352538824081,0.1102791428565979,0.10403136163949966,0.09404954314231873,0.08889187127351761,0.09853363037109375,0.12189538776874542,0.147997185587883,0.16473987698554993,0.1614772379398346,0.13578909635543823,0.09645906090736389,0.07238985598087311,0.10927771031856537,0.15198707580566406,0.16862241923809052,0.15813153982162476,0.13878142833709717,0.1256338506937027,0.10048101842403412,0.06167597323656082,0.08482494205236435,0.10785747319459915,0.09758596867322922,0.13737410306930542,0.14513027667999268,0.10952048003673553,0.10747136920690536,0.12970717251300812,0.10670514404773712,0.09075524657964706,0.0939808338880539,0.11917954683303833,0.12549477815628052,0.10812918841838837,0.10476359724998474,0.10910307615995407,0.11197582632303238,0.11376497894525528,0.10805225372314453,0.09608670324087143,0.10401901602745056,0.1106918528676033,0.10366623848676682,0.09231489896774292,0.09917374700307846,0.09442731738090515,0.08117243647575378,0.08280177414417267,0.06719280034303665,0.06526339054107666,0.05617368221282959,0.05331287905573845,0.0495237335562706,0.04779389128088951,0.03980597108602524,0.03293309733271599,0.033603474497795105,0.03605912625789642,MS
../data/DWT_NEW/MS/New_MS_037.wav,59.79127502441406,-35.11192321777344,29.034502029418945,-12.424544334411621,1.2184031009674072,-1.548133134841919,-6.119153022766113,7.934064865112305,-4.445888519287109,-0.7023788690567017,-2.4829494953155518,5.396170616149902,-3.297196865081787,2.53713321685791,-2.641434669494629,2.0806326866149902,-2.914825439453125,1.27077317237854,-2.408555507659912,1.602125883102417,-2.021111488342285,0.9292333722114563,-0.7436113357543945,-0.34871506690979004,0.09951800107955933,-0.37847062945365906,-0.5501590967178345,-0.13604629039764404,-0.06329345703125,-0.9501404762268066,0.7220183610916138,0.46523517370224,-2.2833499908447266,2.218198299407959,-1.710925579071045,2.73592472076416,-0.9275906085968018,-0.6518863439559937,-0.9637382626533508,-0.1774558126926422,0.17637361586093903,0.10047966986894608,0.10996843129396439,0.11659809947013855,0.1200333684682846,0.12116734683513641,0.12371361255645752,0.130122572183609,0.13922426104545593,0.14720755815505981,0.14749354124069214,0.13324016332626343,0.10396939516067505,0.06847633421421051,0.047218065708875656,0.08319531381130219,0.12843230366706848,0.16126251220703125,0.17540107667446136,0.1689714789390564,0.143225759267807,0.10077638179063797,0.05390195548534393,0.08710392564535141,0.1178593784570694,0.13020436465740204,0.15246589481830597,0.13540738821029663,0.08046942949295044,0.0853307694196701,0.12378621101379395,0.11945962905883789,0.0815577358007431,0.08510714769363403,0.1175137460231781,0.12134911864995956,0.10129441320896149,0.09892512857913971,0.09249106794595718,0.10164389759302139,0.11306899785995483,0.11519502103328705,0.10530673712491989,0.10370349884033203,0.11090056598186493,0.10856077820062637,0.09967782348394394,0.10361242294311523,0.10065782815217972,0.08329039067029953,0.08963100612163544,0.07895100861787796,0.07863885909318924,0.07223512977361679,0.06755369901657104,0.06232263147830963,0.059514500200748444,0.04914933443069458,0.03877037763595581,0.0356726348400116,0.03579090163111687,MS
../data/DWT_NEW/MS/New_MS_060.wav,49.668514251708984,-26.415142059326172,58.861549377441406,-10.422237396240234,-2.9070072174072266,-3.200904369354248,4.45050573348999,3.589336395263672,-6.762933731079102,-2.709582805633545,7.014448165893555,1.5312659740447998,-5.664068698883057,2.633695602416992,-3.8957407474517822,3.7710800170898438,-2.2512903213500977,1.263504147529602,-1.9813977479934692,2.632528066635132,-2.971342086791992,0.822579026222229,0.6272821426391602,-0.6006575226783752,0.08861808478832245,0.22829338908195496,0.27553126215934753,-0.844865083694458,-0.05746591091156006,0.4136494994163513,0.8143571019172668,0.09174370765686035,-1.7311164140701294,0.9927955865859985,-0.811862051486969,2.518461227416992,0.5659714341163635,-0.6744314432144165,0.13171613216400146,-1.2655742168426514,0.19077403843402863,0.19773146510124207,0.20163756608963013,0.19404053688049316,0.17237624526023865,0.13557732105255127,0.08989383280277252,0.06471709907054901,0.1107492744922638,0.1790047287940979,0.23694682121276855,0.2621462345123291,0.241423100233078,0.168565034866333,0.08480578660964966,0.13401181995868683,0.21357692778110504,0.22670069336891174,0.1608632206916809,0.1132986918091774,0.21695303916931152,0.25485625863075256,0.19838976860046387,0.15450161695480347,0.20501329004764557,0.19361528754234314,0.1784825325012207,0.23374751210212708,0.23833279311656952,0.22399210929870605,0.20995929837226868,0.20992057025432587,0.2180248200893402,0.21069130301475525,0.19656318426132202,0.20283617079257965,0.22017058730125427,0.21555742621421814,0.20415008068084717,0.19766199588775635,0.19845277070999146,0.19752810895442963,0.17764544486999512,0.1529361605644226,0.16564838588237762,0.1785479038953781,0.15407794713974,0.10669279098510742,0.1320619285106659,0.11838975548744202,0.09249605238437653,0.09999550879001617,0.09058762341737747,0.0924854502081871,0.08987786620855331,0.08234760910272598,0.07265228033065796,0.06807070970535278,0.06445319950580597,0.05081846937537193,0.04149553179740906,MS
../data/DWT_NEW/MS/New_MS_063.wav,52.98211669921875,-37.33272933959961,37.57431411743164,-13.937604904174805,3.833191394805908,-3.492492198944092,-0.6627575755119324,2.3188745975494385,-1.4890180826187134,-2.431180715560913,2.531773567199707,2.443971872329712,-1.2038285732269287,-2.0169992446899414,-1.295830488204956,1.585595726966858,-2.921229362487793,3.213434934616089,-1.9132122993469238,0.12778429687023163,1.1883490085601807,-1.0800864696502686,-0.9789637923240662,1.8839666843414307,-2.0018773078918457,0.09249970316886902,0.1330561637878418,-0.7863429188728333,1.0491588115692139,-0.6228947639465332,-0.05760931968688965,1.296760082244873,-1.9854066371917725,0.7715291976928711,-0.012251004576683044,0.9476474523544312,1.3448129892349243,-0.960758626461029,-0.5652977824211121,-0.39272546768188477,0.18625472486019135,0.06982836127281189,0.07666899263858795,0.0973280519247055,0.12562787532806396,0.1536908596754074,0.17539584636688232,0.18426932394504547,0.17452770471572876,0.1460692286491394,0.10390119254589081,0.06643355637788773,0.07802402973175049,0.10866708308458328,0.11938810348510742,0.09921581298112869,0.05525384098291397,0.07468333095312119,0.14535778760910034,0.18990275263786316,0.1784425675868988,0.11946868896484375,0.09650474041700363,0.11945324391126633,0.10665304213762283,0.1432824432849884,0.17131853103637695,0.14694802463054657,0.11678995937108994,0.11010922491550446,0.14222796261310577,0.16787593066692352,0.1604650914669037,0.13715562224388123,0.13172586262226105,0.12675723433494568,0.12811455130577087,0.14858807623386383,0.164640411734581,0.1566954255104065,0.13206931948661804,0.123451828956604,0.13390827178955078,0.1240280494093895,0.10128352046012878,0.13161486387252808,0.13416916131973267,0.08364292979240417,0.11083908379077911,0.11866623163223267,0.07779563218355179,0.08242293447256088,0.0742892175912857,0.08239828050136566,0.09340345859527588,0.09431670606136322,0.08901914954185486,0.07797262817621231,0.07072985172271729,0.0644119381904602,0.05893164128065109,MS
../data/DWT_NEW/MS/New_MS_139.wav,101.17399597167969,-38.5152473449707,-1.1325377225875854,-18.545438766479492,5.055434703826904,-0.12239974737167358,-3.8250222206115723,2.5992074012756348,-1.5585777759552002,-0.6292250156402588,-2.4613142013549805,3.4169249534606934,1.4715849161148071,-5.12762451171875,3.8997113704681396,-0.46632659435272217,-0.31505072116851807,-0.20677441358566284,2.023374557495117,-1.0983898639678955,-0.24243605136871338,2.7746238708496094,-2.7944841384887695,4.125849723815918,-1.7342658042907715,1.6644775867462158,-1.590323567390442,0.1689559817314148,0.22500666975975037,-1.275118350982666,0.9870760440826416,-0.8550810813903809,0.708655834197998,-1.2318518161773682,1.1110999584197998,-0.3263617753982544,1.5103554725646973,-0.32613757252693176,0.839171826839447,0.05461472272872925,0.22755084931850433,0.012741237878799438,0.01542411744594574,0.03999720513820648,0.07851628959178925,0.12168465554714203,0.158547043800354,0.17751258611679077,0.17007654905319214,0.13720840215682983,0.08659116178750992,0.03816508874297142,0.05996701493859291,0.08465056121349335,0.09392726421356201,0.1164645254611969,0.14165355265140533,0.13482666015625,0.09966596961021423,0.05959510803222656,0.03478902578353882,0.08726675808429718,0.14099568128585815,0.12932178378105164,0.08639639616012573,0.11534623056650162,0.19103756546974182,0.18978628516197205,0.1190156415104866,0.08264937251806259,0.0996410995721817,0.050470225512981415,0.0945291817188263,0.1874106377363205,0.1908682882785797,0.17683002352714539,0.13304868340492249,0.07972448319196701,0.13254693150520325,0.18482926487922668,0.20201116800308228,0.151219442486763,0.10930587351322174,0.19071435928344727,0.21086055040359497,0.15598732233047485,0.17463836073875427,0.20434406399726868,0.1923789083957672,0.20587721467018127,0.21571515500545502,0.22267621755599976,0.2256816327571869,0.24022537469863892,0.2407461404800415,0.25065624713897705,0.25734758377075195,0.27327823638916016,0.29917359352111816,0.31900495290756226,0.3260761499404907,MS
../data/DWT_NEW/MS/New_MS_135.wav,78.18431091308594,-59.664791107177734,2.369312286376953,-15.175910949707031,0.13866102695465088,4.592685699462891,-6.184640884399414,6.027287006378174,-3.762942314147949,5.816126823425293,-1.218151330947876,4.559935092926025,2.2073373794555664,-4.682688236236572,4.338047981262207,-1.48098886013031,-2.3992037773132324,4.83923864364624,-1.6136600971221924,0.6105245351791382,2.6215291023254395,-2.9571776390075684,2.322415351867676,2.3336825370788574,1.9690779447555542,1.1369551420211792,-0.5139450430870056,-2.2112536430358887,1.6062469482421875,0.921390175819397,0.275563508272171,-0.7556643486022949,-0.5329001545906067,1.478919506072998,0.5171532034873962,1.018118977546692,0.9390519261360168,-0.6795119643211365,1.473064661026001,0.37931573390960693,0.2302716225385666,0.02385609783232212,0.03394514322280884,0.053415365517139435,0.07556265592575073,0.09689664840698242,0.11421798914670944,0.12367285788059235,0.12315034866333008,0.11641733348369598,0.10641118884086609,0.08657599240541458,0.05182018131017685,0.05066743120551109,0.09266228973865509,0.0998731404542923,0.06337803602218628,0.029396727681159973,0.0411187969148159,0.026183411478996277,0.008559230715036392,0.05654656141996384,0.10452331602573395,0.10864907503128052,0.07746870815753937,0.06915690004825592,0.10721816122531891,0.07460358738899231,0.038023386150598526,0.04559454321861267,0.055269964039325714,0.03588514029979706,0.05013863742351532,0.07381398975849152,0.05670812726020813,0.05680257827043533,0.06255409121513367,0.08558391034603119,0.07886302471160889,0.061843302100896835,0.04613696038722992,0.07427597045898438,0.10696473717689514,0.10642257332801819,0.08597753196954727,0.1153528168797493,0.13880661129951477,0.11470215022563934,0.09038089960813522,0.131998211145401,0.1176980659365654,0.09534177929162979,0.11459248512983322,0.12619078159332275,0.13307282328605652,0.16106557846069336,0.18257102370262146,0.2029578685760498,0.2106773853302002,0.2143629789352417,0.21669495105743408,MS
../data/DWT_NEW/MS/New_MS_145.wav,122.62222290039062,-47.006080627441406,7.729028701782227,-14.419591903686523,-1.006758213043213,6.702016830444336,-7.10184383392334,0.6449906826019287,-5.410702705383301,0.3502359986305237,-1.8342959880828857,-0.7013399600982666,2.5483484268188477,1.4696379899978638,4.315889835357666,-4.487026214599609,3.3370890617370605,0.058603137731552124,-0.15939047932624817,-0.19883590936660767,2.411604881286621,-1.4891164302825928,0.9922827482223511,0.5169702172279358,0.27801087498664856,0.30293774604797363,-0.5116662979125977,2.100128173828125,0.5540562868118286,1.3845770359039307,0.4643824100494385,0.8462510704994202,0.4227801561355591,0.4667896032333374,0.48501068353652954,0.8603231906890869,0.3407509922981262,0.8579268455505371,0.6412932276725769,0.534652590751648,0.3211890757083893,0.16179218888282776,0.15792196989059448,0.15771371126174927,0.1552741825580597,0.1410815268754959,0.10922007262706757,0.059807054698467255,0.030855713412165642,0.08881542831659317,0.14328444004058838,0.1803990751504898,0.20396006107330322,0.2122851014137268,0.19345605373382568,0.14599643647670746,0.09404974430799484,0.07272972166538239,0.09013326466083527,0.0932416021823883,0.05620841681957245,0.0494316965341568,0.08850130438804626,0.18474474549293518,0.2244485318660736,0.1854889690876007,0.13029243052005768,0.1062796413898468,0.1831381469964981,0.1685527116060257,0.1299300640821457,0.15219458937644958,0.1311189830303192,0.2072736918926239,0.24004191160202026,0.15643148124217987,0.14097315073013306,0.18149718642234802,0.2131129503250122,0.15005426108837128,0.1888766586780548,0.16767618060112,0.17430587112903595,0.1857377290725708,0.11920713633298874,0.1456483155488968,0.1473541259765625,0.09279602766036987,0.12569358944892883,0.1380956918001175,0.11501657962799072,0.1877589225769043,0.17819419503211975,0.21550676226615906,0.24264346063137054,0.27096009254455566,0.29641738533973694,0.3151121437549591,0.3451938331127167,0.36872726678848267,0.3832530677318573,MS
../data/DWT_NEW/MS/New_MS_050.wav,62.64293670654297,-34.888092041015625,44.807823181152344,-22.434589385986328,-1.9312615394592285,12.659714698791504,-15.784221649169922,12.442014694213867,-5.478508949279785,1.9483416080474854,-0.25590285658836365,-1.1967003345489502,0.22893443703651428,-0.4511818289756775,-1.969999074935913,0.4710559844970703,0.6082191467285156,-0.09563648700714111,1.6041500568389893,-2.04715633392334,-1.7302424907684326,-2.57429575920105,0.181196928024292,1.1030077934265137,0.9576618671417236,-2.0048694610595703,-4.4026594161987305,-4.936286449432373,-0.9727842807769775,-1.2310349941253662,-1.1686182022094727,1.150168776512146,-0.9995669722557068,1.3923511505126953,0.34701237082481384,-4.086165428161621,-1.4729228019714355,0.7805269360542297,-0.763013482093811,-3.154695510864258,0.23158983886241913,0.029683120548725128,0.025704244151711464,0.04314505308866501,0.08133424818515778,0.12595389783382416,0.16424784064292908,0.18154367804527283,0.16408614814281464,0.10935701429843903,0.03826100006699562,0.08055761456489563,0.12779459357261658,0.10633400082588196,0.05937372148036957,0.17447175085544586,0.29688334465026855,0.32475942373275757,0.24392040073871613,0.11669716238975525,0.01892728917300701,0.05158020555973053,0.07044892013072968,0.18663151562213898,0.33802124857902527,0.34972646832466125,0.23887673020362854,0.1468314528465271,0.13834482431411743,0.1266615092754364,0.09596885740756989,0.09226281940937042,0.21266412734985352,0.2934751510620117,0.21831029653549194,0.037673722952604294,0.15969118475914001,0.23731127381324768,0.24537253379821777,0.18588754534721375,0.1402241289615631,0.25325554609298706,0.2493719607591629,0.17693030834197998,0.23254317045211792,0.24697566032409668,0.2006377875804901,0.22436830401420593,0.20443053543567657,0.2141278088092804,0.23217374086380005,0.26455608010292053,0.25919896364212036,0.22472482919692993,0.22764578461647034,0.23692315816879272,0.23281559348106384,0.24807435274124146,0.2506781220436096,0.2353266030550003,0.23443837463855743,MS
../data/DWT_NEW/MS/New_MS_146.wav,109.81817626953125,-49.5401611328125,5.497082233428955,-9.007359504699707,7.009751796722412,0.48319685459136963,-6.02639102935791,3.9769043922424316,-3.097658157348633,0.6328773498535156,-0.9551412463188171,-4.169914722442627,0.967147946357727,0.7016280889511108,-1.10618257522583,-1.698937177658081,2.8214402198791504,-0.04377955198287964,-3.010823965072632,4.428258895874023,-1.2143516540527344,0.6938173770904541,2.474048137664795,-2.543616771697998,-0.511737585067749,-1.4733463525772095,1.9938702583312988,0.5267987251281738,2.6036629676818848,-0.815333366394043,2.9964330196380615,0.3036555051803589,1.1231443881988525,1.082311987876892,0.3618260622024536,0.27160775661468506,-0.37037158012390137,1.3099864721298218,-0.20729482173919678,1.399237871170044,0.2885664999485016,0.02636040188372135,0.08398377895355225,0.1393895149230957,0.17224809527397156,0.1675269901752472,0.11948056519031525,0.04344113543629646,0.10121022164821625,0.19254185259342194,0.2348361611366272,0.20258823037147522,0.11281998455524445,0.04239629954099655,0.0860583484172821,0.09926566481590271,0.08444905281066895,0.05166853591799736,0.050622180104255676,0.06642498075962067,0.08917507529258728,0.12697486579418182,0.1630702018737793,0.24835887551307678,0.22477930784225464,0.15740841627120972,0.13687613606452942,0.18062543869018555,0.15112753212451935,0.14810897409915924,0.16812478005886078,0.1485399454832077,0.15665404498577118,0.2766607999801636,0.2538878619670868,0.12835389375686646,0.10016417503356934,0.18692031502723694,0.24627430737018585,0.1811295747756958,0.18158729374408722,0.15143346786499023,0.1729755699634552,0.22959807515144348,0.12413392961025238,0.1371604949235916,0.19466502964496613,0.154185950756073,0.15812695026397705,0.17589807510375977,0.162283793091774,0.17825517058372498,0.17895369231700897,0.1882207691669464,0.19980081915855408,0.20935475826263428,0.2192920595407486,0.2422925978899002,0.27715548872947693,0.3147701621055603,0.33969348669052124,MS
../data/DWT_NEW/MS/New_MS_025.wav,50.36161804199219,-59.65148162841797,11.696401596069336,-14.390628814697266,4.377251625061035,-3.3638267517089844,2.1340999603271484,2.1552646160125732,-0.18111658096313477,1.4141210317611694,-0.18435855209827423,2.943223714828491,-2.539130210876465,1.6808640956878662,-4.516657829284668,4.039910316467285,-3.3914289474487305,3.2125608921051025,-2.717825174331665,2.1996002197265625,-1.560134768486023,0.2479756623506546,0.6041415333747864,-0.16711336374282837,0.47829359769821167,-0.8353742361068726,1.1379271745681763,-1.3257606029510498,0.6321691274642944,-0.47231847047805786,-0.6627739667892456,0.6187344193458557,-2.0796329975128174,0.192033588886261,-0.24299860000610352,-0.1426798701286316,-0.22064164280891418,-2.275352716445923,-0.4957566559314728,-0.6050995588302612,0.19080613553524017,0.0416012667119503,0.030221926048398018,0.022689612582325935,0.026190998032689095,0.037165045738220215,0.04819613695144653,0.05498781055212021,0.0544358529150486,0.0456090047955513,0.030517255887389183,0.02500447817146778,0.046564001590013504,0.06999067962169647,0.08073145151138306,0.07280221581459045,0.047293342649936676,0.029285240918397903,0.06135066598653793,0.08320868015289307,0.08209706097841263,0.07055187970399857,0.08563515543937683,0.09840400516986847,0.08417554944753647,0.05819788575172424,0.05125124007463455,0.05087510123848915,0.0495910681784153,0.04973254352807999,0.0515003576874733,0.05524904280900955,0.055849600583314896,0.06194164231419563,0.06920720636844635,0.0718536451458931,0.06476534157991409,0.05315292999148369,0.047459546476602554,0.051390137523412704,0.061573147773742676,0.06224026530981064,0.05154743045568466,0.04629836231470108,0.056052401661872864,0.059471748769283295,0.04857581853866577,0.04450269788503647,0.050582561641931534,0.04761626198887825,0.046532146632671356,0.03813070058822632,0.040940072387456894,0.03804969787597656,0.037569865584373474,0.0382048599421978,0.041202738881111145,0.038241781294345856,0.028593778610229492,0.024795088917016983,0.027478069067001343,MS
../data/DWT_NEW/MS/New_MS_121.wav,-17.313846588134766,-87.45443725585938,45.167572021484375,-12.205302238464355,0.08331775665283203,1.5108616352081299,-3.0744071006774902,-0.5977979898452759,-1.7738418579101562,3.4223029613494873,-9.038524627685547,-0.7374497652053833,2.974419593811035,-0.07369428873062134,-2.504408359527588,3.690211772918701,-1.5779818296432495,-5.118517875671387,0.9464823007583618,1.0261645317077637,0.9798572063446045,-0.9204341173171997,0.06893351674079895,-1.165942668914795,1.6370556354522705,1.1547300815582275,-2.8385534286499023,1.603158950805664,2.2474863529205322,-1.1678493022918701,0.28433799743652344,-0.028755486011505127,-3.1128532886505127,0.8664392828941345,1.0079365968704224,-3.9822912216186523,-1.889730453491211,-0.24793758988380432,-2.522824287414551,1.6448506116867065,0.18563760817050934,0.03784029930830002,0.04011183977127075,0.039568305015563965,0.035491280257701874,0.027613017708063126,0.017130039632320404,0.008523900993168354,0.015180297195911407,0.023983146995306015,0.027682889252901077,0.023812096565961838,0.013550940901041031,0.0076268697157502174,0.01953963190317154,0.029909204691648483,0.0375005304813385,0.04320632666349411,0.04135407507419586,0.02784556895494461,0.028533894568681717,0.04833870008587837,0.04954727739095688,0.03381782025098801,0.04225131869316101,0.04147426784038544,0.028785426169633865,0.020770171657204628,0.024863243103027344,0.037447426468133926,0.047233857214450836,0.054434072226285934,0.05708565190434456,0.05567730963230133,0.049245741218328476,0.04216951131820679,0.04346355050802231,0.0445859432220459,0.03913360834121704,0.03531096130609512,0.036858610808849335,0.044200487434864044,0.04355379939079285,0.03020426444709301,0.03818029165267944,0.04226201772689819,0.03353658318519592,0.020360874012112617,0.025849636644124985,0.025888022035360336,0.02952147275209427,0.02504289336502552,0.022816577926278114,0.028394004330039024,0.032877322286367416,0.030589081346988678,0.023258687928318977,0.0227646604180336,0.02369404211640358,0.016941290348768234,0.02063763327896595,MS
../data/DWT_NEW/MS/New_MS_128.wav,22.097347259521484,-76.24017333984375,31.97867774963379,-9.125564575195312,-14.586991310119629,14.61157512664795,-6.640744209289551,0.10522890090942383,6.179481029510498,-4.637584686279297,-4.522449493408203,3.744497537612915,-1.8740746974945068,0.46956509351730347,0.9422940015792847,-4.701637268066406,1.1393224000930786,-0.8049221038818359,0.7504735589027405,-0.5228884220123291,-2.9901018142700195,2.100210666656494,-2.3634543418884277,1.405366063117981,-0.46866294741630554,-0.9618170857429504,-0.33220580220222473,-1.0493314266204834,1.1005966663360596,-0.32122722268104553,0.7443904876708984,0.6128715872764587,-1.4085321426391602,-0.3676936626434326,0.7465152740478516,-2.38714599609375,-1.3134998083114624,1.0938714742660522,-1.9855480194091797,1.0346633195877075,0.2029356062412262,0.01667645573616028,0.012670813128352165,0.014513187110424042,0.01900714635848999,0.021209143102169037,0.018687857314944267,0.013376867398619652,0.018172506242990494,0.030525781214237213,0.03994999825954437,0.04594448208808899,0.05581315606832504,0.06934459507465363,0.07826345413923264,0.07172826677560806,0.04915124922990799,0.041345689445734024,0.06004074960947037,0.05250035226345062,0.043100506067276,0.041494958102703094,0.04707195609807968,0.06471104919910431,0.04160261154174805,0.03653046116232872,0.041294652968645096,0.0462380014359951,0.06266563385725021,0.07546501606702805,0.06464073061943054,0.03761037439107895,0.054390352219343185,0.06345242261886597,0.05385009944438934,0.0544256754219532,0.030773693695664406,0.048112232238054276,0.01724923402070999,0.05207379534840584,0.045192915946245193,0.04708712548017502,0.028278106823563576,0.022524189203977585,0.051124315708875656,0.02864842489361763,0.03883522003889084,0.05247223377227783,0.030395712703466415,0.045101962983608246,0.046480484306812286,0.03183923661708832,0.0485246405005455,0.02746553346514702,0.02823682315647602,0.03733827918767929,0.04788683354854584,0.05057713761925697,0.046605028212070465,0.04391082748770714,0.05089718475937843,MS
../data/DWT_NEW/MS/New_MS_181.wav,56.65696716308594,-36.92448806762695,37.49794006347656,-9.407876014709473,-6.040619373321533,2.906656503677368,-1.8162846565246582,4.435816764831543,-3.717644214630127,-3.247183084487915,3.4519007205963135,-1.7403299808502197,1.3341294527053833,-3.541961669921875,3.4236583709716797,-0.4981563091278076,-2.4774701595306396,-0.4471243619918823,-0.6594225168228149,0.2760339379310608,0.6990010738372803,-2.301426887512207,0.9627350568771362,0.8952096700668335,-1.8739515542984009,0.11566368490457535,0.4463425874710083,-1.028899073600769,-1.175128698348999,-0.421184778213501,0.005908966064453125,1.7054667472839355,-2.2883784770965576,1.055517554283142,-0.7276528477668762,2.937511920928955,-0.29040274024009705,-1.9795773029327393,-0.072243332862854,-1.8686327934265137,0.18307264149188995,0.11600726842880249,0.11134248226881027,0.10201828181743622,0.08856165409088135,0.0697280541062355,0.04374100640416145,0.009536482393741608,0.04382657632231712,0.10156223922967911,0.15791505575180054,0.19389787316322327,0.1912318766117096,0.1370597630739212,0.046612273901700974,0.09753834456205368,0.19038905203342438,0.21224075555801392,0.15563033521175385,0.12172120064496994,0.17551274597644806,0.1709611415863037,0.0893949568271637,0.042642440646886826,0.06645594537258148,0.07994065433740616,0.11614305526018143,0.1739000380039215,0.197037473320961,0.1995939165353775,0.1948302537202835,0.17705868184566498,0.1298677623271942,0.08990892022848129,0.11158215254545212,0.16403450071811676,0.1892349272966385,0.16485396027565002,0.11213997006416321,0.11113191395998001,0.1661163866519928,0.17930254340171814,0.10721252858638763,0.034901320934295654,0.15480947494506836,0.18243683874607086,0.0872826799750328,0.06312905251979828,0.1266840249300003,0.08261016011238098,0.1095917597413063,0.13947640359401703,0.14938567578792572,0.17500296235084534,0.1897086501121521,0.18529820442199707,0.17107327282428741,0.15887032449245453,0.15823063254356384,0.15401402115821838,0.14454108476638794,MS
../data/DWT_NEW/MS/New_MS_015.wav,1.2364161014556885,-133.05484008789062,5.630120277404785,-28.803146362304688,7.119396209716797,-15.58689022064209,4.11152458190918,-4.445763111114502,-3.1812386512756348,0.869074821472168,-4.459723472595215,5.615277290344238,-1.0094987154006958,2.1392180919647217,-0.9649152755737305,-2.055677890777588,0.4734308421611786,-2.2599363327026367,1.7308757305145264,0.3253890872001648,1.1248111724853516,3.0688579082489014,-1.3848621845245361,-0.4952702522277832,2.525765895843506,-1.2314666509628296,-0.936379075050354,1.2201223373413086,-2.5070714950561523,0.20427346229553223,-0.18401122093200684,-1.1855686902999878,0.9255997538566589,-1.354759931564331,-0.1343250870704651,-0.1320686787366867,-0.7485505938529968,0.9616106152534485,-0.6936376094818115,1.3146982192993164,0.38159841299057007,0.0076494477689266205,0.009303202852606773,0.010755788534879684,0.011598415672779083,0.011523088440299034,0.010585656389594078,0.00892909150570631,0.006595660001039505,0.003734382800757885,0.004492860287427902,0.009556489065289497,0.013428378850221634,0.01330576278269291,0.008681702427566051,0.0063013783656060696,0.007637889124453068,0.005021970719099045,0.006381243001669645,0.008050121366977692,0.005702669266611338,0.010302308946847916,0.010100951418280602,0.005765922367572784,0.008397605270147324,0.013354180380702019,0.010327570140361786,0.005436910316348076,0.009003722108900547,0.00816552247852087,0.00609319843351841,0.008891627192497253,0.0067295050248503685,0.009305568411946297,0.013928497210144997,0.010591799393296242,0.01428871788084507,0.009177454747259617,0.00589529937133193,0.010621362365782261,0.014805076643824577,0.014599855989217758,0.013911595568060875,0.013737456873059273,0.020827170461416245,0.025410450994968414,0.019266728311777115,0.024049611762166023,0.031424038112163544,0.02821669727563858,0.03175590559840202,0.040090467780828476,0.04173218458890915,0.049338310956954956,0.054422639310359955,0.0609663724899292,0.06763936579227448,0.07436509430408478,0.08115635067224503,0.08692426979541779,0.09284189343452454,MS
../data/DWT_NEW/MS/New_MS_129.wav,121.68434143066406,-57.42296600341797,7.916583061218262,2.095740795135498,12.465987205505371,-3.2182722091674805,-4.489839553833008,4.568373680114746,-4.584092617034912,3.1251039505004883,-1.5410006046295166,0.4167083501815796,2.284261703491211,-1.5320229530334473,-0.7783430814743042,0.8616111874580383,-1.4679815769195557,2.3027937412261963,-2.3169498443603516,1.813536524772644,-1.328542947769165,-0.1605808436870575,0.5342177152633667,-0.820977509021759,1.2411832809448242,1.7437602281570435,-0.878393292427063,0.7110809087753296,-1.5461838245391846,0.844800591468811,0.025792688131332397,0.6380159258842468,0.558179497718811,-1.1579914093017578,0.4265492856502533,0.17239290475845337,1.263738989830017,-1.236854076385498,1.0916149616241455,-0.5066572427749634,0.3464239835739136,0.16346338391304016,0.17657984793186188,0.1889282464981079,0.18860208988189697,0.16323921084403992,0.11381678283214569,0.0854477733373642,0.14837834239006042,0.21859942376613617,0.2462373673915863,0.21758973598480225,0.15499308705329895,0.10810576379299164,0.09150704741477966,0.15534380078315735,0.2066422551870346,0.17732876539230347,0.08920374512672424,0.09140285849571228,0.1753225177526474,0.23910781741142273,0.19963188469409943,0.18744701147079468,0.18895889818668365,0.12376406788825989,0.15146246552467346,0.18728917837142944,0.10039116442203522,0.15268337726593018,0.2471114695072174,0.24066489934921265,0.17772793769836426,0.2016107141971588,0.11793279647827148,0.12658080458641052,0.19981104135513306,0.20591655373573303,0.21967729926109314,0.1370905637741089,0.13276828825473785,0.20420105755329132,0.19320383667945862,0.12897226214408875,0.16953681409358978,0.2215299755334854,0.1877463161945343,0.1726081371307373,0.21664346754550934,0.19561749696731567,0.1791844666004181,0.20620891451835632,0.1995116025209427,0.21892386674880981,0.2402244359254837,0.2600642442703247,0.2819006145000458,0.2946787178516388,0.31353020668029785,0.34619140625,0.3745774030685425,MS
../data/DWT_NEW/MS/New_MS_067.wav,62.53232955932617,-45.996883392333984,22.96164321899414,-13.996259689331055,3.29231595993042,0.7297710180282593,-0.28894615173339844,-2.301203727722168,-3.534430503845215,-2.2913968563079834,2.1581227779388428,2.01391863822937,-2.9055728912353516,2.907776355743408,-4.817154884338379,3.752664566040039,-3.630690574645996,2.3620052337646484,-3.916884183883667,2.2106704711914062,-0.7902947068214417,-0.4369693696498871,0.4473784565925598,-0.48100221157073975,-0.12185406684875488,-0.5923151969909668,0.960672914981842,-1.4310171604156494,1.4735239744186401,-0.6844193935394287,-0.5300438404083252,0.47780418395996094,-1.6553410291671753,0.20919805765151978,0.011102765798568726,0.7996222972869873,1.1389915943145752,-1.9946069717407227,-0.2324335128068924,-1.862800121307373,0.19985803961753845,0.08989942818880081,0.08506041765213013,0.07775954902172089,0.06849473714828491,0.058166176080703735,0.04981681704521179,0.04896270111203194,0.06114727258682251,0.08321896940469742,0.10604767501354218,0.11818939447402954,0.1109185516834259,0.07910548895597458,0.036041680723428726,0.04649675637483597,0.08541163802146912,0.10445836186408997,0.11525508761405945,0.1342114955186844,0.1359056830406189,0.10268095135688782,0.0776255875825882,0.11021280288696289,0.10911005735397339,0.08475510030984879,0.07413695752620697,0.10415045917034149,0.0994337648153305,0.09325720369815826,0.09173735231161118,0.1083928719162941,0.10699755698442459,0.09233983606100082,0.06514742225408554,0.07629410177469254,0.09851616621017456,0.0969509482383728,0.09118615090847015,0.09155230224132538,0.10777111351490021,0.11321006715297699,0.091311015188694,0.07642969489097595,0.11275055259466171,0.12000352889299393,0.08198866248130798,0.07607345283031464,0.1002124696969986,0.07573116570711136,0.08128613978624344,0.09442983567714691,0.09611906111240387,0.10793495178222656,0.10901489853858948,0.10381172597408295,0.09945984184741974,0.09022838622331619,0.07483577728271484,0.057395197451114655,0.04924221709370613,MS
../data/DWT_NEW/MS/New_MS_069.wav,61.60841369628906,-29.425832748413086,43.381202697753906,0.2834796607494354,5.218453884124756,-9.553535461425781,8.534034729003906,-2.8032617568969727,-3.2228503227233887,4.119778633117676,-2.363152027130127,4.3473711013793945,-1.1649776697158813,-1.9415339231491089,1.357621192932129,1.0698658227920532,-2.5487194061279297,1.4830939769744873,-1.0868512392044067,1.0742324590682983,-0.5570460557937622,-0.7103880643844604,0.6451509594917297,1.0836180448532104,-0.7624866962432861,0.04510805010795593,0.49018245935440063,-0.7875928282737732,1.1047043800354004,-1.4278819561004639,0.6080429553985596,1.1201403141021729,-2.7825610637664795,1.0147207975387573,-0.577289879322052,2.0835423469543457,1.3725483417510986,-1.2399842739105225,0.35421207547187805,-1.0279895067214966,0.18875190615653992,0.20284965634346008,0.21382051706314087,0.21514487266540527,0.20428568124771118,0.18147021532058716,0.15584370493888855,0.14518943428993225,0.16592136025428772,0.2075505554676056,0.24540060758590698,0.25782161951065063,0.2362290322780609,0.18689385056495667,0.13973769545555115,0.16224920749664307,0.21260005235671997,0.22200515866279602,0.17852234840393066,0.1373651921749115,0.20294752717018127,0.2411680519580841,0.20164252817630768,0.13064832985401154,0.20662468671798706,0.21029320359230042,0.16777023673057556,0.20736974477767944,0.18938499689102173,0.14155861735343933,0.15935099124908447,0.17159883677959442,0.1780720055103302,0.16407209634780884,0.1796814203262329,0.18860113620758057,0.16812442243099213,0.15271589159965515,0.15319965779781342,0.15286272764205933,0.1542515605688095,0.1464279592037201,0.1378594934940338,0.12978796660900116,0.12841954827308655,0.12436692416667938,0.1080985739827156,0.08602795004844666,0.07415159046649933,0.07746227085590363,0.06391248106956482,0.04355189949274063,0.04762353003025055,0.04181165620684624,0.04116732254624367,0.04013308137655258,0.04153069481253624,0.03724851459264755,0.03233949467539787,0.029984693974256516,0.03431743383407593,MS
../data/DWT_NEW/MS/New_MS_038.wav,44.18699645996094,-46.21794891357422,25.384517669677734,-18.272201538085938,-2.952592372894287,1.6473819017410278,-4.793115139007568,4.949522972106934,-3.4284167289733887,-0.5051654577255249,-2.112910509109497,2.8726558685302734,-1.7739382982254028,-3.0989937782287598,0.11709016561508179,-1.4943723678588867,-3.350494146347046,0.9281184077262878,-1.3930180072784424,-0.9412252306938171,0.15772601962089539,-0.9121036529541016,-0.3755393922328949,0.22183631360530853,-0.25602686405181885,-0.9952538013458252,-0.1730063259601593,-0.5294637084007263,0.7608458995819092,-1.6418087482452393,0.5111722946166992,0.05387157201766968,-1.7929296493530273,1.4661773443222046,-1.3587311506271362,1.531982421875,-0.5159165859222412,-1.7160413265228271,-1.0571739673614502,-0.6869899034500122,0.1630883663892746,0.00604142714291811,0.013446390628814697,0.02397318184375763,0.03568562865257263,0.04768768697977066,0.059229373931884766,0.06899359077215195,0.07504761219024658,0.07635720074176788,0.07202187925577164,0.061729297041893005,0.04831717163324356,0.03871026635169983,0.03748101741075516,0.044779080897569656,0.06102555990219116,0.08484648168087006,0.11237545311450958,0.13293567299842834,0.1356126070022583,0.11609436571598053,0.08095516264438629,0.04821547493338585,0.040624938905239105,0.05668085813522339,0.0897270068526268,0.10302513837814331,0.08163222670555115,0.037594616413116455,0.04024061560630798,0.06353352218866348,0.07538040727376938,0.07228162884712219,0.07275847345590591,0.088191919028759,0.07962565869092941,0.05828235298395157,0.04894063621759415,0.05558769404888153,0.06793981790542603,0.06675183773040771,0.050860680639743805,0.04860466718673706,0.06006718426942825,0.0542469248175621,0.03917882218956947,0.05343073606491089,0.05076068639755249,0.031055251136422157,0.040898289531469345,0.030000466853380203,0.026313604786992073,0.028048980981111526,0.033252641558647156,0.03561120852828026,0.038265593349933624,0.03805496171116829,0.033722467720508575,0.028840139508247375,0.025915393605828285,MS
../data/DWT_NEW/MS/New_MS_064.wav,38.291412353515625,-38.888309478759766,53.34332275390625,-11.7171049118042,-0.587805449962616,1.7129685878753662,-5.682037353515625,10.143381118774414,-2.0327200889587402,-6.14908504486084,5.518937110900879,5.127812385559082,-5.752225399017334,3.7299582958221436,-3.741945743560791,3.521421194076538,-3.322469711303711,2.606595993041992,-2.770301342010498,3.6673879623413086,-1.6409955024719238,0.500751256942749,0.5607447624206543,0.04168599843978882,0.7020139694213867,-0.2090412974357605,0.11958527565002441,0.9034888744354248,0.06842851638793945,0.7761533260345459,-0.017284154891967773,-0.5874160528182983,0.07093006372451782,0.839838981628418,-1.5763133764266968,2.5225987434387207,1.8226406574249268,-1.2600356340408325,0.5949288606643677,-1.1325370073318481,0.18668143451213837,0.13036760687828064,0.11467696726322174,0.09607765078544617,0.0752398818731308,0.05311271920800209,0.032198354601860046,0.02103590965270996,0.040070369839668274,0.07323077321052551,0.11238977313041687,0.1506645679473877,0.18112929165363312,0.19607087969779968,0.1980021893978119,0.18660923838615417,0.16327768564224243,0.12425699830055237,0.07346156239509583,0.04179421067237854,0.08233490586280823,0.12577947974205017,0.17257434129714966,0.19296039640903473,0.16451790928840637,0.10325422883033752,0.050739921629428864,0.09587053954601288,0.13645869493484497,0.14543426036834717,0.11080459505319595,0.06231115758419037,0.0912165492773056,0.12338229268789291,0.09869024902582169,0.08114225417375565,0.09593719244003296,0.09069889783859253,0.08386589586734772,0.09506385028362274,0.1075960248708725,0.10674877464771271,0.0872390866279602,0.08165501058101654,0.11130490899085999,0.11499372124671936,0.08804526925086975,0.09708923101425171,0.11298425495624542,0.09130287915468216,0.0884084701538086,0.09285621345043182,0.08985783904790878,0.09103403985500336,0.09089240431785583,0.08646538853645325,0.0831790417432785,0.076460100710392,0.067939892411232,0.05807209014892578,0.052934497594833374,MS
../data/DWT_NEW/MS/New_MS_160.wav,129.45912170410156,-33.869197845458984,8.834867477416992,-2.3558053970336914,-4.474222183227539,6.529873847961426,-13.384838104248047,9.473703384399414,-10.567615509033203,6.841489791870117,-4.839230060577393,-1.576358437538147,-0.7388244867324829,0.5138879418373108,-0.503528356552124,-0.9891080260276794,1.7729146480560303,0.3410019874572754,-2.809483051300049,1.8903371095657349,-0.6000530123710632,0.17883384227752686,1.1972320079803467,-0.20408375561237335,-2.4763755798339844,2.5023367404937744,-0.7012885808944702,3.0574450492858887,-1.7021522521972656,0.5162774324417114,-0.20774540305137634,0.9734764695167542,-0.6683112382888794,1.600358009338379,0.25596868991851807,0.2338796854019165,-0.24003535509109497,-0.06555092334747314,0.3785649538040161,-0.3281819820404053,0.31139805912971497,0.2277514636516571,0.22070688009262085,0.20862530171871185,0.19301876425743103,0.1762399971485138,0.17262396216392517,0.20146292448043823,0.25318264961242676,0.2929787039756775,0.28669872879981995,0.22105681896209717,0.13151128590106964,0.10218654572963715,0.1005530059337616,0.10688912868499756,0.17833729088306427,0.17938590049743652,0.09906119108200073,0.19385921955108643,0.20729583501815796,0.19499239325523376,0.2639991044998169,0.27781540155410767,0.23678740859031677,0.19195319712162018,0.16876471042633057,0.2647136449813843,0.18704448640346527,0.23842699825763702,0.3056262731552124,0.31539425253868103,0.28143584728240967,0.3338082432746887,0.272494912147522,0.16392825543880463,0.2308923304080963,0.34813547134399414,0.3493139445781708,0.22351300716400146,0.20396648347377777,0.31258851289749146,0.31627023220062256,0.29374730587005615,0.19874127209186554,0.2779352068901062,0.29662472009658813,0.24031755328178406,0.26534247398376465,0.2773534655570984,0.2784518301486969,0.2939765751361847,0.27659040689468384,0.28209608793258667,0.27463141083717346,0.2765686810016632,0.2842526435852051,0.30385681986808777,0.3379000127315521,0.37019065022468567,0.4032072424888611,MS
../data/DWT_NEW/MS/New_MS_076.wav,39.385658264160156,-28.127460479736328,51.98291778564453,-11.002157211303711,3.3127517700195312,-0.4785001277923584,-1.2650595903396606,2.09995698928833,-1.8460537195205688,-4.173962593078613,2.713500499725342,4.487485885620117,-4.559782028198242,3.5465030670166016,-3.956312417984009,3.460779905319214,-3.1121716499328613,1.6954174041748047,-1.6909165382385254,1.905267596244812,-2.56734037399292,1.5444765090942383,0.3294089436531067,-1.2982791662216187,0.46984872221946716,0.3398679792881012,-0.6190583109855652,0.004449784755706787,-0.0009901374578475952,-0.7857996225357056,0.3699287176132202,-0.2140464186668396,-1.5568071603775024,1.93083655834198,-1.6150206327438354,1.8932456970214844,1.6569290161132812,-1.9885934591293335,-0.29692786931991577,-0.15144744515419006,0.16810284554958344,0.14955034852027893,0.15490508079528809,0.15362566709518433,0.14411908388137817,0.1263871192932129,0.10659892857074738,0.098625048995018,0.11776084452867508,0.15588781237602234,0.19249849021434784,0.2079145610332489,0.19085738062858582,0.13854889571666718,0.08658726513385773,0.1299881488084793,0.19389468431472778,0.21184128522872925,0.1767590343952179,0.13731089234352112,0.16943097114562988,0.18161241710186005,0.13979506492614746,0.1096925139427185,0.15718330442905426,0.1543358564376831,0.11635291576385498,0.16326162219047546,0.16887266933918,0.17497745156288147,0.1715492606163025,0.14416642487049103,0.14777755737304688,0.15436318516731262,0.14945557713508606,0.14562225341796875,0.1606830358505249,0.15712818503379822,0.15277427434921265,0.16239413619041443,0.1656653732061386,0.14938007295131683,0.11490882933139801,0.12446950376033783,0.15694762766361237,0.1461324542760849,0.09184937924146652,0.10279428958892822,0.11079540848731995,0.07282412052154541,0.08727704733610153,0.08849288523197174,0.0838053822517395,0.08542963862419128,0.08412902802228928,0.07563915103673935,0.0698227733373642,0.06538993120193481,0.06383871287107468,0.05964316055178642,0.05677894875407219,MS
../data/DWT_NEW/N/New_N_011.wav,50.83648681640625,-21.780513763427734,40.20439910888672,-7.446922779083252,-21.724380493164062,17.148113250732422,-20.812288284301758,15.850238800048828,-9.731040954589844,2.7274019718170166,2.6706576347351074,-0.09384797513484955,-0.9736001491546631,-0.6400339603424072,2.206678867340088,-2.4562671184539795,2.090944528579712,-0.9189924001693726,1.0559535026550293,-1.098217487335205,2.197153091430664,-3.043565273284912,2.5617809295654297,-1.8514001369476318,0.49989044666290283,-1.1522694826126099,1.554804801940918,-0.7032244205474854,0.7914365530014038,-0.8840901255607605,-0.7802137136459351,-0.567659854888916,-0.08848151564598083,0.9857087135314941,0.6243749856948853,-1.9641681909561157,-3.6972436904907227,-0.2790951728820801,6.238008975982666,12.337772369384766,0.18638728559017181,0.0512191504240036,0.016154205426573753,0.0195014588534832,0.043163001537323,0.05483260005712509,0.05088040605187416,0.03142155706882477,0.020039251074194908,0.05872570723295212,0.09843683242797852,0.12320521473884583,0.12869225442409515,0.1286820024251938,0.15561659634113312,0.1853327751159668,0.18083244562149048,0.12714344263076782,0.058653343468904495,0.056931108236312866,0.059235818684101105,0.14252835512161255,0.2632587254047394,0.29893139004707336,0.22435294091701508,0.11023116856813431,0.07396575808525085,0.17288824915885925,0.21040774881839752,0.1590622216463089,0.07706217467784882,0.07640373706817627,0.13862526416778564,0.1962277591228485,0.1904282569885254,0.20957565307617188,0.24106082320213318,0.21279309689998627,0.17061887681484222,0.13196739554405212,0.1489221751689911,0.2131308615207672,0.25353720784187317,0.25229376554489136,0.20629426836967468,0.15273545682430267,0.19429603219032288,0.23720669746398926,0.22061070799827576,0.16908490657806396,0.17012643814086914,0.1847534477710724,0.1624397188425064,0.14039114117622375,0.1311977505683899,0.11958907544612885,0.10998036712408066,0.09613832831382751,0.0873727947473526,0.07732135057449341,0.06886576861143112,N
../data/DWT_NEW/N/New_N_093.wav,39.377376556396484,-24.037761688232422,41.576637268066406,-7.700227737426758,-38.603370666503906,8.836637496948242,-23.089412689208984,19.206443786621094,-9.957873344421387,-5.105881690979004,7.729642868041992,-3.50410795211792,2.343327522277832,-4.8783674240112305,2.5956859588623047,-0.2959490418434143,2.2564477920532227,-3.192070722579956,1.2725436687469482,0.27632787823677063,3.3919928073883057,-0.6257817149162292,-1.6647452116012573,-0.13153976202011108,-0.06615433096885681,2.785029172897339,-1.0517884492874146,-0.17963290214538574,-3.3635101318359375,-1.9940927028656006,-4.485239028930664,-0.8214775323867798,-1.6888070106506348,-0.4780968129634857,-2.065700054168701,-2.673675060272217,-1.763535737991333,1.462296485900879,-0.01961761713027954,-3.1144745349884033,0.1893962323665619,0.08603724837303162,0.09112637490034103,0.08574797213077545,0.07009738683700562,0.04692715406417847,0.022664688527584076,0.00488599669188261,0.0031294836662709713,0.00699315220117569,0.02219419926404953,0.031243322417140007,0.021860145032405853,0.047792986035346985,0.11768399178981781,0.1778155267238617,0.1827303171157837,0.11843468248844147,0.07819002866744995,0.11832866817712784,0.10221143066883087,0.16213658452033997,0.23621264100074768,0.19787248969078064,0.10618960857391357,0.060649171471595764,0.041862040758132935,0.03352242708206177,0.04473987966775894,0.07348661869764328,0.1677209734916687,0.24974769353866577,0.23217341303825378,0.20028731226921082,0.20201808214187622,0.12620580196380615,0.025140950456261635,0.14462487399578094,0.24290135502815247,0.316558837890625,0.2833464741706848,0.16035044193267822,0.09223160147666931,0.2844451367855072,0.3833279013633728,0.2914469838142395,0.1338362991809845,0.3177075982093811,0.38213688135147095,0.2210882604122162,0.2597920894622803,0.33111417293548584,0.20473907887935638,0.23885060846805573,0.22175249457359314,0.1608879119157791,0.16437143087387085,0.11114335805177689,0.09275691211223602,0.055382564663887024,0.032890625298023224,N
../data/DWT_NEW/N/New_N_006.wav,38.4177360534668,-32.97001647949219,34.78185272216797,-19.749204635620117,-29.319854736328125,10.89702320098877,-22.335838317871094,11.926634788513184,-9.809499740600586,-3.2120962142944336,3.3405308723449707,-3.4649429321289062,0.6089850664138794,-1.7810879945755005,1.4675960540771484,-4.89566707611084,2.5502121448516846,-3.103348731994629,-0.5508191585540771,-1.539513111114502,1.3255410194396973,-2.9898910522460938,2.1970300674438477,-0.7476520538330078,1.3521963357925415,1.848987340927124,0.7938222885131836,-1.33506178855896,-1.5652129650115967,-0.6846178770065308,-1.5983576774597168,-0.7708926200866699,-2.4230525493621826,0.12165758013725281,0.3542773127555847,-3.221446990966797,-7.182150363922119,-3.299999237060547,7.402004718780518,16.38709259033203,0.17976133525371552,0.050018005073070526,0.03702288120985031,0.020468981936573982,0.004620048683136702,0.020213507115840912,0.036322444677352905,0.04625691473484039,0.046920113265514374,0.03812479227781296,0.022756846621632576,0.007770529016852379,0.008969491347670555,0.01024884358048439,0.031521767377853394,0.06184631213545799,0.08440987765789032,0.08152851462364197,0.05154910683631897,0.030736219137907028,0.03845607489347458,0.051643311977386475,0.12544980645179749,0.17334148287773132,0.15255984663963318,0.10271528363227844,0.07535925507545471,0.08041682839393616,0.09783953428268433,0.0878332257270813,0.06255677342414856,0.02347595803439617,0.07322908937931061,0.13509619235992432,0.14470741152763367,0.1650211215019226,0.20052920281887054,0.18603654205799103,0.1311931014060974,0.07629060745239258,0.09875166416168213,0.1721380650997162,0.22426673769950867,0.2252362072467804,0.17244300246238708,0.11316342651844025,0.16667351126670837,0.21592026948928833,0.20630383491516113,0.1602361500263214,0.16392311453819275,0.18830473721027374,0.17247793078422546,0.15483909845352173,0.1536966860294342,0.13991834223270416,0.12498334795236588,0.10989347845315933,0.09223202615976334,0.07460413873195648,0.057841282337903976,N
../data/DWT_NEW/N/New_N_166.wav,50.55690383911133,-31.31386375427246,36.73991394042969,-3.052023410797119,-26.252552032470703,9.160728454589844,-15.633126258850098,10.238283157348633,-5.584413528442383,3.3744235038757324,-3.0810415744781494,0.20588237047195435,3.8318328857421875,-4.797431945800781,4.319508075714111,-2.7637686729431152,-0.27551835775375366,-0.32440829277038574,0.5633784532546997,-1.7149698734283447,2.2026801109313965,-2.4770936965942383,1.6253116130828857,0.9912106990814209,2.310535430908203,0.45607852935791016,-0.3214235007762909,-0.49128806591033936,-0.5101652145385742,-0.4249192476272583,-0.37840187549591064,-1.791371464729309,-1.0219900608062744,-0.4766463339328766,-0.22061645984649658,-2.4040465354919434,-3.3336312770843506,-2.4599905014038086,3.3313965797424316,8.680560111999512,0.17988669872283936,0.027206696569919586,0.04238441586494446,0.06438209116458893,0.0813932940363884,0.08878034353256226,0.08591721951961517,0.07609541714191437,0.069025419652462,0.0751781165599823,0.08717721700668335,0.08984260261058807,0.07980997115373611,0.07483189553022385,0.1002432107925415,0.12502500414848328,0.1180497407913208,0.07647685706615448,0.05856341868638992,0.08614319562911987,0.07041406631469727,0.12296056747436523,0.20930635929107666,0.21728134155273438,0.15361934900283813,0.11761835217475891,0.11203165352344513,0.12649750709533691,0.1325189173221588,0.09872905910015106,0.06710796058177948,0.05824705958366394,0.08558785915374756,0.1502625048160553,0.16399216651916504,0.1841723918914795,0.21444812417030334,0.20406794548034668,0.16004009544849396,0.10786580294370651,0.0735454186797142,0.1534111201763153,0.21607889235019684,0.23349657654762268,0.20202255249023438,0.13876688480377197,0.12836959958076477,0.19392883777618408,0.20889252424240112,0.1691783368587494,0.1372256577014923,0.16801175475120544,0.1600058674812317,0.1296912431716919,0.1265849769115448,0.11333992332220078,0.09435414522886276,0.07867573946714401,0.06231187283992767,0.053451038897037506,0.04854275658726692,N
../data/DWT_NEW/N/New_N_015.wav,23.064407348632812,-30.29857635498047,39.812564849853516,-22.387542724609375,-35.375709533691406,18.165725708007812,-23.36351203918457,13.204614639282227,-11.746356964111328,0.7434571981430054,0.08984172344207764,1.4469802379608154,-4.244549751281738,1.1222668886184692,-0.04259681701660156,-3.5562007427215576,-0.5468577742576599,0.6220659017562866,-0.9047493934631348,-0.7144805192947388,0.7302249670028687,-2.455400228500366,-0.14639320969581604,-0.2320343255996704,1.5845050811767578,2.321441650390625,0.9806709289550781,-0.9416798949241638,-1.412739634513855,-0.32783496379852295,-0.975332498550415,-0.034507572650909424,-1.5980925559997559,-0.6897006630897522,0.459277868270874,-0.9442824125289917,-5.336677074432373,-3.117253541946411,7.304424285888672,15.985471725463867,0.1669764220714569,0.04963362216949463,0.03699933737516403,0.02171628549695015,0.0075051742605865,0.017073700204491615,0.030743040144443512,0.03916513919830322,0.03950703144073486,0.031819283962249756,0.019561463966965675,0.014173285104334354,0.02012522518634796,0.02279660850763321,0.030090492218732834,0.04683355242013931,0.061198145151138306,0.058797501027584076,0.038343120366334915,0.0280313603579998,0.04223914444446564,0.05694987624883652,0.11424702405929565,0.15189248323440552,0.13456156849861145,0.0892614871263504,0.06983289122581482,0.06873706728219986,0.09268011897802353,0.0835200846195221,0.05148778855800629,0.015431730076670647,0.05751008167862892,0.10973416268825531,0.12338829040527344,0.13852989673614502,0.17097589373588562,0.1655968725681305,0.11842531710863113,0.06191374734044075,0.07759866118431091,0.14814409613609314,0.20056620240211487,0.20498591661453247,0.1560254693031311,0.09669025242328644,0.15272676944732666,0.20427311956882477,0.19236211478710175,0.13794536888599396,0.1449742317199707,0.1736360639333725,0.15041175484657288,0.12521354854106903,0.1311914175748825,0.11985781788825989,0.10605292022228241,0.09469782561063766,0.08273156732320786,0.07229785621166229,0.061471085995435715,N
../data/DWT_NEW/N/New_N_020.wav,41.976173400878906,-39.61332321166992,18.45795440673828,-15.693544387817383,-30.36365509033203,9.04608154296875,-26.109302520751953,8.186809539794922,-9.018749237060547,-2.7398018836975098,-3.1707820892333984,-0.026274442672729492,-3.017688512802124,-3.1628847122192383,-0.22302889823913574,-4.080542087554932,0.08867873251438141,-2.4359209537506104,0.45527589321136475,-2.311929941177368,1.311800241470337,-2.825911521911621,0.05986539274454117,-0.7651064395904541,1.8074452877044678,0.22320556640625,2.535611629486084,-0.4644016623497009,0.9104752540588379,-1.5203990936279297,0.41678377985954285,-1.4206109046936035,1.3566100597381592,-0.34434574842453003,0.7577869296073914,-1.9108731746673584,-3.2928805351257324,-0.6575654745101929,7.813651084899902,15.04090690612793,0.17077875137329102,0.04740522801876068,0.039695367217063904,0.029665444046258926,0.018585655838251114,0.009653359651565552,0.010142418555915356,0.01331392116844654,0.011953067034482956,0.007897418923676014,0.01595541276037693,0.028488706797361374,0.03627592325210571,0.03325605019927025,0.024566300213336945,0.01588323339819908,0.019562970846891403,0.017099445685744286,0.016197292134165764,0.034544866532087326,0.03896162658929825,0.04352767392992973,0.09522639214992523,0.12888026237487793,0.1135001853108406,0.07060684263706207,0.045795850455760956,0.07670923322439194,0.1101733148097992,0.09740488231182098,0.05415763705968857,0.026198185980319977,0.06627503037452698,0.10524803400039673,0.11343827843666077,0.15068025887012482,0.1911732256412506,0.17531776428222656,0.12510722875595093,0.07535844296216965,0.08076868951320648,0.16439445316791534,0.22301238775253296,0.2306746244430542,0.17801833152770996,0.10849685221910477,0.16951195895671844,0.23330256342887878,0.22047680616378784,0.15660536289215088,0.17035074532032013,0.20389512181282043,0.17520958185195923,0.15376000106334686,0.15983879566192627,0.14470012485980988,0.1341789811849594,0.12305014580488205,0.1137716993689537,0.10489477962255478,0.09640704840421677,N
../data/DWT_NEW/N/New_N_145.wav,29.254619598388672,-9.919185638427734,45.750587463378906,-21.262990951538086,-35.633766174316406,20.35377311706543,-19.04381561279297,12.746551513671875,-7.938302040100098,-6.702711582183838,11.14773178100586,-7.246460437774658,0.3865872621536255,-1.0965877771377563,3.800811767578125,-5.4563446044921875,3.906264066696167,-3.472377300262451,1.9242687225341797,-0.8243798017501831,-1.1999309062957764,-0.7440575957298279,0.04064363241195679,0.36656391620635986,-0.3748142421245575,2.6824755668640137,-1.5307228565216064,1.170619249343872,-1.7132432460784912,0.6658909320831299,-0.8761580586433411,0.6464555263519287,-1.053245186805725,0.30265194177627563,-0.49885255098342896,-0.3692671060562134,0.15108010172843933,-0.5893513560295105,-0.1687917411327362,-0.9006146192550659,0.14627760648727417,0.09517961740493774,0.08908005058765411,0.07713358849287033,0.06132274866104126,0.04810461029410362,0.05006777495145798,0.06594018638134003,0.0813109502196312,0.08643172681331635,0.07524324953556061,0.047267280519008636,0.04148780554533005,0.09841428697109222,0.14010590314865112,0.14918529987335205,0.11771325767040253,0.06700915098190308,0.08433216065168381,0.09587247669696808,0.07010695338249207,0.11578605324029922,0.17280255258083344,0.15661689639091492,0.09766772389411926,0.09347941726446152,0.0971137136220932,0.12570306658744812,0.13095925748348236,0.10700973123311996,0.11111186444759369,0.17526274919509888,0.1950552612543106,0.16479545831680298,0.1739787757396698,0.18232738971710205,0.14870798587799072,0.1544426679611206,0.18561983108520508,0.221197247505188,0.24571353197097778,0.22636789083480835,0.18112479150295258,0.18823499977588654,0.25733697414398193,0.28467413783073425,0.23514682054519653,0.18833811581134796,0.27955302596092224,0.28855136036872864,0.2280724048614502,0.2627841830253601,0.27054980397224426,0.24420097470283508,0.24171596765518188,0.22869712114334106,0.21077199280261993,0.19125443696975708,0.17091824114322662,0.1454947292804718,0.1198294535279274,N
../data/DWT_NEW/N/New_N_150.wav,35.03886032104492,-11.32945442199707,33.446800231933594,-19.0814208984375,-33.963417053222656,11.114690780639648,-25.753398895263672,15.492464065551758,-8.938807487487793,-8.533445358276367,7.062078475952148,-8.239950180053711,3.842613458633423,-6.164952278137207,3.2500205039978027,-4.519608974456787,2.8523378372192383,-4.973840713500977,2.0845589637756348,-1.8863489627838135,-0.4767341613769531,-0.7862311005592346,-1.7880308628082275,1.506882905960083,-1.116901159286499,2.144375801086426,-3.149963855743408,1.3849983215332031,-2.924835681915283,1.698811411857605,-1.9059336185455322,0.8914122581481934,-1.6853994131088257,0.14781300723552704,-1.0627107620239258,-0.3691180944442749,-0.47700950503349304,-1.2248952388763428,-0.5399830341339111,-1.983525276184082,0.15002988278865814,0.05940736457705498,0.0748007744550705,0.0864044651389122,0.09104426205158234,0.08584927767515182,0.07046077400445938,0.047025203704833984,0.026647120714187622,0.036181386560201645,0.049697812646627426,0.044592536985874176,0.021388184279203415,0.0529656857252121,0.10014721751213074,0.13348165154457092,0.13087688386440277,0.0884818583726883,0.04067034274339676,0.050706490874290466,0.04810295253992081,0.07196243852376938,0.12950758635997772,0.1382085680961609,0.09532646834850311,0.06079459935426712,0.06455549597740173,0.10720201581716537,0.12772835791110992,0.11257323622703552,0.11542141437530518,0.17657588422298431,0.19682303071022034,0.16846860945224762,0.16973382234573364,0.17268666625022888,0.14480577409267426,0.16598008573055267,0.20896072685718536,0.25366538763046265,0.27519986033439636,0.24357721209526062,0.18460682034492493,0.21221452951431274,0.2995207905769348,0.32239192724227905,0.2485795021057129,0.2071739286184311,0.3131495416164398,0.3127063810825348,0.24025538563728333,0.28090500831604004,0.2823964059352875,0.25069114565849304,0.24228818714618683,0.22613152861595154,0.20378439128398895,0.18103228509426117,0.15789483487606049,0.13069388270378113,0.10294083505868912,N
../data/DWT_NEW/N/New_N_187.wav,44.20685577392578,-24.631328582763672,38.01544189453125,-2.5146801471710205,-23.087665557861328,17.853824615478516,-21.864971160888672,17.290611267089844,-9.184303283691406,3.256284713745117,-1.9388716220855713,2.256761074066162,-1.7117336988449097,0.6612571477890015,-1.2908855676651,-0.5092946290969849,0.027766704559326172,-0.6865164041519165,-0.11184573173522949,0.585860013961792,-0.2404574751853943,-1.569004774093628,0.5415076017379761,-0.28866422176361084,0.4562375843524933,-0.3619728088378906,0.3999398946762085,1.0013501644134521,-1.0457278490066528,-0.6972887516021729,0.4532304108142853,-0.21600976586341858,-1.9978299140930176,0.4728322923183441,1.618126630783081,-1.7932276725769043,-4.726518630981445,-2.8528993129730225,4.99539852142334,12.533477783203125,0.17732617259025574,0.023928066715598106,0.0236663818359375,0.05445428192615509,0.07897578924894333,0.09077374637126923,0.0874376893043518,0.07121772319078445,0.0572374165058136,0.07311917096376419,0.10231587290763855,0.11574843525886536,0.10136966407299042,0.0642257109284401,0.08143921196460724,0.12150926887989044,0.1247597485780716,0.08414360880851746,0.09450098127126694,0.14250022172927856,0.12454107403755188,0.13324351608753204,0.23748165369033813,0.26441675424575806,0.19580033421516418,0.14415805041790009,0.1389612853527069,0.1789422631263733,0.1941647231578827,0.13450878858566284,0.07079403102397919,0.09153758734464645,0.1424262523651123,0.1903821974992752,0.20997031033039093,0.2471526861190796,0.26782405376434326,0.22945009171962738,0.17477206885814667,0.13551278412342072,0.15674930810928345,0.22526392340660095,0.2704428732395172,0.2636634111404419,0.21038886904716492,0.16570070385932922,0.20710349082946777,0.24894052743911743,0.2334592193365097,0.1905214637517929,0.1938178688287735,0.20681923627853394,0.18805433809757233,0.17105671763420105,0.16401444375514984,0.14915645122528076,0.13606153428554535,0.1192912682890892,0.10179855674505234,0.08941914886236191,0.07348201423883438,N
../data/DWT_NEW/N/New_N_025.wav,38.218685150146484,-24.19300079345703,50.395286560058594,-8.487377166748047,-26.530914306640625,15.158563613891602,-16.859373092651367,8.530508041381836,-6.8641252517700195,2.247096061706543,-1.8294060230255127,1.116393804550171,-0.7885255217552185,-3.401263475418091,1.6941252946853638,-3.683706283569336,0.1312299370765686,-0.004305422306060791,0.04501551389694214,-1.3203349113464355,2.924595594406128,-3.0770020484924316,1.0143089294433594,-0.5822803974151611,3.0104761123657227,1.986896276473999,3.9814271926879883,-0.070423424243927,0.11653482913970947,0.3625931739807129,0.5675601959228516,-0.039187729358673096,1.2275481224060059,2.151125907897949,1.227850079536438,-0.5599067807197571,-4.452538013458252,1.3218549489974976,9.751774787902832,14.828336715698242,0.166191965341568,0.1263396143913269,0.10528911650180817,0.08711358904838562,0.07476319372653961,0.0691952258348465,0.06821811199188232,0.06702440977096558,0.06240832060575485,0.05454163998365402,0.04432249069213867,0.031525902450084686,0.018815267831087112,0.032957494258880615,0.057623960077762604,0.07186803966760635,0.062302544713020325,0.03339548408985138,0.05404401570558548,0.0808504968881607,0.09865163266658783,0.1875036656856537,0.28170549869537354,0.3024400472640991,0.23199903964996338,0.12217413634061813,0.03671366348862648,0.12475474178791046,0.18010859191417694,0.1565791219472885,0.10311315953731537,0.08291646838188171,0.12499222159385681,0.1576189249753952,0.1404140144586563,0.1864146590232849,0.24164797365665436,0.21600759029388428,0.14970144629478455,0.09491622447967529,0.09866532683372498,0.18120934069156647,0.2350272238254547,0.24101917445659637,0.18890409171581268,0.10890546441078186,0.16071364283561707,0.21667978167533875,0.20414620637893677,0.1434668004512787,0.1431555449962616,0.1670507937669754,0.13824601471424103,0.11028265208005905,0.10844219475984573,0.08876165002584457,0.06966613233089447,0.05413737893104553,0.04071659594774246,0.027412084862589836,0.01769416406750679,N
../data/DWT_NEW/N/New_N_078.wav,45.342315673828125,-20.700939178466797,38.799983978271484,-12.53105354309082,-33.47624969482422,12.475465774536133,-26.779132843017578,16.933809280395508,-5.3022613525390625,-6.55457067489624,7.409276485443115,-5.635899066925049,5.202349662780762,-3.9186859130859375,3.4234519004821777,-2.081953763961792,2.0931482315063477,-2.019196033477783,3.0386781692504883,-0.25129759311676025,2.4470319747924805,0.26129990816116333,-0.12364502251148224,0.7536327242851257,-1.4465210437774658,1.386941909790039,-1.9555827379226685,-1.4136402606964111,-4.326083660125732,-3.2253432273864746,-4.892017841339111,-0.44038891792297363,-1.3227571249008179,-2.0810189247131348,-1.7825021743774414,-3.3131980895996094,-2.113607883453369,0.8655351400375366,-1.0023163557052612,-2.983821392059326,0.1963910311460495,0.06301048398017883,0.07578390836715698,0.08521449565887451,0.0890650525689125,0.0855865329504013,0.0751814916729927,0.059045299887657166,0.04019802808761597,0.02483723685145378,0.023595184087753296,0.03637535870075226,0.05772107094526291,0.0936177596449852,0.14008201658725739,0.18147239089012146,0.19511230289936066,0.1625288724899292,0.09494881331920624,0.030856870114803314,0.028917141258716583,0.12518060207366943,0.22546491026878357,0.24362125992774963,0.16958904266357422,0.08416508883237839,0.04834077134728432,0.013566093519330025,0.023761924356222153,0.01835300214588642,0.09059341251850128,0.2133205235004425,0.23845107853412628,0.17840814590454102,0.1842029094696045,0.1734604835510254,0.056762661784887314,0.08970589190721512,0.1935010850429535,0.2971208691596985,0.3149743676185608,0.21802878379821777,0.06861884146928787,0.24705007672309875,0.3924078941345215,0.3438509404659271,0.15487414598464966,0.3021382689476013,0.41548389196395874,0.27512794733047485,0.2670847177505493,0.3665660619735718,0.2519075870513916,0.2623852491378784,0.2682446539402008,0.19940140843391418,0.2134072631597519,0.17627331614494324,0.15953727066516876,0.14574718475341797,0.13363993167877197,N
../data/DWT_NEW/N/New_N_128.wav,37.43784713745117,-6.728603363037109,33.82103729248047,-21.766830444335938,-35.74384689331055,16.7852783203125,-17.952884674072266,9.825166702270508,-8.722869873046875,-3.4930126667022705,7.845606803894043,-10.12563705444336,6.113456726074219,-5.332583904266357,3.2026097774505615,-3.5295472145080566,2.8521692752838135,-3.8342370986938477,1.9219845533370972,-1.3031142950057983,0.00020068883895874023,0.341248095035553,-2.5414960384368896,0.03354090452194214,-2.843318462371826,1.4712128639221191,-2.62650728225708,1.1409385204315186,-2.7168681621551514,0.9605225920677185,-1.2327499389648438,0.5316050052642822,-0.8234504461288452,-0.22183749079704285,-0.43826207518577576,-0.6603763699531555,0.19696280360221863,-1.3637350797653198,-0.07502995431423187,-1.4511940479278564,0.14274419844150543,0.07799989730119705,0.09204719960689545,0.10361649096012115,0.11035236716270447,0.11014381051063538,0.10287082195281982,0.08851578086614609,0.06822949647903442,0.04557593911886215,0.024866361171007156,0.01197325810790062,0.008806359954178333,0.025047454982995987,0.06374675780534744,0.11272335052490234,0.15329331159591675,0.1602102369070053,0.12350409477949142,0.06328894942998886,0.029491135850548744,0.03624248132109642,0.10339299589395523,0.15970997512340546,0.15220096707344055,0.09907088428735733,0.049334004521369934,0.0725521519780159,0.12315185368061066,0.12409083545207977,0.07958666980266571,0.09940165281295776,0.17825324833393097,0.18140839040279388,0.14988040924072266,0.16927438974380493,0.1558704376220703,0.12332641333341599,0.15679749846458435,0.19964438676834106,0.24445708096027374,0.24198195338249207,0.19539719820022583,0.15990690886974335,0.2396024912595749,0.3008919358253479,0.2646188735961914,0.16814275085926056,0.273447185754776,0.30908745527267456,0.23866023123264313,0.2607947885990143,0.28352540731430054,0.25287535786628723,0.2525476813316345,0.24166081845760345,0.22573277354240417,0.20823334157466888,0.19296105206012726,0.17228130996227264,0.1511058509349823,N
../data/DWT_NEW/N/New_N_144.wav,39.00528335571289,-15.884883880615234,36.2509765625,-13.504947662353516,-32.499237060546875,5.387547016143799,-15.22353744506836,14.289946556091309,-10.134414672851562,-5.838055610656738,7.382413864135742,-7.679409027099609,5.691937446594238,-7.035247802734375,3.7369120121002197,-2.680093288421631,1.1316618919372559,-2.548616409301758,1.0708072185516357,-1.3526893854141235,-1.0403709411621094,-0.4223547577857971,-2.2112526893615723,2.2378087043762207,-1.5452519655227661,2.518310546875,-1.8102285861968994,1.2655669450759888,-1.654043197631836,0.7788315415382385,-0.997025191783905,0.25557076930999756,-0.45043453574180603,-0.5337601900100708,-0.22977758944034576,-0.9188276529312134,0.41052722930908203,-1.1988470554351807,-0.13751724362373352,-1.632232666015625,0.14551393687725067,0.07497124373912811,0.0717690959572792,0.06429542601108551,0.05335177481174469,0.04210805147886276,0.03823958337306976,0.045332230627536774,0.05504433065652847,0.058959104120731354,0.05161881074309349,0.030172858387231827,0.021447204053401947,0.07232050597667694,0.12123970687389374,0.15037547051906586,0.141799196600914,0.09501911699771881,0.04834621399641037,0.07176457345485687,0.06119459122419357,0.10411778837442398,0.17083494365215302,0.16620591282844543,0.10318862646818161,0.06776775419712067,0.07859895378351212,0.11221404373645782,0.11939681321382523,0.09493173658847809,0.08977530896663666,0.17161592841148376,0.20771679282188416,0.17063024640083313,0.16875693202018738,0.18057650327682495,0.13453897833824158,0.13634304702281952,0.18697485327720642,0.23017406463623047,0.26021283864974976,0.2347879856824875,0.17799896001815796,0.18877825140953064,0.2743784785270691,0.3056216537952423,0.2542543113231659,0.20846860110759735,0.3000139892101288,0.31220391392707825,0.2584969699382782,0.28661561012268066,0.2952553629875183,0.2692340910434723,0.262443482875824,0.24482175707817078,0.21942031383514404,0.19088882207870483,0.16095070540905,0.12675732374191284,0.09438394755125046,N
../data/DWT_NEW/N/New_N_026.wav,26.34265899658203,-29.971403121948242,35.744754791259766,-18.289371490478516,-32.60760498046875,15.90001106262207,-19.9739990234375,7.985909938812256,-7.203263282775879,0.5205140709877014,-0.6626501083374023,-0.8251568078994751,0.39895713329315186,-3.977980613708496,2.5079920291900635,-3.705700159072876,-1.4169113636016846,-0.20648512244224548,0.37799128890037537,-1.3924753665924072,0.6540119647979736,-2.59689998626709,0.4325560927391052,0.8135108947753906,2.9865293502807617,2.7257323265075684,1.267959475517273,-0.28789961338043213,-1.0771663188934326,0.4868050813674927,-0.007416829466819763,-0.8132109045982361,-0.9168919324874878,0.2018527388572693,1.1241705417633057,-1.6983438730239868,-4.480029106140137,-3.5614309310913086,5.423191070556641,10.867046356201172,0.15208372473716736,0.02955281361937523,0.046863704919815063,0.06480251997709274,0.0813964307308197,0.09437243640422821,0.1021234393119812,0.10252729058265686,0.09371642768383026,0.07635895907878876,0.0523044653236866,0.02529047802090645,0.008825181052088737,0.022575262933969498,0.028608184307813644,0.024280589073896408,0.017982929944992065,0.027456825599074364,0.04117317870259285,0.05481009930372238,0.07547682523727417,0.10264262557029724,0.11610684543848038,0.09785047173500061,0.07070590555667877,0.07822130620479584,0.08008979260921478,0.08655664324760437,0.09923894703388214,0.0946531891822815,0.08704917132854462,0.06378909945487976,0.05597029998898506,0.0756923258304596,0.08527176082134247,0.12653368711471558,0.16469594836235046,0.16235703229904175,0.1274215281009674,0.08534084260463715,0.07011894136667252,0.12028290331363678,0.16697993874549866,0.1796056032180786,0.15031763911247253,0.09812910854816437,0.10940711945295334,0.15492790937423706,0.15754461288452148,0.11915592849254608,0.09787566214799881,0.12114197760820389,0.11229172348976135,0.08632196485996246,0.0818776786327362,0.07568595558404922,0.06357575953006744,0.057036951184272766,0.051659222692251205,0.04852096736431122,0.04362930357456207,N
../data/DWT_NEW/N/New_N_036.wav,25.83165740966797,-35.49143981933594,43.369911193847656,-19.301437377929688,-37.119834899902344,11.756902694702148,-16.313007354736328,10.740954399108887,-11.823116302490234,0.004600882530212402,2.5180275440216064,-2.298264980316162,-2.5756092071533203,1.9826605319976807,0.0016372203826904297,-3.0996651649475098,-1.2940996885299683,-1.211843490600586,-0.16632357239723206,0.4028823971748352,-0.5280137062072754,-0.8267836570739746,1.5212435722351074,2.1109066009521484,2.416788339614868,2.2269506454467773,0.5020374655723572,-0.8966150283813477,-0.2952958345413208,0.23822039365768433,-0.16466669738292694,-0.7945871353149414,-1.7478710412979126,-1.7602750062942505,0.4303051829338074,-0.406380295753479,-4.783635139465332,-5.270385265350342,1.9916971921920776,12.688653945922852,0.16660068929195404,0.05564790591597557,0.04738994687795639,0.03807847946882248,0.02860540710389614,0.020764140412211418,0.018195990473031998,0.02219431847333908,0.02921847067773342,0.03679274767637253,0.04325588792562485,0.04640861600637436,0.04516883194446564,0.044861022382974625,0.03696504607796669,0.026513665914535522,0.02106078900396824,0.02976742759346962,0.03450193256139755,0.026391221210360527,0.05011194199323654,0.10765065252780914,0.14922520518302917,0.14297977089881897,0.0976322814822197,0.06296126544475555,0.05615077167749405,0.07465539872646332,0.08405796438455582,0.06396353989839554,0.039495836943387985,0.052364613860845566,0.08619536459445953,0.11810822039842606,0.12399573624134064,0.15286076068878174,0.17898675799369812,0.1604403853416443,0.11494269967079163,0.07928049564361572,0.0819423496723175,0.15861499309539795,0.21018236875534058,0.21646437048912048,0.1750311255455017,0.11980316042900085,0.15896689891815186,0.2141382396221161,0.2087244689464569,0.1592361032962799,0.15917876362800598,0.18608015775680542,0.1652703434228897,0.14255638420581818,0.1447504758834839,0.13165788352489471,0.12057452648878098,0.11132936924695969,0.10269878059625626,0.09496675431728363,0.08694649487733841,N
../data/DWT_NEW/N/New_N_069.wav,43.56507873535156,-18.325820922851562,36.3831672668457,-7.095420837402344,-38.645240783691406,7.162284851074219,-22.89504623413086,17.44051742553711,-6.439201354980469,-7.319185256958008,5.892205238342285,-6.930543899536133,5.519382476806641,-7.440086364746094,3.789518356323242,-3.250068426132202,1.1261085271835327,-3.5156426429748535,2.016610860824585,-0.6135413646697998,1.7811369895935059,-0.8929314017295837,-1.7401540279388428,1.3658983707427979,-2.3372819423675537,1.5176494121551514,-1.8020033836364746,1.3213108777999878,-4.069967269897461,-1.132704257965088,-3.2848219871520996,0.072426438331604,-0.8433820009231567,0.9060527086257935,-1.6715795993804932,-3.3265042304992676,-0.23550572991371155,0.5447680354118347,0.9942959547042847,-1.8289614915847778,0.17850269377231598,0.07571263611316681,0.08131621778011322,0.0811910629272461,0.0725703239440918,0.05429539084434509,0.029171306639909744,0.011092845350503922,0.03153032064437866,0.04511917755007744,0.04521426931023598,0.03703486546874046,0.03433585911989212,0.0343753919005394,0.06252586841583252,0.12701068818569183,0.18504434823989868,0.18785536289215088,0.12398546189069748,0.07603719085454941,0.09160936623811722,0.10468842089176178,0.1955559253692627,0.21572314202785492,0.1441686749458313,0.06840899586677551,0.0508686825633049,0.0559559129178524,0.08495566993951797,0.09700684249401093,0.13110344111919403,0.23978503048419952,0.26713061332702637,0.21515965461730957,0.20698049664497375,0.16451114416122437,0.06316269934177399,0.17517870664596558,0.2733936309814453,0.3558402955532074,0.34332677721977234,0.22980907559394836,0.1523084044456482,0.3334830403327942,0.45908260345458984,0.39264416694641113,0.23920521140098572,0.39518797397613525,0.4881371259689331,0.3419954776763916,0.3408857583999634,0.4281765818595886,0.328656405210495,0.3278793394565582,0.32481104135513306,0.2584351599216461,0.234805166721344,0.1910153031349182,0.15408869087696075,0.1132269948720932,0.0666193962097168,N
../data/DWT_NEW/N/New_N_033.wav,43.696388244628906,-34.081695556640625,39.665794372558594,-12.325178146362305,-34.00695037841797,12.58346939086914,-15.53170394897461,6.753106594085693,-9.401771545410156,3.9587488174438477,-2.4985342025756836,-1.5320014953613281,0.4288884401321411,-1.6597776412963867,0.3801480829715729,-2.0706655979156494,-1.129148244857788,-0.17351582646369934,-0.5171865820884705,-0.7167526483535767,0.9370748996734619,-1.5144752264022827,-0.5817686319351196,0.6183575391769409,1.7433600425720215,1.0574631690979004,0.7201108336448669,0.13686656951904297,-0.8871864080429077,0.486997127532959,-0.13788291811943054,-1.1030858755111694,-0.4453057646751404,0.3881949186325073,-0.1015845537185669,-1.1426500082015991,-4.434240341186523,-2.236001491546631,5.685398101806641,13.666423797607422,0.18226167559623718,0.07467501610517502,0.0679500624537468,0.05949549376964569,0.049563921988010406,0.03888140618801117,0.029761988669633865,0.025708600878715515,0.029699597507715225,0.038757748901844025,0.04770626872777939,0.05133216083049774,0.046106718480587006,0.03276580199599266,0.028241831809282303,0.05201762169599533,0.06460875272750854,0.05365907400846481,0.04172426089644432,0.0720965564250946,0.08097318559885025,0.07348169386386871,0.14092282950878143,0.1827283501625061,0.15883153676986694,0.09191469848155975,0.04737527668476105,0.09077245742082596,0.1291649341583252,0.10448985546827316,0.0453631654381752,0.04314582794904709,0.10811328887939453,0.14947739243507385,0.1473085582256317,0.18724346160888672,0.22403690218925476,0.19011522829532623,0.13233700394630432,0.09745440632104874,0.11900632083415985,0.2026994228363037,0.2545029819011688,0.2531699538230896,0.19804304838180542,0.141898050904274,0.19709992408752441,0.2507806420326233,0.23509621620178223,0.18000124394893646,0.1877261847257614,0.20961298048496246,0.18341955542564392,0.1606530398130417,0.1565544605255127,0.1394157111644745,0.12224111706018448,0.10720480233430862,0.09264298528432846,0.08135619014501572,0.06947192549705505,N
../data/DWT_NEW/N/New_N_028.wav,37.428524017333984,-31.122032165527344,34.751197814941406,-15.477384567260742,-26.910343170166016,10.676959991455078,-28.54051971435547,15.511384010314941,-9.300886154174805,-1.436246633529663,-0.3750719428062439,-0.5515480041503906,-2.6061031818389893,0.5265233516693115,-0.8720459938049316,-2.65781307220459,0.7873057723045349,-2.1033499240875244,0.6044154763221741,-0.5462765097618103,-0.16673517227172852,-1.4492789506912231,2.211484909057617,-0.993825376033783,2.7330706119537354,-0.017280101776123047,1.2911385297775269,-1.3142770528793335,0.5370885729789734,-0.881777286529541,0.2974182963371277,-2.3785037994384766,-0.21629172563552856,0.032504498958587646,2.2467732429504395,-3.1650075912475586,-5.482770919799805,-3.200510263442993,4.5555009841918945,9.188573837280273,0.17881661653518677,0.04884064197540283,0.04810088127851486,0.04743368923664093,0.04570941627025604,0.042130693793296814,0.03750729560852051,0.033913709223270416,0.03420334309339523,0.03802268207073212,0.040280647575855255,0.03536587581038475,0.02256365865468979,0.023146258667111397,0.04778031259775162,0.06450960040092468,0.06010504812002182,0.035192400217056274,0.040887489914894104,0.07099534571170807,0.07053974270820618,0.06978726387023926,0.13221091032028198,0.16409310698509216,0.13589942455291748,0.07644736766815186,0.036020271480083466,0.0737210288643837,0.0922868475317955,0.06736280024051666,0.037569478154182434,0.06383391469717026,0.11859692633152008,0.1521737426519394,0.14694540202617645,0.17041751742362976,0.19019795954227448,0.14957505464553833,0.09697163105010986,0.07504285126924515,0.12714457511901855,0.2024967223405838,0.2376028299331665,0.2225266396999359,0.1621505469083786,0.12350979447364807,0.19650375843048096,0.24042831361293793,0.21149969100952148,0.1559310406446457,0.17832235991954803,0.19563952088356018,0.16388534009456635,0.1450916826725006,0.14392688870429993,0.13044454157352448,0.11649087071418762,0.10920296609401703,0.10311488807201385,0.09230209141969681,0.0824672281742096,N
../data/DWT_NEW/N/New_N_074.wav,23.69390869140625,-23.036418914794922,54.75151824951172,-21.851417541503906,-41.323951721191406,12.915653228759766,-27.079105377197266,12.314725875854492,-5.160754680633545,-8.782327651977539,6.80961275100708,-7.917327404022217,4.041255950927734,-4.16874885559082,1.4249773025512695,-2.5926427841186523,1.0017921924591064,-2.1758909225463867,1.3807201385498047,-0.3517419695854187,0.9339653849601746,0.4080010950565338,-1.7478749752044678,0.7392227649688721,-1.4067623615264893,1.2300302982330322,-2.041916847229004,-0.5121673345565796,-3.0489675998687744,-2.5502071380615234,-3.788501024246216,-0.8514982461929321,-0.07410717010498047,-1.1562669277191162,-1.5540697574615479,-3.122803211212158,-1.2254968881607056,0.1692856252193451,1.774174451828003,-3.278496265411377,0.18444333970546722,0.04825440049171448,0.0541008785367012,0.05593613535165787,0.051767125725746155,0.04079306125640869,0.02520376443862915,0.012903858907520771,0.0208273958414793,0.029261089861392975,0.030763469636440277,0.028329934924840927,0.023741621524095535,0.013462947681546211,0.0485079362988472,0.10599569976329803,0.14864051342010498,0.14319908618927002,0.08861471712589264,0.048278845846652985,0.0523240864276886,0.08038443326950073,0.1583155393600464,0.1750485897064209,0.11856551468372345,0.06657613813877106,0.04396993666887283,0.03926536813378334,0.04938753694295883,0.05169381573796272,0.09498192369937897,0.2017832100391388,0.22954511642456055,0.18822282552719116,0.1873840093612671,0.1531389355659485,0.034239545464515686,0.12866953015327454,0.22238048911094666,0.3119044601917267,0.30903711915016174,0.20607540011405945,0.11452914774417877,0.28073352575302124,0.4038989245891571,0.34155482053756714,0.18199586868286133,0.3314815163612366,0.42466050386428833,0.2837672829627991,0.2894865572452545,0.37926173210144043,0.26498109102249146,0.27457696199417114,0.2795494794845581,0.21022945642471313,0.22320380806922913,0.18160448968410492,0.16404753923416138,0.14089758694171906,0.11767269670963287,N
../data/DWT_NEW/N/New_N_003.wav,30.257394790649414,-33.37076187133789,34.082801818847656,-20.9730281829834,-34.96676254272461,13.5407133102417,-19.307344436645508,8.134560585021973,-9.034893989562988,0.7472521066665649,-1.0335890054702759,-1.3488919734954834,-0.873212456703186,-0.8471345901489258,1.5577914714813232,-3.4032225608825684,0.3274502158164978,-1.1197013854980469,-1.1545213460922241,-0.8192072510719299,0.8261537551879883,-1.8695950508117676,1.7843724489212036,0.21027791500091553,1.8111847639083862,0.8849053382873535,0.42278262972831726,-1.226508617401123,-0.77313232421875,-0.19528591632843018,-0.014980942010879517,-1.1820619106292725,-1.8992716073989868,-1.4365588426589966,0.7939484715461731,-0.18786326050758362,-2.4430954456329346,-2.3756790161132812,3.4588863849639893,12.934791564941406,0.16125617921352386,0.06312283128499985,0.053424157202243805,0.04040493816137314,0.025145824998617172,0.010116403922438622,0.008848318830132484,0.01735866814851761,0.02067665383219719,0.019575977697968483,0.021365191787481308,0.029938366264104843,0.03673017770051956,0.035373855382204056,0.025465715676546097,0.031628213822841644,0.04604009538888931,0.0454709492623806,0.03104153461754322,0.04445052519440651,0.05161888152360916,0.04743761941790581,0.10671458393335342,0.15069623291492462,0.13704586029052734,0.08819129317998886,0.053944818675518036,0.06906440854072571,0.09548608213663101,0.08539044857025146,0.04654388502240181,0.02772829681634903,0.06758935749530792,0.11364223062992096,0.12255127727985382,0.1493796855211258,0.18407973647117615,0.16931942105293274,0.12362246960401535,0.08296637237071991,0.08418948948383331,0.1601620316505432,0.21531029045581818,0.22319304943084717,0.17889979481697083,0.12172529101371765,0.1680670976638794,0.22284241020679474,0.2134293168783188,0.16188955307006836,0.16978991031646729,0.19411717355251312,0.17054809629917145,0.15044105052947998,0.14792796969413757,0.13281626999378204,0.11737386882305145,0.10550463944673538,0.09455104172229767,0.08504510670900345,0.07734251022338867,N
../data/DWT_NEW/N/New_N_110.wav,34.34153366088867,-8.994915008544922,48.81425476074219,-13.883796691894531,-24.192588806152344,28.62847137451172,-27.361541748046875,14.892865180969238,-3.850086212158203,-4.7280168533325195,7.999289512634277,-6.837479591369629,4.865033149719238,-3.787423849105835,2.7484235763549805,-2.7949252128601074,2.4485440254211426,-2.070467472076416,-0.07154170423746109,-0.8716374635696411,-1.7047276496887207,0.9898530840873718,-1.9084923267364502,2.218081474304199,-2.627896547317505,1.9470620155334473,-3.4154977798461914,2.2654953002929688,-0.9789214134216309,3.667334794998169,-0.08477835357189178,1.0482996702194214,-1.6746253967285156,0.2874891757965088,-0.2564711570739746,0.10948687791824341,-0.29484084248542786,-1.1191160678863525,-0.19828201830387115,-1.3166663646697998,0.17594307661056519,0.14589211344718933,0.11175721883773804,0.07262106239795685,0.04026966542005539,0.04540318250656128,0.06952687352895737,0.0838276594877243,0.08036164939403534,0.05989936739206314,0.039533961564302444,0.07273051142692566,0.11808538436889648,0.13643260300159454,0.10004360973834991,0.06407317519187927,0.16723844408988953,0.23997801542282104,0.20180054008960724,0.14465487003326416,0.28146374225616455,0.3146288990974426,0.21801671385765076,0.16695895791053772,0.15781152248382568,0.14078399538993835,0.15027548372745514,0.10198013484477997,0.10214097797870636,0.1553327441215515,0.2299412190914154,0.2602443993091583,0.2664794921875,0.30673569440841675,0.27247023582458496,0.15425506234169006,0.09324447065591812,0.14939364790916443,0.27069923281669617,0.3363206684589386,0.30894556641578674,0.19334682822227478,0.08531643450260162,0.24518314003944397,0.3407471179962158,0.2779185473918915,0.11687853932380676,0.23279725015163422,0.3162800967693329,0.20824699103832245,0.1923026591539383,0.2806956171989441,0.205696240067482,0.21970316767692566,0.23183542490005493,0.19228121638298035,0.21000075340270996,0.17714965343475342,0.17706668376922607,0.15374615788459778,0.14176788926124573,N
../data/DWT_NEW/N/New_N_179.wav,56.071475982666016,-22.30680274963379,39.968589782714844,-10.562345504760742,-23.71548843383789,18.097963333129883,-16.22997283935547,8.057088851928711,-6.043410301208496,3.2641279697418213,-0.7313324809074402,0.2031444013118744,1.5454291105270386,-3.960902690887451,3.267392635345459,-3.2882437705993652,1.0304875373840332,-0.8248720169067383,1.5116252899169922,-2.1444129943847656,2.255805015563965,-2.570697784423828,1.2656433582305908,-1.3149986267089844,1.6148617267608643,-0.8398953676223755,1.625124216079712,-0.6791278719902039,0.12443405389785767,-1.5745643377304077,-0.16596722602844238,-0.6612212657928467,-0.17385980486869812,-0.3341538906097412,0.6604257822036743,-2.682218074798584,-5.549742698669434,-1.1700142621994019,7.463492393493652,11.681843757629395,0.1833937019109726,0.03420519828796387,0.045669540762901306,0.07196203619241714,0.09086106717586517,0.09445956349372864,0.07977493107318878,0.04741719737648964,0.01539471372961998,0.05492591857910156,0.09242753684520721,0.10290422290563583,0.07901160418987274,0.04319243133068085,0.10939641296863556,0.16299737989902496,0.16011624038219452,0.09852436184883118,0.0789128765463829,0.13019201159477234,0.1181444600224495,0.1486586332321167,0.2717260420322418,0.306884765625,0.23023486137390137,0.16264180839061737,0.14656467735767365,0.184409499168396,0.200410395860672,0.1576594114303589,0.1040680930018425,0.09961242973804474,0.16004648804664612,0.22811590135097504,0.24581801891326904,0.2736123204231262,0.302132248878479,0.2710854411125183,0.21049174666404724,0.1603391170501709,0.17053557932376862,0.2552827000617981,0.3145998418331146,0.3165930211544037,0.2593276798725128,0.18953925371170044,0.22929733991622925,0.29033899307250977,0.28067338466644287,0.21549677848815918,0.2061530351638794,0.23299774527549744,0.20757675170898438,0.17504732310771942,0.17210529744625092,0.15642891824245453,0.14021652936935425,0.12701235711574554,0.11302871257066727,0.09782499074935913,0.08384902775287628,N
../data/DWT_NEW/N/New_N_124.wav,23.363101959228516,-11.508150100708008,53.49702453613281,-23.317293167114258,-21.9273681640625,32.594703674316406,-34.134422302246094,17.923988342285156,-3.3192081451416016,-6.8082051277160645,8.245314598083496,-4.415297985076904,0.9302154779434204,-0.3508760929107666,0.488925039768219,-2.5952210426330566,3.781846046447754,-2.6138882637023926,-0.09896205365657806,-1.04136061668396,-1.5778238773345947,-0.3579011559486389,0.6589131951332092,-0.8433867692947388,-0.6280441284179688,0.8181149959564209,-2.1294846534729004,0.2683327794075012,0.998140811920166,2.0633089542388916,1.5502073764801025,-0.05136317014694214,-2.4367785453796387,-0.6914083957672119,0.1895950436592102,0.23751097917556763,-0.7100691199302673,-1.439497470855713,-0.6120970249176025,-0.3880077600479126,0.17853160202503204,0.10018675774335861,0.07716582715511322,0.057795122265815735,0.052194684743881226,0.05998046696186066,0.06874044984579086,0.07057381421327591,0.06340114772319794,0.048750780522823334,0.030423706397414207,0.03990744799375534,0.0804123505949974,0.11854636669158936,0.1281077265739441,0.11406823992729187,0.132503941655159,0.17158028483390808,0.15986251831054688,0.13627184927463531,0.23278170824050903,0.25776830315589905,0.18248815834522247,0.12841659784317017,0.11480981111526489,0.10237814486026764,0.12002775073051453,0.0995323434472084,0.0865321159362793,0.07361160218715668,0.17188769578933716,0.19192469120025635,0.16682745516300201,0.215778648853302,0.22534486651420593,0.12811943888664246,0.07162376493215561,0.10320205241441727,0.1820850819349289,0.25373268127441406,0.2458825707435608,0.17533250153064728,0.07654223591089249,0.18364104628562927,0.2735251486301422,0.24550923705101013,0.1276315152645111,0.1901671439409256,0.2705625891685486,0.198659747838974,0.16508077085018158,0.24226050078868866,0.192154198884964,0.18486350774765015,0.20586815476417542,0.16777746379375458,0.18133392930030823,0.15739217400550842,0.15455850958824158,0.1371626853942871,0.12622077763080597,N
../data/DWT_NEW/N/New_N_146.wav,29.758880615234375,-5.192482948303223,42.32890319824219,-18.21626853942871,-36.91860580444336,20.56934356689453,-21.742334365844727,18.55294418334961,-16.47433853149414,0.8344111442565918,8.630783081054688,-8.997081756591797,2.090874433517456,-0.12050449848175049,0.8457631468772888,-2.5055646896362305,2.766718626022339,-5.057112216949463,5.36128044128418,-4.071562767028809,0.8757335543632507,-2.3492088317871094,1.1657708883285522,-2.2111244201660156,4.0981597900390625,-1.1402524709701538,1.8644111156463623,-1.8170366287231445,0.2857193946838379,-1.0949580669403076,1.3907852172851562,-1.6499974727630615,0.8547747731208801,-1.2752256393432617,0.16801907122135162,-0.49693578481674194,-0.02491755783557892,-1.129154920578003,-0.27023398876190186,-0.7961894273757935,0.15391767024993896,0.08994805812835693,0.07444319128990173,0.05146336928009987,0.02279183268547058,0.014756815508008003,0.04560883715748787,0.07218919694423676,0.0870485007762909,0.08576832711696625,0.06568178534507751,0.02950332872569561,0.04603523761034012,0.10880282521247864,0.15844810009002686,0.1701231300830841,0.12957732379436493,0.061773039400577545,0.08674825727939606,0.10927683115005493,0.08295086026191711,0.13287986814975739,0.19009345769882202,0.16256040334701538,0.09943757951259613,0.08822239190340042,0.10007461905479431,0.13480055332183838,0.13477402925491333,0.10153438150882721,0.11747249960899353,0.19806382060050964,0.21660837531089783,0.17295308411121368,0.1813478022813797,0.17989027500152588,0.12873972952365875,0.14490316808223724,0.18617865443229675,0.23128622770309448,0.2554967403411865,0.2229001224040985,0.1587914377450943,0.16615033149719238,0.2587198317050934,0.2894306182861328,0.22426512837409973,0.16285185515880585,0.2697542905807495,0.28105565905570984,0.2115553617477417,0.24150413274765015,0.25409507751464844,0.22361904382705688,0.2189052551984787,0.20572805404663086,0.18815217912197113,0.1696263998746872,0.1522686779499054,0.13221463561058044,0.11125225573778152,N
../data/DWT_NEW/N/New_N_195.wav,30.825716018676758,-71.12934875488281,7.780913352966309,-33.81368637084961,-2.3620550632476807,4.12889289855957,-0.5360294580459595,-0.7012906074523926,5.454118728637695,-1.7027963399887085,3.868320941925049,-2.253857374191284,1.3771404027938843,1.5350310802459717,-2.154057025909424,0.4671836793422699,-0.9294933080673218,-1.0525896549224854,1.8756012916564941,-1.206890344619751,0.6993417739868164,-1.4910407066345215,0.19278520345687866,-0.4535602331161499,0.29540446400642395,-0.2752373218536377,-0.4882780909538269,-0.2433396279811859,-0.660577118396759,-0.13186988234519958,-0.7491475343704224,-0.5217403173446655,-0.6066431403160095,-0.4129875898361206,-0.1736174374818802,-0.29159510135650635,0.2659740447998047,0.4119332730770111,0.6220033168792725,0.9168904423713684,0.19314083456993103,0.008939000777900219,0.006851688958704472,0.006710780784487724,0.010874759405851364,0.01754254847764969,0.024695470929145813,0.03050294518470764,0.03319581225514412,0.032577384263277054,0.031000390648841858,0.03343343734741211,0.04091769829392433,0.046876274049282074,0.045955121517181396,0.037405528128147125,0.024973450228571892,0.014876389876008034,0.015603244304656982,0.027155065909028053,0.03909585624933243,0.04291900247335434,0.037747934460639954,0.03207552433013916,0.033650487661361694,0.035072922706604004,0.03126838058233261,0.02921014465391636,0.02456776052713394,0.0263069961220026,0.03852479159832001,0.04377231001853943,0.03037393093109131,0.017777226865291595,0.02185957133769989,0.017093900591135025,0.032112766057252884,0.04686407744884491,0.05350368469953537,0.05209919065237045,0.04076611250638962,0.03135650232434273,0.04920237883925438,0.0702286884188652,0.07265328615903854,0.05880133807659149,0.051305558532476425,0.08043251186609268,0.09094255417585373,0.07496315240859985,0.08450686186552048,0.10787777602672577,0.09943751245737076,0.10974108427762985,0.12698648869991302,0.12967665493488312,0.14399611949920654,0.15239931643009186,0.16104523837566376,0.16790775954723358,0.17050215601921082,N
../data/DWT_NEW/N/New_N_169.wav,30.427379608154297,-35.93761444091797,44.287254333496094,-16.97415542602539,-39.57901382446289,14.361120223999023,-14.265440940856934,7.424206256866455,-9.68017578125,-1.5187304019927979,-0.47940975427627563,2.083843469619751,-1.434118390083313,-4.437013149261475,0.8524973392486572,-4.101904392242432,-0.43966126441955566,1.165696144104004,-0.3283173441886902,-0.921061098575592,1.0391998291015625,-3.0486316680908203,-1.886003017425537,0.4000742435455322,2.837440013885498,5.709647178649902,2.8734540939331055,-0.35149717330932617,-3.052722454071045,1.0210545063018799,1.6021900177001953,1.2663840055465698,-1.7551345825195312,-0.12880608439445496,2.799513339996338,0.7157641649246216,-5.985790252685547,-3.6896417140960693,11.761125564575195,20.573829650878906,0.17308761179447174,0.07619495689868927,0.06689287722110748,0.05543040856719017,0.04278029501438141,0.030571235343813896,0.021269280463457108,0.015243656933307648,0.009526334702968597,0.0036804364062845707,0.014976896345615387,0.028339095413684845,0.037962134927511215,0.040263302624225616,0.03878968209028244,0.036042533814907074,0.03172457963228226,0.02016596682369709,0.025155596435070038,0.0493159294128418,0.05437329784035683,0.060131654143333435,0.12725673615932465,0.16875764727592468,0.14923357963562012,0.09519055485725403,0.05825626850128174,0.07931309938430786,0.11567239463329315,0.1066562831401825,0.05968772619962692,0.02052292786538601,0.06884327530860901,0.10887806862592697,0.12163563072681427,0.1559116393327713,0.1890241950750351,0.16695572435855865,0.11139100790023804,0.0541779063642025,0.0703897699713707,0.14452539384365082,0.1923535019159317,0.19324496388435364,0.14423048496246338,0.07306002825498581,0.12696638703346252,0.17282778024673462,0.16093333065509796,0.10536623746156693,0.09868979454040527,0.12369208037853241,0.10328762233257294,0.07376322895288467,0.07446366548538208,0.06620322912931442,0.056819066405296326,0.05446254462003708,0.05112183839082718,0.049755312502384186,0.04764760658144951,N
../data/DWT_NEW/N/New_N_167.wav,33.727806091308594,-25.969261169433594,48.57647705078125,-9.156789779663086,-32.2016716003418,20.956092834472656,-15.76465129852295,7.089110374450684,-3.56512451171875,2.401822566986084,-1.1404175758361816,-1.3183887004852295,2.880342483520508,-2.4394824504852295,1.8205758333206177,-3.4650070667266846,1.6688951253890991,-1.5158172845840454,2.4249496459960938,-1.6113946437835693,1.5883879661560059,-2.3168160915374756,0.21704471111297607,-0.6367990970611572,2.524351119995117,1.9824527502059937,1.1590754985809326,-1.126895546913147,-1.037880778312683,0.8330589532852173,-0.2281072735786438,-0.8664238452911377,-0.9092191457748413,0.45408275723457336,0.4010527729988098,-0.6396827697753906,-4.0591349601745605,-1.1621758937835693,8.122796058654785,17.03578758239746,0.16622650623321533,0.07885867357254028,0.04717309772968292,0.018168408423662186,0.018465489149093628,0.03737610578536987,0.04854400455951691,0.04998418688774109,0.044211529195308685,0.03927827998995781,0.04082946479320526,0.040794193744659424,0.03421228379011154,0.04743059724569321,0.08673657476902008,0.11708903312683105,0.11766740679740906,0.08351656049489975,0.03819878026843071,0.03383453190326691,0.0555209182202816,0.16167718172073364,0.27174755930900574,0.2962391972541809,0.21937498450279236,0.1131422221660614,0.06250680983066559,0.12736713886260986,0.16420307755470276,0.13199546933174133,0.07407759130001068,0.051432594656944275,0.1150081604719162,0.16322916746139526,0.15554538369178772,0.1794695258140564,0.22291380167007446,0.2057490348815918,0.14942866563796997,0.09898151457309723,0.10469958186149597,0.17266711592674255,0.22380611300468445,0.23058444261550903,0.1839984804391861,0.12121113389730453,0.1611112654209137,0.21002019941806793,0.20169508457183838,0.1512467861175537,0.14902932941913605,0.17064720392227173,0.15076099336147308,0.12816712260246277,0.12496449053287506,0.1117432713508606,0.09763344377279282,0.08490948379039764,0.07478462904691696,0.06363753974437714,0.05530555546283722,N
../data/DWT_NEW/N/New_N_005.wav,40.076133728027344,-20.417814254760742,41.164031982421875,-4.0040998458862305,-24.836380004882812,17.874317169189453,-19.153385162353516,14.316367149353027,-8.219917297363281,1.9350011348724365,-0.598402202129364,0.7882305383682251,0.8503880500793457,-2.6749753952026367,1.6407002210617065,-2.831555128097534,0.8125848174095154,-1.8281290531158447,2.059873104095459,-1.6482234001159668,1.7606607675552368,-3.6887216567993164,2.3766696453094482,0.16754686832427979,3.916745901107788,2.408046245574951,3.0040054321289062,-1.1022039651870728,0.12856841087341309,0.7812578678131104,0.9738138914108276,-1.3038098812103271,1.0378291606903076,0.31269901990890503,0.43697911500930786,-2.487403392791748,-1.0808074474334717,-0.43653780221939087,7.502011299133301,12.822310447692871,0.16364949941635132,0.1534685492515564,0.12416988611221313,0.09109920263290405,0.05653739348053932,0.0266396626830101,0.028572674840688705,0.05009450763463974,0.06643757224082947,0.07541400194168091,0.07956942170858383,0.08249007165431976,0.08587081730365753,0.08613201975822449,0.07692602276802063,0.05235859751701355,0.025126751512289047,0.05200072005391121,0.0793100893497467,0.07258188724517822,0.09079819917678833,0.20441582798957825,0.3021754026412964,0.3136431574821472,0.2331620454788208,0.14182955026626587,0.11172643303871155,0.12788695096969604,0.1677349954843521,0.15834970772266388,0.10395805537700653,0.07216297090053558,0.11256915330886841,0.14742355048656464,0.15935760736465454,0.19810865819454193,0.23577076196670532,0.21770741045475006,0.16172721982002258,0.09672104567289352,0.08289587497711182,0.1445089876651764,0.19979014992713928,0.20929205417633057,0.17178784310817719,0.11193357408046722,0.10771267116069794,0.15765947103500366,0.16198046505451202,0.1259097456932068,0.09382620453834534,0.11356155574321747,0.11100462824106216,0.09033247083425522,0.0839260071516037,0.08186842501163483,0.07620260119438171,0.0738186165690422,0.07234740257263184,0.0706707164645195,0.06855107098817825,N
../data/DWT_NEW/N/New_N_194.wav,50.608970642089844,-79.86203002929688,-4.296512603759766,-33.90889358520508,-6.518874168395996,-4.066098690032959,-0.6623688340187073,-0.6597116589546204,-0.062223076820373535,0.34613120555877686,3.635728359222412,-4.154869556427002,4.334604263305664,-0.43655121326446533,-0.7431133985519409,2.63236403465271,-2.410618305206299,1.6455806493759155,0.20957709848880768,-0.5982646942138672,-0.15620052814483643,-1.0436804294586182,-0.025717362761497498,0.8466982841491699,0.546286940574646,0.06137752905488014,-0.1984422504901886,-1.461153507232666,-0.7536836862564087,-0.48572838306427,-0.1848956048488617,0.0629851222038269,-0.3750770688056946,0.2118116021156311,0.5066558122634888,-0.05004432797431946,-0.007686629891395569,0.11621886491775513,-0.044252194464206696,-0.23568466305732727,0.23041598498821259,0.0031310375779867172,0.0024922159500420094,0.004688868299126625,0.00904892198741436,0.014731040224432945,0.020993657410144806,0.026532363146543503,0.02934694103896618,0.02762996405363083,0.02003803290426731,0.007965833880007267,0.016009079292416573,0.032867442816495895,0.04241986200213432,0.04038577899336815,0.027172554284334183,0.011099370196461678,0.014065364375710487,0.014454878866672516,0.023040181025862694,0.03672125190496445,0.037406597286462784,0.026022106409072876,0.021075336262583733,0.020232871174812317,0.020400777459144592,0.020248280838131905,0.026478972285985947,0.038532912731170654,0.04738646745681763,0.05189342051744461,0.044500984251499176,0.03228503465652466,0.023986896499991417,0.0122136939316988,0.032913289964199066,0.05397190898656845,0.0683564618229866,0.07008077204227448,0.052070893347263336,0.029692044481635094,0.05225081741809845,0.08111196756362915,0.08702004700899124,0.06115487217903137,0.053613752126693726,0.08572041243314743,0.09396691620349884,0.06567998230457306,0.08542105555534363,0.1005949005484581,0.0852384865283966,0.09537362307310104,0.09863241016864777,0.09750980883836746,0.09883236140012741,0.10006126016378403,0.10076446831226349,0.10063312947750092,0.10043613612651825,N
../data/DWT_NEW/N/New_N_007.wav,43.423274993896484,-27.94410514831543,42.75227355957031,-6.640683174133301,-24.76136589050293,17.572830200195312,-14.48670482635498,7.993639945983887,-1.7525051832199097,-0.007442012429237366,-0.4009472727775574,-1.3520948886871338,4.572820663452148,-6.04930305480957,3.3348278999328613,-2.9970040321350098,2.9018361568450928,-0.9072067737579346,1.727857232093811,-1.6678740978240967,1.6811656951904297,-1.732914924621582,-0.6739586591720581,-1.4552984237670898,-0.20693039894104004,1.0623317956924438,-0.025826865807175636,1.605764389038086,-1.1501308679580688,1.0143744945526123,-1.7553995847702026,0.48943769931793213,-1.3610730171203613,1.5987573862075806,-1.2697513103485107,-1.8092199563980103,-2.752124071121216,2.8072383403778076,8.923521995544434,12.262655258178711,0.17054933309555054,0.04545009881258011,0.018185721710324287,0.034788742661476135,0.0571993887424469,0.06837649643421173,0.06465935707092285,0.04606965184211731,0.02032492496073246,0.034591395407915115,0.06222713738679886,0.07413420081138611,0.06799044460058212,0.06993556767702103,0.1136963739991188,0.1469067931175232,0.13690626621246338,0.08273553848266602,0.05736126750707626,0.08626735955476761,0.07810303568840027,0.163850799202919,0.2723410129547119,0.28592926263809204,0.20329445600509644,0.12656903266906738,0.11101624369621277,0.17332902550697327,0.20018993318080902,0.14948761463165283,0.07242656499147415,0.06031360477209091,0.12187281250953674,0.17277325689792633,0.1796874701976776,0.2201281189918518,0.2546403706073761,0.2247515320777893,0.1674785315990448,0.10659881681203842,0.11750911176204681,0.1907830834388733,0.23937243223190308,0.24034789204597473,0.18728172779083252,0.11455381661653519,0.16012465953826904,0.2101515531539917,0.19961842894554138,0.1450018733739853,0.1435202658176422,0.1740374118089676,0.1583578884601593,0.13760428130626678,0.14111745357513428,0.13233019411563873,0.11998815089464188,0.1092841848731041,0.09466508030891418,0.07849046587944031,0.06224348768591881,N
../data/DWT_NEW/N/New_N_200.wav,39.54893493652344,-81.71240234375,7.420217514038086,-39.938072204589844,2.845595598220825,7.182387828826904,7.266305923461914,4.190009117126465,9.727415084838867,3.9504687786102295,3.6083579063415527,1.4281346797943115,0.6278121471405029,-0.09372717142105103,-1.559897541999817,-1.6899583339691162,-1.0534896850585938,-2.5841875076293945,1.2751935720443726,-2.1758570671081543,0.360980361700058,0.41632965207099915,0.8600928783416748,1.5609164237976074,0.7799546718597412,0.6034344434738159,0.10760687291622162,-0.22049444913864136,-0.31110239028930664,-0.6211575865745544,-0.7593903541564941,-0.9297628998756409,-0.5355786681175232,-0.32542097568511963,0.1685168445110321,0.6255376935005188,1.0089081525802612,1.5566935539245605,1.8862308263778687,1.8271024227142334,0.26363086700439453,0.03805547207593918,0.033293887972831726,0.02517833188176155,0.017418108880519867,0.022134995087981224,0.03706568479537964,0.05163826793432236,0.05955533683300018,0.05698341876268387,0.04224482178688049,0.01843070611357689,0.022039545699954033,0.045950595289468765,0.05834849923849106,0.05170917883515358,0.030632371082901955,0.022028420120477676,0.036593224853277206,0.03694272041320801,0.025342639535665512,0.027838684618473053,0.03582428768277168,0.028759781271219254,0.03851475566625595,0.05255599319934845,0.0476958192884922,0.04262050241231918,0.04210098832845688,0.046310752630233765,0.04655089229345322,0.04177069664001465,0.03280940651893616,0.03035372868180275,0.031290266662836075,0.0362689346075058,0.04399793967604637,0.042488954961299896,0.03915809839963913,0.02909061312675476,0.0171097032725811,0.01873282715678215,0.025691088289022446,0.030059028416872025,0.029818564653396606,0.024109000340104103,0.015648219734430313,0.029718294739723206,0.04292822256684303,0.042932845652103424,0.04168765991926193,0.05480878800153732,0.057311177253723145,0.06027350574731827,0.06801770627498627,0.07308029383420944,0.07816806435585022,0.0833369717001915,0.08909512311220169,0.096277616918087,0.10508022457361221,N
../data/DWT_NEW/N/New_N_013.wav,46.16645050048828,-22.29595184326172,49.264896392822266,-10.740453720092773,-23.832656860351562,19.557819366455078,-19.443866729736328,10.596588134765625,-3.8683178424835205,2.3827710151672363,-4.039741516113281,3.264486074447632,0.761597752571106,-3.1054840087890625,1.8858985900878906,-0.584206223487854,-3.1033854484558105,1.7048629522323608,1.051983118057251,-0.07868331670761108,0.0508539080619812,-1.5480763912200928,-0.8556914329528809,2.2889597415924072,4.331464767456055,3.179640531539917,1.1689376831054688,-0.0001049339771270752,-0.27347326278686523,0.32407212257385254,0.9771832227706909,-0.5295413732528687,0.13420796394348145,0.35329246520996094,1.3541204929351807,-1.020918607711792,-3.1720542907714844,-1.899216651916504,5.462109565734863,10.949665069580078,0.18215394020080566,0.16750642657279968,0.14211806654930115,0.11290018260478973,0.08211258053779602,0.0558401420712471,0.04918549954891205,0.06444771587848663,0.08299385011196136,0.09613324701786041,0.1025659441947937,0.10403017699718475,0.10415235161781311,0.09774912148714066,0.08385531604290009,0.05362825095653534,0.030315060168504715,0.06677468121051788,0.08722972869873047,0.06765985488891602,0.11764465272426605,0.23876985907554626,0.3227788805961609,0.31507608294487,0.22716346383094788,0.12672051787376404,0.07497482746839523,0.08388609439134598,0.14053595066070557,0.15687111020088196,0.1418064534664154,0.12603484094142914,0.16161365807056427,0.16566923260688782,0.1408555954694748,0.17815250158309937,0.20087231695652008,0.17937719821929932,0.15338373184204102,0.13045120239257812,0.14481979608535767,0.17443951964378357,0.17997285723686218,0.16309192776679993,0.14137029647827148,0.1354542374610901,0.14289963245391846,0.14558762311935425,0.12626665830612183,0.08537980914115906,0.09431236982345581,0.10270954668521881,0.07659460604190826,0.05913352966308594,0.06151631474494934,0.04720933735370636,0.03915758058428764,0.034252721816301346,0.029662961140275,0.03072880581021309,0.03204372152686119,N
../data/DWT_NEW/N/New_N_199.wav,55.905029296875,-63.01945495605469,4.717714309692383,-33.61286926269531,-2.2542216777801514,5.131944179534912,0.24181735515594482,1.713635802268982,6.000810623168945,-1.661133050918579,4.785165309906006,-2.0523762702941895,1.5398404598236084,1.2691197395324707,-1.798205852508545,0.7776846289634705,-0.9661111831665039,-0.3932449519634247,1.17306387424469,-0.6965755224227905,0.05830162763595581,-0.7086161375045776,-0.17995493113994598,0.017278142273426056,0.25260066986083984,-0.2241435945034027,-0.08912980556488037,-0.30196887254714966,-0.2707749903202057,-0.1647164523601532,-0.4750993847846985,-0.757199764251709,-0.7299581170082092,-1.1265449523925781,-0.7883574962615967,-1.0927026271820068,-0.6360587477684021,-0.17260946333408356,0.23430141806602478,0.7429046034812927,0.21275018155574799,0.03280508518218994,0.023445898666977882,0.01378913875669241,0.014429952949285507,0.025904303416609764,0.03755684196949005,0.04564666375517845,0.048221927136182785,0.045702144503593445,0.0408146008849144,0.039206668734550476,0.04510732367634773,0.05425747483968735,0.05300280451774597,0.037844255566596985,0.023600175976753235,0.051421165466308594,0.06765326857566833,0.05893741548061371,0.04915981739759445,0.06510401517152786,0.05618642643094063,0.04989352077245712,0.0696520209312439,0.06684534251689911,0.039891317486763,0.022709842771291733,0.028346676379442215,0.03216318041086197,0.03165822476148605,0.036600932478904724,0.04562540352344513,0.050286829471588135,0.043619707226753235,0.051245443522930145,0.056030310690402985,0.04021575301885605,0.026803534477949142,0.027512457221746445,0.04233028367161751,0.06512820720672607,0.08133850991725922,0.0801185816526413,0.06431372463703156,0.07312045991420746,0.10647933930158615,0.1230200007557869,0.11295893788337708,0.12155185639858246,0.15532231330871582,0.16168372333049774,0.15172727406024933,0.18586395680904388,0.19084180891513824,0.19850626587867737,0.21470580995082855,0.22308020293712616,0.22884775698184967,0.2330215871334076,0.231837660074234,N
../data/DWT_NEW/N/New_N_122.wav,35.1087760925293,-16.67789077758789,41.405235290527344,-16.773157119750977,-18.958087921142578,21.231340408325195,-28.542593002319336,19.77969741821289,-6.780247688293457,-5.498322486877441,9.973650932312012,-7.655206680297852,3.606534004211426,-1.1901988983154297,-0.45170021057128906,-0.9463465213775635,2.254291296005249,-3.036052703857422,-0.05396372079849243,-1.0662157535552979,-2.1128904819488525,0.9356617331504822,-1.3071815967559814,0.4243643581867218,-1.0733907222747803,0.6966930031776428,-2.2539782524108887,0.8813947439193726,-0.4449714422225952,2.783902168273926,1.550133228302002,0.3149903118610382,-1.3983116149902344,-0.39421355724334717,-0.18146446347236633,0.12717951834201813,-0.7384107112884521,-1.3244516849517822,-0.4249809980392456,-1.2982628345489502,0.17530333995819092,0.12465937435626984,0.10980598628520966,0.08929736912250519,0.0655788853764534,0.044234953820705414,0.03572189435362816,0.039941638708114624,0.043100275099277496,0.03988495469093323,0.03194369748234749,0.02620500698685646,0.0424717515707016,0.0781780481338501,0.11917251348495483,0.15219345688819885,0.16530650854110718,0.15349449217319489,0.12466268241405487,0.12478171288967133,0.20528659224510193,0.25656431913375854,0.22219105064868927,0.12588101625442505,0.05018675699830055,0.09022627770900726,0.11368688941001892,0.07781289517879486,0.061065711081027985,0.07768487930297852,0.15594986081123352,0.15003764629364014,0.11462180316448212,0.20014244318008423,0.1947914958000183,0.08826754987239838,0.04399554431438446,0.058558836579322815,0.18195368349552155,0.23925060033798218,0.23129606246948242,0.14869222044944763,0.05754103511571884,0.1954672783613205,0.28536081314086914,0.240754634141922,0.10811163485050201,0.2120416760444641,0.29072505235671997,0.1974431872367859,0.18019527196884155,0.2669469714164734,0.19980701804161072,0.2048196792602539,0.22556573152542114,0.1832631230354309,0.20145605504512787,0.17423073947429657,0.1745814085006714,0.1569172739982605,0.1512073576450348,N
../data/DWT_NEW/N/New_N_165.wav,34.86848449707031,-30.641111373901367,40.429283142089844,-19.33522605895996,-30.155858993530273,15.070374488830566,-19.788330078125,8.118090629577637,-7.369759559631348,1.311150312423706,-2.338766098022461,0.4942058324813843,0.8078373670578003,-2.6816608905792236,1.8743040561676025,-2.433892250061035,-0.6792098879814148,-1.5834925174713135,1.6076765060424805,-2.3135805130004883,1.1828702688217163,-2.847604274749756,1.3863978385925293,0.2309342622756958,2.8191967010498047,0.25483274459838867,0.47171521186828613,-1.1262547969818115,-0.2264237403869629,-0.21710669994354248,-0.7740610837936401,-1.3603049516677856,-0.9073479771614075,0.05530974268913269,-0.11605662107467651,-1.9030207395553589,-4.492238998413086,-2.6276695728302,5.133604049682617,11.620283126831055,0.16938218474388123,0.05307736247777939,0.03868652880191803,0.02225848287343979,0.005751283839344978,0.015112610533833504,0.031683310866355896,0.04566871374845505,0.05520670861005783,0.059786777943372726,0.05950608104467392,0.05479917675256729,0.04799097776412964,0.047347135841846466,0.044000789523124695,0.04242079332470894,0.04963885247707367,0.06503735482692719,0.07473351061344147,0.06437017023563385,0.04382367432117462,0.08987173438072205,0.14924989640712738,0.1593950092792511,0.11983980983495712,0.09968344122171402,0.10105464607477188,0.09034056961536407,0.09397973120212555,0.08336718380451202,0.060055553913116455,0.04743543267250061,0.08550947904586792,0.12553955614566803,0.13996240496635437,0.1622849404811859,0.18408438563346863,0.16795037686824799,0.11917237192392349,0.06983597576618195,0.09404147416353226,0.15823796391487122,0.19911903142929077,0.1916305273771286,0.1369827687740326,0.08170903474092484,0.13628247380256653,0.1711876392364502,0.1527966558933258,0.09612200409173965,0.09674979746341705,0.11995512247085571,0.10252316296100616,0.07906897366046906,0.080483078956604,0.07340024411678314,0.06345874816179276,0.050687044858932495,0.04008457809686661,0.025005187839269638,0.008569560013711452,N
../data/DWT_NEW/N/New_N_065.wav,40.4281005859375,-15.27403736114502,40.93791580200195,-10.501016616821289,-20.641117095947266,23.254505157470703,-27.340303421020508,18.132564544677734,-6.754910469055176,-5.186604976654053,8.116313934326172,-7.810551166534424,4.486637115478516,-1.8057037591934204,1.2257282733917236,-2.0459022521972656,2.6338019371032715,-3.0845983028411865,1.128557562828064,-1.0079829692840576,-1.2154812812805176,0.5050055980682373,-1.6119472980499268,0.5289493203163147,-1.2934105396270752,1.4111526012420654,-1.71848726272583,2.0566751956939697,-1.7460944652557373,0.9598104357719421,-0.8098931312561035,0.471210241317749,-1.2100427150726318,0.605907678604126,-0.4249074459075928,0.17177154123783112,-0.3815896511077881,-0.9931683540344238,-0.2820100784301758,-0.9682715535163879,0.18161937594413757,0.1225128322839737,0.09679827094078064,0.06976717710494995,0.049351513385772705,0.04409360885620117,0.04777832329273224,0.04718053340911865,0.0395084023475647,0.03695768862962723,0.05775243788957596,0.090999536216259,0.122984878718853,0.14401385188102722,0.13650910556316376,0.1238122284412384,0.12587563693523407,0.09984439611434937,0.09374567866325378,0.2369796633720398,0.3311692476272583,0.29439324140548706,0.17148633301258087,0.07676047831773758,0.10363422334194183,0.16272306442260742,0.13700434565544128,0.06081654131412506,0.0643862709403038,0.15960973501205444,0.19467230141162872,0.14890357851982117,0.24419641494750977,0.2866919934749603,0.1951349377632141,0.13530994951725006,0.05278777331113815,0.12438933551311493,0.23217876255512238,0.29558852314949036,0.2867783308029175,0.17361870408058167,0.07145598530769348,0.2311430275440216,0.3307034969329834,0.2709188461303711,0.10976108908653259,0.23592743277549744,0.3233632743358612,0.2008371353149414,0.18199269473552704,0.2916504144668579,0.1847919225692749,0.2027493566274643,0.23369650542736053,0.13130579888820648,0.20646876096725464,0.11109377443790436,0.16369277238845825,0.09041178971529007,0.11985893547534943,N
../data/DWT_NEW/N/New_N_160.wav,33.101280212402344,-35.10325622558594,33.1491584777832,-20.985584259033203,-35.883827209472656,11.809070587158203,-22.999000549316406,10.12457275390625,-9.9896240234375,-1.9774246215820312,-0.7424410581588745,-2.618974447250366,-0.9861714243888855,-2.3604576587677,-0.14208689332008362,-4.498553276062012,-1.2870765924453735,-2.41145658493042,1.8036308288574219,-1.7388267517089844,0.4786471724510193,-3.6036882400512695,-0.7791314125061035,0.4975193738937378,3.972870111465454,1.706357717514038,0.8940198421478271,-0.9349961280822754,-0.9435049295425415,-0.038191914558410645,0.15004031360149384,-0.8565076589584351,-2.312091112136841,-0.4283451735973358,0.26461875438690186,0.1013801097869873,-5.0284223556518555,-2.3708457946777344,5.15472412109375,16.470529556274414,0.17396321892738342,0.03805746138095856,0.03333304077386856,0.029707251116633415,0.02719416655600071,0.024615418165922165,0.020409271121025085,0.01317198108881712,0.00411638431251049,0.012488264590501785,0.024450786411762238,0.03132517635822296,0.029497824609279633,0.018123453482985497,0.021614326164126396,0.03365660458803177,0.033672988414764404,0.020071756094694138,0.02950853481888771,0.046618424355983734,0.040249042212963104,0.06630106270313263,0.12828943133354187,0.1526130735874176,0.11979994177818298,0.06729662418365479,0.04702991247177124,0.07835769653320312,0.10168689489364624,0.08232694864273071,0.042197335511446,0.031927917152643204,0.08509267121553421,0.12514854967594147,0.12730230391025543,0.15718142688274384,0.1888769567012787,0.165925532579422,0.11047784984111786,0.06341458857059479,0.09801141172647476,0.1729373037815094,0.2214917689561844,0.21902844309806824,0.16275745630264282,0.11004093289375305,0.17661049962043762,0.2207341194152832,0.1946330964565277,0.1383819580078125,0.15703490376472473,0.1698765754699707,0.1342654824256897,0.11349324882030487,0.1056763231754303,0.08590594679117203,0.06855494529008865,0.052569322288036346,0.040351029485464096,0.032101139426231384,0.023661024868488312,N
../data/DWT_NEW/N/New_N_171.wav,45.627159118652344,-16.896934509277344,45.225135803222656,-11.882699966430664,-23.244752883911133,22.465824127197266,-21.46123504638672,11.6893310546875,-4.373042106628418,0.2783271074295044,-0.15877693891525269,1.968271255493164,-0.8603641986846924,-3.3727245330810547,3.6650168895721436,-4.375491142272949,1.9322404861450195,-1.2390856742858887,1.986161708831787,-2.926671266555786,3.015467882156372,-2.6032660007476807,1.6271910667419434,-1.532501220703125,2.5311460494995117,-0.36154723167419434,1.5297250747680664,-0.8189888596534729,0.5570664405822754,-0.3246285915374756,-0.5822426080703735,-0.5082122087478638,0.3689441680908203,0.3529025912284851,-0.5034403800964355,-1.677237629890442,-2.7523772716522217,1.895423412322998,7.050105571746826,11.539825439453125,0.17392075061798096,0.07158424705266953,0.05965378135442734,0.06623804569244385,0.07951231300830841,0.0874173641204834,0.0856730192899704,0.07605752348899841,0.06887205690145493,0.0769304484128952,0.09131570905447006,0.09207876026630402,0.07161347568035126,0.05715320259332657,0.11312811076641083,0.1613864302635193,0.1653749644756317,0.1173253208398819,0.0516834631562233,0.08438101410865784,0.0858917236328125,0.1589459329843521,0.2800220549106598,0.320562481880188,0.24887660145759583,0.12297515571117401,0.06257440894842148,0.1647973656654358,0.20509207248687744,0.16264593601226807,0.09829253703355789,0.09083767235279083,0.16571122407913208,0.2115686535835266,0.18300530314445496,0.19624444842338562,0.2391374707221985,0.21062996983528137,0.1556052267551422,0.12860196828842163,0.14483582973480225,0.2074703723192215,0.24211937189102173,0.23934327065944672,0.1946781575679779,0.14370006322860718,0.18180197477340698,0.2222263216972351,0.20839643478393555,0.15920251607894897,0.15640348196029663,0.17468519508838654,0.15735599398612976,0.135907381772995,0.13359929621219635,0.12661202251911163,0.11709869652986526,0.11039449274539948,0.10241590440273285,0.09428252279758453,0.0855046957731247,N
../data/DWT_NEW/N/New_N_156.wav,32.44630432128906,-16.93357276916504,42.64964294433594,-4.316659927368164,-35.20461654663086,13.105085372924805,-17.769145965576172,14.255583763122559,-3.7690298557281494,-8.228851318359375,8.155069351196289,-5.7571306228637695,4.777711868286133,-5.329106330871582,4.019364356994629,-3.792249917984009,3.496725082397461,-3.2643322944641113,1.0188955068588257,-0.20506826043128967,-0.4847654402256012,1.058424472808838,-0.38100364804267883,3.0468757152557373,-1.4414143562316895,1.7600637674331665,-3.449976682662964,0.9089757204055786,-2.2992372512817383,1.2020606994628906,-1.259979248046875,0.3608315587043762,-0.7302377820014954,-0.2704703211784363,-0.15387967228889465,-0.4939046800136566,0.3907749652862549,-1.1481218338012695,0.3614901602268219,-1.2592469453811646,0.14889630675315857,0.08301106095314026,0.06765095889568329,0.04720034450292587,0.02723306231200695,0.02977707050740719,0.05169639736413956,0.07155624777078629,0.08166375756263733,0.08008991181850433,0.0716148316860199,0.07575281709432602,0.1077822670340538,0.14614222943782806,0.1655459851026535,0.14546015858650208,0.08568692207336426,0.05764877796173096,0.10509518533945084,0.1050301343202591,0.08392100781202316,0.1665436327457428,0.19049802422523499,0.13824762403964996,0.09914305806159973,0.09166054427623749,0.08859188854694366,0.12520048022270203,0.11817445605993271,0.08848896622657776,0.12048694491386414,0.19661228358745575,0.2024153620004654,0.16692250967025757,0.17544585466384888,0.1665336638689041,0.1208779364824295,0.14493262767791748,0.18796665966510773,0.23186247050762177,0.24223697185516357,0.20192649960517883,0.1448475420475006,0.1855977177619934,0.2573131322860718,0.25788626074790955,0.1803705394268036,0.17572948336601257,0.2513557970523834,0.23083913326263428,0.16475266218185425,0.21288175880908966,0.20101812481880188,0.17016826570034027,0.16878260672092438,0.1518552303314209,0.1305427998304367,0.11133617162704468,0.09098637104034424,0.07151489704847336,0.058587849140167236,N
../data/DWT_NEW/N/New_N_068.wav,27.55532455444336,-19.612688064575195,53.36309814453125,-14.628767013549805,-23.105348587036133,24.677343368530273,-30.258071899414062,17.412809371948242,-3.54335880279541,-6.356292724609375,8.108070373535156,-4.807734489440918,1.7089146375656128,-1.434948205947876,0.9457293152809143,-2.6615333557128906,2.953305244445801,-2.510817527770996,-0.5608581900596619,-1.9918954372406006,-1.310020089149475,-0.8353368043899536,0.1999179720878601,0.11786606907844543,-0.5691603422164917,0.04779590666294098,-2.3802502155303955,0.32547467947006226,1.1469519138336182,3.380505084991455,1.802286148071289,0.4534582793712616,-2.054154634475708,-0.055412739515304565,0.08737371861934662,0.6037159562110901,-0.7597909569740295,-0.8578803539276123,-0.8650071620941162,-0.7220653891563416,0.18344731628894806,0.12752580642700195,0.10364153981208801,0.0766875296831131,0.05056212842464447,0.029088854789733887,0.015261325985193253,0.00928284227848053,0.008893177844583988,0.005704026203602552,0.015132788568735123,0.046310313045978546,0.08251452445983887,0.09812015295028687,0.08617603778839111,0.07789207994937897,0.15185266733169556,0.20068958401679993,0.16202674806118011,0.12598417699337006,0.2425289750099182,0.28138452768325806,0.19817188382148743,0.1346740424633026,0.1304275244474411,0.1189773827791214,0.11882893741130829,0.07299409806728363,0.06918929517269135,0.13422104716300964,0.1987660825252533,0.2146342396736145,0.23858816921710968,0.2848549485206604,0.24235492944717407,0.1273099184036255,0.03620527684688568,0.10959009826183319,0.2507447302341461,0.31497079133987427,0.29412615299224854,0.1739499866962433,0.04809872433543205,0.23258274793624878,0.3308364152908325,0.2661866843700409,0.09324471652507782,0.22210797667503357,0.30436235666275024,0.19048364460468292,0.1689624786376953,0.2555142343044281,0.17841997742652893,0.18151846528053284,0.18997147679328918,0.1498452126979828,0.1560366451740265,0.1288132667541504,0.12256167829036713,0.10730570554733276,0.1027098000049591,N
../data/DWT_NEW/N/New_N_141.wav,38.39046859741211,-7.9607625007629395,37.293540954589844,-18.503738403320312,-33.835086822509766,21.681598663330078,-23.096942901611328,14.742454528808594,-8.938276290893555,-2.9398627281188965,7.0641889572143555,-7.357352256774902,2.8337087631225586,-1.4290111064910889,0.31685012578964233,-2.0873332023620605,2.0864953994750977,-3.4185104370117188,1.542365550994873,-1.2895499467849731,-1.7072653770446777,-0.8232892751693726,-1.900296926498413,-0.29197943210601807,-0.36457526683807373,0.9067026376724243,-1.0798630714416504,0.5875552892684937,-1.5675386190414429,0.18560628592967987,-0.6576216220855713,-0.2616007924079895,-0.5387857556343079,-0.4069924056529999,-0.5603858232498169,-0.259806364774704,-0.32488778233528137,-1.0221424102783203,-0.2411954700946808,-0.6876840591430664,0.15762069821357727,0.1077694445848465,0.12463309615850449,0.13561072945594788,0.13783252239227295,0.12905848026275635,0.1100916713476181,0.08247456699609756,0.05028098076581955,0.023875467479228973,0.02912953868508339,0.039468564093112946,0.032682254910469055,0.018593251705169678,0.06553877890110016,0.13365867733955383,0.18461903929710388,0.18562564253807068,0.13086925446987152,0.05842974781990051,0.03055701032280922,0.06443465501070023,0.1576872169971466,0.20850099623203278,0.17095252871513367,0.09238477796316147,0.06302496790885925,0.11086046695709229,0.14648675918579102,0.13037772476673126,0.08207923173904419,0.14376524090766907,0.20790308713912964,0.18155378103256226,0.17455512285232544,0.20388370752334595,0.1722400188446045,0.14870396256446838,0.18071846663951874,0.22344836592674255,0.26736727356910706,0.26438549160957336,0.21753577888011932,0.1938437521457672,0.2779413163661957,0.32884788513183594,0.2954789996147156,0.22903986275196075,0.31881850957870483,0.34455811977386475,0.29001274704933167,0.3090004324913025,0.32258254289627075,0.29435402154922485,0.28825822472572327,0.27541422843933105,0.256639301776886,0.23565511405467987,0.21605762839317322,0.19164463877677917,0.16481362283229828,N
../data/DWT_NEW/N/New_N_062.wav,30.541763305664062,-17.029376983642578,40.4930419921875,-14.974966049194336,-23.193119049072266,24.827831268310547,-29.869701385498047,17.982284545898438,-5.201639175415039,-5.812381744384766,9.26072883605957,-7.527032852172852,4.29388952255249,-2.19451904296875,1.4655803442001343,-2.517977476119995,3.2556874752044678,-3.547638416290283,-0.04810208082199097,-0.8543441295623779,-1.6587786674499512,0.3272377848625183,-1.1393592357635498,0.7356943488121033,-1.6875841617584229,1.431475281715393,-2.4278159141540527,1.6486537456512451,-0.8330970406532288,2.8562252521514893,1.0516571998596191,1.1141154766082764,-1.6205158233642578,-0.49927622079849243,-0.7191140651702881,-0.42331504821777344,-0.38116931915283203,-1.063791275024414,-0.8841848373413086,-1.9350579977035522,0.17602607607841492,0.08831270784139633,0.07606582343578339,0.06198713183403015,0.04682628810405731,0.03217634558677673,0.023544538766145706,0.028558585792779922,0.040482088923454285,0.05078615993261337,0.05588087439537048,0.057237282395362854,0.06469453871250153,0.08258633315563202,0.09969790279865265,0.11060963571071625,0.1161857470870018,0.11903611570596695,0.12470755726099014,0.15466998517513275,0.20720884203910828,0.22547924518585205,0.18144077062606812,0.10585076361894608,0.052098046988248825,0.10021696984767914,0.10285156965255737,0.06073939427733421,0.045286666601896286,0.08385662734508514,0.14578120410442352,0.11793089658021927,0.09029324352741241,0.1785905659198761,0.16094011068344116,0.056302107870578766,0.04981600120663643,0.05714034289121628,0.16772834956645966,0.2084088921546936,0.1944689154624939,0.11941567808389664,0.05875026434659958,0.18320906162261963,0.2523440718650818,0.20283156633377075,0.09578012675046921,0.20105525851249695,0.2571808099746704,0.16475212574005127,0.17182400822639465,0.23553192615509033,0.16614344716072083,0.18274784088134766,0.187472864985466,0.14857399463653564,0.16172385215759277,0.1302197128534317,0.12912118434906006,0.1069842278957367,0.1000821515917778,N
../data/DWT_NEW/N/New_N_010.wav,34.8969612121582,-29.38705825805664,48.10988998413086,-10.104628562927246,-28.466350555419922,11.221563339233398,-15.291954040527344,8.775969505310059,-2.021284580230713,-3.4491071701049805,0.22722846269607544,0.9271395802497864,3.14569354057312,-6.232851028442383,6.66773796081543,-4.241752624511719,0.4837823212146759,-1.5198163986206055,0.2695586681365967,-2.7838053703308105,2.6939778327941895,-2.269259452819824,1.3410882949829102,0.4493541121482849,1.3884375095367432,-0.6131798028945923,-0.9610748887062073,-2.288797616958618,-2.0209548473358154,0.6852257251739502,-1.2394905090332031,-1.6714743375778198,-2.7595858573913574,-0.6260851621627808,-0.2179889678955078,-1.345144510269165,-6.51378870010376,-5.931353569030762,1.9823987483978271,11.462844848632812,0.16391246020793915,0.020552299916744232,0.04028431326150894,0.059981442987918854,0.07527651637792587,0.08353619277477264,0.08444017171859741,0.07970961183309555,0.07437780499458313,0.07547606527805328,0.0819580927491188,0.084034264087677,0.0762944370508194,0.06845244020223618,0.08834578096866608,0.11202037334442139,0.11217878758907318,0.08977095782756805,0.09873075783252716,0.12936502695083618,0.11473707854747772,0.08499269932508469,0.14399752020835876,0.1770751178264618,0.14744457602500916,0.1413496732711792,0.1438925415277481,0.12843890488147736,0.11294066905975342,0.08149154484272003,0.05915696173906326,0.06906210631132126,0.08827511966228485,0.16168740391731262,0.19928401708602905,0.21527528762817383,0.22827932238578796,0.20956853032112122,0.1532772183418274,0.09337103366851807,0.1110391616821289,0.19424885511398315,0.2514157295227051,0.2519923448562622,0.1984476000070572,0.13344448804855347,0.17366456985473633,0.2331622689962387,0.2283903956413269,0.1709558665752411,0.16254565119743347,0.1889084428548813,0.1704874038696289,0.1432795375585556,0.14249947667121887,0.13033127784729004,0.11484859138727188,0.10354746133089066,0.0913769081234932,0.08264490216970444,0.07312900573015213,N
../data/DWT_NEW/N/New_N_021.wav,32.946895599365234,-26.09214973449707,52.435508728027344,-13.185159683227539,-29.476348876953125,26.041059494018555,-17.27947998046875,6.416975021362305,-5.023292541503906,4.148628234863281,-3.1564579010009766,2.8038647174835205,-1.0851452350616455,-2.1138243675231934,1.8020672798156738,-3.903744697570801,-3.2224280834198,1.70263671875,0.5796920657157898,0.321649432182312,-0.07309514284133911,-2.5939786434173584,-1.595339298248291,2.429069757461548,4.560871124267578,4.603152275085449,1.6115655899047852,0.6043210029602051,-1.0109938383102417,0.8089258670806885,0.4561872184276581,0.05503009259700775,-0.030328869819641113,0.9289492964744568,1.1445761919021606,-0.5185785293579102,-4.343142509460449,-1.5521974563598633,6.848363876342773,15.276951789855957,0.1749422252178192,0.13184940814971924,0.10629601776599884,0.0809594914317131,0.06087015941739082,0.05307639017701149,0.057860150933265686,0.0646272525191307,0.06543927639722824,0.059155821800231934,0.04990685358643532,0.047128867357969284,0.055562328547239304,0.06929269433021545,0.07048706710338593,0.0554736964404583,0.02808423712849617,0.036830414086580276,0.06354191154241562,0.06138830631971359,0.08586083352565765,0.19592955708503723,0.28950607776641846,0.29661640524864197,0.21379336714744568,0.11018306761980057,0.06082233041524887,0.11784552037715912,0.16346409916877747,0.14594316482543945,0.10114410519599915,0.07751063257455826,0.11677582561969757,0.13489705324172974,0.12675270438194275,0.17516286671161652,0.21588122844696045,0.19095709919929504,0.13239482045173645,0.0810183435678482,0.0762895941734314,0.13611285388469696,0.18545123934745789,0.19396230578422546,0.15136069059371948,0.07923830300569534,0.11332548409700394,0.16194894909858704,0.15271998941898346,0.10583286732435226,0.10501426458358765,0.12359017133712769,0.10517974942922592,0.08943811804056168,0.08683125674724579,0.07558690756559372,0.06738924235105515,0.05824568122625351,0.05000502988696098,0.042870789766311646,0.0371394120156765,N
../data/DWT_NEW/N/New_N_137.wav,26.57849884033203,-14.823592185974121,44.13654708862305,-14.996623992919922,-41.03900909423828,10.182856559753418,-13.011577606201172,11.001075744628906,-9.051342010498047,-10.868758201599121,13.98995590209961,-9.559001922607422,2.3787198066711426,-5.974953651428223,5.339690208435059,-4.549319744110107,1.9969449043273926,-4.314387798309326,1.2719781398773193,0.41002437472343445,-2.5509397983551025,-0.17806664109230042,-3.314187526702881,1.0150914192199707,-3.2026584148406982,2.629098892211914,-2.971465587615967,1.5724252462387085,-3.1369266510009766,0.701202392578125,-1.0155709981918335,0.27055490016937256,-0.9858856797218323,-0.852609395980835,-0.13371962308883667,-1.016183853149414,0.24024096131324768,-1.9991941452026367,-0.1941802203655243,-1.5712831020355225,0.13994674384593964,0.05651920288801193,0.06851823627948761,0.07594768702983856,0.07671499252319336,0.06946182250976562,0.055078230798244476,0.03586003929376602,0.01948072761297226,0.02670103684067726,0.04086325317621231,0.045433856546878815,0.03524456173181534,0.027495797723531723,0.07288337498903275,0.12857303023338318,0.1633375734090805,0.1507883071899414,0.09314807504415512,0.052233219146728516,0.06661044806241989,0.06485933065414429,0.13090501725673676,0.17407920956611633,0.14127516746520996,0.07995011657476425,0.055870912969112396,0.07770014554262161,0.10323852300643921,0.10109265148639679,0.08256848156452179,0.14528614282608032,0.20580287277698517,0.18631240725517273,0.15894663333892822,0.16521866619586945,0.13165472447872162,0.12105636298656464,0.17571358382701874,0.22791123390197754,0.2608712613582611,0.2375630885362625,0.17637935280799866,0.17275503277778625,0.26859354972839355,0.31145262718200684,0.260568231344223,0.19069381058216095,0.2941974997520447,0.3153793215751648,0.25026968121528625,0.2714557349681854,0.2879059314727783,0.25364941358566284,0.24638935923576355,0.2299925982952118,0.20647089183330536,0.18287402391433716,0.16274309158325195,0.1398710459470749,0.11511331796646118,N
../data/DWT_NEW/N/New_N_001.wav,34.0101203918457,-15.152222633361816,51.926753997802734,-13.825735092163086,-27.25775718688965,21.204421997070312,-18.25031280517578,12.228282928466797,-7.622964859008789,4.15535831451416,-1.5539432764053345,0.39952725172042847,1.1425361633300781,-1.1675395965576172,1.9556331634521484,-2.806584358215332,-1.0214779376983643,-0.7612197399139404,0.781129777431488,-2.6827950477600098,2.7906112670898438,-3.5384950637817383,2.6079251766204834,0.49429452419281006,4.6940765380859375,0.7200944423675537,1.9420278072357178,-2.709981918334961,1.39567232131958,-0.8310612440109253,1.0416568517684937,-2.3024744987487793,0.006948448717594147,-1.062221884727478,2.2099404335021973,-1.8536756038665771,-3.734389543533325,-2.680147171020508,7.695705413818359,14.638267517089844,0.1619008332490921,0.12017135322093964,0.08410516381263733,0.04956246167421341,0.027402162551879883,0.03664618730545044,0.05256029590964317,0.060601335018873215,0.05931361764669418,0.05369280278682709,0.05312046408653259,0.06383310258388519,0.0817723274230957,0.10068289935588837,0.11319544911384583,0.10296302288770676,0.06406467407941818,0.04732563719153404,0.09482434391975403,0.10238631069660187,0.0895136296749115,0.2180749773979187,0.33606693148612976,0.33928734064102173,0.23685681819915771,0.1559544950723648,0.13649305701255798,0.15271706879138947,0.17603525519371033,0.14194722473621368,0.07237616181373596,0.05441960692405701,0.13285435736179352,0.18771202862262726,0.19888459146022797,0.23173780739307404,0.2625808119773865,0.23514455556869507,0.1663118600845337,0.09100931137800217,0.09115277975797653,0.1756998896598816,0.23552551865577698,0.24101844429969788,0.19158917665481567,0.11352469027042389,0.12746375799179077,0.19208824634552002,0.19929352402687073,0.1525234878063202,0.1229645162820816,0.1582079380750656,0.15489481389522552,0.12749981880187988,0.12660424411296844,0.12127098441123962,0.11072873324155807,0.10211025178432465,0.0938919335603714,0.08749620616436005,0.08015026152133942,N
../data/DWT_NEW/N/New_N_019.wav,53.280433654785156,-19.178560256958008,39.8697509765625,-5.501793384552002,-24.94147491455078,14.636247634887695,-19.593353271484375,13.514257431030273,-7.125817775726318,0.5159363150596619,0.27710944414138794,1.1363381147384644,0.12096536159515381,-1.9574599266052246,1.9892137050628662,-2.3762898445129395,0.9941688776016235,-0.5314004421234131,0.6674401760101318,-2.141361713409424,2.7905030250549316,-3.38810396194458,2.0062403678894043,0.33107686042785645,0.5545720458030701,-0.19905662536621094,1.054208755493164,-0.3184962868690491,-0.45745179057121277,0.4674488306045532,-1.360264539718628,0.24704796075820923,0.22498422861099243,0.2064216136932373,-0.9928276538848877,-1.0553088188171387,-0.8057478666305542,1.2190088033676147,3.012913703918457,6.127925872802734,0.17492590844631195,0.053083475679159164,0.029416769742965698,0.04200354218482971,0.06649351119995117,0.08441126346588135,0.09182361513376236,0.0894036665558815,0.08306699991226196,0.0834227055311203,0.09192860871553421,0.09669375419616699,0.09094110876321793,0.08907809108495712,0.1142696812748909,0.13991260528564453,0.1322707235813141,0.08979366719722748,0.09077370166778564,0.12291766703128815,0.09870903193950653,0.14661185443401337,0.2703753411769867,0.30021345615386963,0.2220822274684906,0.1573328822851181,0.1463630646467209,0.17708361148834229,0.19724564254283905,0.14185228943824768,0.07170248031616211,0.06925320625305176,0.09981635212898254,0.18321755528450012,0.21897603571414948,0.25186654925346375,0.2829383313655853,0.2619515657424927,0.20666395127773285,0.13926365971565247,0.1356547772884369,0.2204444408416748,0.29097455739974976,0.3006242513656616,0.24697916209697723,0.1753474771976471,0.20393416285514832,0.2630649507045746,0.2555045783519745,0.19578319787979126,0.17942988872528076,0.2021491974592209,0.18021409213542938,0.14922672510147095,0.144875630736351,0.13472980260849,0.12222707271575928,0.11411745846271515,0.11009172350168228,0.10501962900161743,0.09733766317367554,N
../data/DWT_NEW/N/New_N_126.wav,43.11631774902344,-5.319750785827637,35.818477630615234,-28.624279022216797,-35.92162322998047,12.260516166687012,-24.15966033935547,12.362510681152344,-11.847766876220703,-9.342986106872559,9.624908447265625,-11.509710311889648,2.1912710666656494,-4.2334394454956055,0.9383591413497925,-3.990222454071045,1.7158617973327637,-4.576703071594238,0.669242799282074,-0.4337075352668762,-2.7040066719055176,1.148449182510376,-4.125483512878418,-0.15354421734809875,-3.397002696990967,2.078899383544922,-3.485306739807129,1.5011625289916992,-3.254746437072754,1.0615503787994385,-1.2363234758377075,-0.06500163674354553,-0.8933725953102112,-0.3815295100212097,-0.4805319309234619,-0.911323606967926,0.10099637508392334,-1.5513792037963867,-0.10830351710319519,-1.626829743385315,0.15814290940761566,0.04713817313313484,0.05951347202062607,0.06909732520580292,0.07358518987894058,0.07082484662532806,0.060339003801345825,0.042553357779979706,0.02021469548344612,0.008651836775243282,0.02438291534781456,0.03171085938811302,0.025325579568743706,0.02960769645869732,0.0619141161441803,0.1061733216047287,0.14001846313476562,0.14045929908752441,0.10138539969921112,0.04781694337725639,0.03210681304335594,0.04161469265818596,0.11103814840316772,0.1692853718996048,0.15808004140853882,0.09550049901008606,0.052850477397441864,0.08492590487003326,0.133427232503891,0.13150803744792938,0.0855037048459053,0.13773679733276367,0.21967695653438568,0.20697975158691406,0.17261192202568054,0.1998828947544098,0.1790563315153122,0.1534748077392578,0.19952112436294556,0.24595388770103455,0.29264137148857117,0.2826559245586395,0.22915302217006683,0.20318865776062012,0.29055869579315186,0.35471588373184204,0.31023475527763367,0.20014028251171112,0.3202114403247833,0.35798972845077515,0.278775691986084,0.29535022377967834,0.321952223777771,0.28295496106147766,0.2763737440109253,0.2594234347343445,0.2369321584701538,0.20995095372200012,0.18634431064128876,0.15661033987998962,0.1266312152147293,N
../data/DWT_NEW/N/New_N_058.wav,32.130958557128906,-18.33055877685547,42.225318908691406,-13.458112716674805,-23.82994842529297,24.939613342285156,-26.59096336364746,15.44826889038086,-5.638598442077637,-4.910767555236816,7.602271556854248,-6.268629550933838,2.923959732055664,-2.488257646560669,1.5539393424987793,-2.342125177383423,1.4574699401855469,-1.4002763032913208,-0.42810580134391785,-0.7638890147209167,-1.2439733743667603,0.7735337615013123,-1.5095605850219727,1.131233811378479,-1.8055704832077026,1.117957592010498,-2.2230546474456787,1.3361191749572754,-0.5291450023651123,1.6325315237045288,0.5295791625976562,0.41444697976112366,-1.1095268726348877,0.09475207328796387,0.5270865559577942,0.2077021300792694,0.18452569842338562,-0.9868465662002563,-0.15777260065078735,-0.6374310255050659,0.17239953577518463,0.11368970572948456,0.09469446539878845,0.07234940677881241,0.052878353744745255,0.047629062086343765,0.05711919814348221,0.06565975397825241,0.06310233473777771,0.047575101256370544,0.023145213723182678,0.017954710870981216,0.046279072761535645,0.07851044088602066,0.10346236824989319,0.12497114390134811,0.13987228274345398,0.1388140767812729,0.12178012728691101,0.13133472204208374,0.1974739134311676,0.23055881261825562,0.18864674866199493,0.09853632748126984,0.03652477636933327,0.11245082318782806,0.1432834416627884,0.11675357818603516,0.08330100029706955,0.036993660032749176,0.13160981237888336,0.1428709477186203,0.08009621500968933,0.18043822050094604,0.2001715749502182,0.11143581569194794,0.09730619192123413,0.08086112141609192,0.14143158495426178,0.20852884650230408,0.21346662938594818,0.17243550717830658,0.0989370048046112,0.16825073957443237,0.24675211310386658,0.23372285068035126,0.15134306252002716,0.1972169280052185,0.2609495520591736,0.20793795585632324,0.19368970394134521,0.24594151973724365,0.20677591860294342,0.21064546704292297,0.21461349725723267,0.18991458415985107,0.19297170639038086,0.16855588555335999,0.1608123779296875,0.13842149078845978,0.12131744623184204,N
../data/DWT_NEW/N/New_N_177.wav,28.299625396728516,-34.291114807128906,36.49601745605469,-18.060945510864258,-38.583797454833984,12.188165664672852,-20.67514419555664,7.780774116516113,-9.781989097595215,-0.5233471393585205,-2.5136404037475586,-0.3706139326095581,-1.3091071844100952,-4.781647205352783,2.3488423824310303,-6.390852451324463,-2.108841896057129,-1.6675207614898682,-0.29398113489151,-3.462334394454956,1.412433385848999,-5.6491193771362305,0.5904301404953003,-0.8415260314941406,3.0646204948425293,1.8965637683868408,1.4969427585601807,-0.9657360315322876,-1.4797074794769287,0.1909114122390747,-0.8889925479888916,-1.0859930515289307,-2.3610198497772217,-0.6742837429046631,-0.6760174036026001,-1.2747184038162231,-7.13100004196167,-4.637880325317383,3.877718448638916,12.716474533081055,0.1658494919538498,0.015919210389256477,0.010206229984760284,0.0042130411602556705,0.005827948451042175,0.014065338298678398,0.02307998761534691,0.031519509851932526,0.03751935809850693,0.039460644125938416,0.03595617040991783,0.026638278737664223,0.01468280702829361,0.015448544174432755,0.01850053295493126,0.01249063853174448,0.02599978819489479,0.05600148066878319,0.07201366126537323,0.058231692761182785,0.053471922874450684,0.10800892114639282,0.1426655352115631,0.12301422655582428,0.07492700219154358,0.051510199904441833,0.059749290347099304,0.09226907789707184,0.0962018296122551,0.05818706005811691,0.019443493336439133,0.060087285935878754,0.10217837989330292,0.1242186427116394,0.13703036308288574,0.17615662515163422,0.18500551581382751,0.1412525177001953,0.08210456371307373,0.0425700768828392,0.10996508598327637,0.17494449019432068,0.20457495748996735,0.1858358383178711,0.12711277604103088,0.08713801950216293,0.15226522088050842,0.1806526780128479,0.1559326946735382,0.10817922651767731,0.11902348697185516,0.1271355152130127,0.10177002847194672,0.07991103827953339,0.07221204787492752,0.05600620061159134,0.040799580514431,0.0264360960572958,0.014219466596841812,0.005730180069804192,0.013900196179747581,N
../data/DWT_NEW/N/New_N_030.wav,43.02703094482422,-20.415512084960938,48.637996673583984,-7.119967937469482,-25.751798629760742,16.867938995361328,-15.654157638549805,10.337451934814453,-7.0680460929870605,2.9351894855499268,-0.659773588180542,0.18742871284484863,2.288283109664917,-4.352485656738281,2.7658257484436035,-2.428586721420288,-0.269340455532074,-0.9718387722969055,2.010181427001953,-2.8825416564941406,2.0646424293518066,-2.799947738647461,1.2294514179229736,-0.2460036277770996,3.1329541206359863,1.9420897960662842,2.0198898315429688,-0.45271533727645874,0.10689002275466919,-0.37323832511901855,0.6012557744979858,-0.7858479022979736,0.6447898745536804,0.12171000242233276,1.3921005725860596,-2.4642319679260254,-2.8141283988952637,1.4660305976867676,10.560239791870117,11.212806701660156,0.1702420562505722,0.14516131579875946,0.1122734397649765,0.0779573917388916,0.04784061014652252,0.03730463981628418,0.051889196038246155,0.06845302879810333,0.0775717943906784,0.07954738289117813,0.07919064164161682,0.08239453285932541,0.09023664891719818,0.09646474570035934,0.09036631882190704,0.0641818642616272,0.03150876611471176,0.06929048895835876,0.10934257507324219,0.10481485724449158,0.09719698876142502,0.22354525327682495,0.3280242085456848,0.3275972306728363,0.2310599386692047,0.15455326437950134,0.14336782693862915,0.15472161769866943,0.18591532111167908,0.166037917137146,0.10243117809295654,0.07339846342802048,0.12444569915533066,0.159967303276062,0.17587810754776,0.21920055150985718,0.25448334217071533,0.23638978600502014,0.18198809027671814,0.11395059525966644,0.0914173275232315,0.14494046568870544,0.20736074447631836,0.22662806510925293,0.19526070356369019,0.13306277990341187,0.0945507362484932,0.16415470838546753,0.18393337726593018,0.14672400057315826,0.10375501215457916,0.12819986045360565,0.12352235615253448,0.09490232914686203,0.08378657698631287,0.07237756997346878,0.06181584671139717,0.05259436368942261,0.05000755935907364,0.0538334846496582,0.0581333301961422,N
../data/DWT_NEW/N/New_N_115.wav,43.24359893798828,-12.629528045654297,36.29325866699219,-10.460771560668945,-26.86272621154785,27.555919647216797,-25.67146110534668,13.257994651794434,-5.6020894050598145,-1.7370977401733398,5.149236679077148,-5.608260154724121,3.797837734222412,-2.7704498767852783,1.3148791790008545,-1.9291625022888184,1.1024105548858643,-1.752648949623108,-0.4850001633167267,-1.4554858207702637,-0.8646982908248901,-0.09617173671722412,-1.0075441598892212,0.6290665864944458,-1.455531358718872,0.7816109657287598,-1.6436986923217773,0.6591241359710693,-0.40852510929107666,2.4505615234375,1.1336321830749512,0.7699748277664185,-1.1058826446533203,-0.277156263589859,-0.11708222329616547,0.38976824283599854,-0.5720304846763611,-1.0655685663223267,-0.5205652713775635,-0.9963600039482117,0.1752026528120041,0.11421051621437073,0.0845823585987091,0.05596435070037842,0.03637809306383133,0.03042503260076046,0.02770867757499218,0.02278425358235836,0.02821487933397293,0.039320409297943115,0.04062047600746155,0.042372480034828186,0.0771903246641159,0.11103212833404541,0.1081940084695816,0.06896843016147614,0.13875633478164673,0.20779819786548615,0.18215030431747437,0.13767217099666595,0.26428356766700745,0.29838827252388,0.20259085297584534,0.1482919603586197,0.14489617943763733,0.14478862285614014,0.13699519634246826,0.05655384808778763,0.052009738981723785,0.1417550891637802,0.21664781868457794,0.22407695651054382,0.25570398569107056,0.3108731508255005,0.2553527355194092,0.13576942682266235,0.07033733278512955,0.11940281093120575,0.2701231837272644,0.33356887102127075,0.3140544891357422,0.19624808430671692,0.07613395899534225,0.2509542405605316,0.3518144488334656,0.29037702083587646,0.12969821691513062,0.24151885509490967,0.32599368691444397,0.21506407856941223,0.19307081401348114,0.2801838517189026,0.1987142562866211,0.20355018973350525,0.216391921043396,0.16461068391799927,0.18123358488082886,0.14278005063533783,0.13987939059734344,0.11346980929374695,0.1036301851272583,N
../data/DWT_NEW/N/New_N_117.wav,24.26813507080078,-8.376073837280273,50.829246520996094,-21.076549530029297,-29.24600601196289,33.634925842285156,-32.60242462158203,16.269620895385742,-3.47164249420166,-6.63773250579834,6.448299407958984,-3.9168198108673096,0.9150608777999878,-0.24375812709331512,1.561596155166626,-2.8709421157836914,1.9699132442474365,-1.162956953048706,-2.083467483520508,0.5076897740364075,-1.7223618030548096,0.4888455867767334,-1.6125502586364746,1.5550665855407715,-2.3486945629119873,2.079038143157959,-2.567673683166504,1.5505932569503784,-1.2614020109176636,1.904004454612732,0.31534016132354736,1.1656614542007446,-1.3599987030029297,0.40247559547424316,0.07435798645019531,0.1120113730430603,-0.34177812933921814,-1.0190575122833252,-0.47355180978775024,-0.4697631597518921,0.17535899579524994,0.08523385971784592,0.052410807460546494,0.019859902560710907,0.013549723662436008,0.03241703659296036,0.0410432443022728,0.03936843201518059,0.03149385750293732,0.025328468531370163,0.03820425644516945,0.07013365626335144,0.10120852291584015,0.10556969046592712,0.06741931289434433,0.06201987713575363,0.13430139422416687,0.1469435840845108,0.0949019119143486,0.22025930881500244,0.30157607793807983,0.2424984872341156,0.146339550614357,0.13075122237205505,0.12829172611236572,0.1538771092891693,0.11796761304140091,0.044735491275787354,0.0654258131980896,0.14865511655807495,0.19063371419906616,0.18923458456993103,0.2678575813770294,0.2885032892227173,0.21011187136173248,0.13804513216018677,0.040240075439214706,0.1348382532596588,0.2461363673210144,0.3123511075973511,0.294791579246521,0.17360281944274902,0.05487825721502304,0.23788127303123474,0.33843114972114563,0.2720071077346802,0.09952513873577118,0.23728197813034058,0.3246992826461792,0.1937524974346161,0.18294388055801392,0.2882654666900635,0.17664167284965515,0.20373496413230896,0.22292181849479675,0.13258010149002075,0.19370290637016296,0.10391656309366226,0.14722783863544464,0.0787460207939148,0.10041514784097672,N
../data/DWT_NEW/N/New_N_059.wav,27.896263122558594,-12.41901969909668,52.07407760620117,-10.13162612915039,-26.81565284729004,26.56719970703125,-27.949222564697266,17.548961639404297,-5.839467525482178,-4.331643104553223,7.338863372802734,-5.056243896484375,1.8169381618499756,-0.3483900725841522,-0.2491365671157837,-0.9969260096549988,1.444669485092163,-1.4902379512786865,-1.1072511672973633,-0.1909090280532837,-2.0894436836242676,0.7214363813400269,-0.9618700742721558,0.5445905923843384,-1.2531938552856445,0.801335334777832,-1.9794166088104248,0.25466370582580566,-0.07207673788070679,2.296964168548584,1.8148912191390991,0.4178089499473572,-1.2523581981658936,-0.09318327903747559,-0.055498361587524414,0.07206040620803833,-0.5976005792617798,-0.936858594417572,-0.48910099267959595,-0.6889981031417847,0.17200489342212677,0.13256198167800903,0.10294976085424423,0.07199553400278091,0.0494026243686676,0.0465710312128067,0.054827332496643066,0.05854193866252899,0.05186022073030472,0.03319919854402542,0.015408363193273544,0.05730729550123215,0.10698939859867096,0.13049590587615967,0.10494533181190491,0.05953167378902435,0.16481587290763855,0.2366795688867569,0.19648978114128113,0.14812804758548737,0.2693489193916321,0.301777720451355,0.2049292027950287,0.1625298261642456,0.15760460495948792,0.1375318318605423,0.12820208072662354,0.06554487347602844,0.09203632175922394,0.16984450817108154,0.23281347751617432,0.2508409023284912,0.2794089913368225,0.3144870400428772,0.24814355373382568,0.1279803216457367,0.07244519144296646,0.1537785530090332,0.2918538451194763,0.3414241075515747,0.3051576316356659,0.1719057410955429,0.09064143896102905,0.26593858003616333,0.348574697971344,0.26944226026535034,0.1141202375292778,0.24979282915592194,0.316427618265152,0.1986653208732605,0.19734716415405273,0.27316659688949585,0.19197016954421997,0.20658007264137268,0.21273988485336304,0.17168354988098145,0.1877698451280594,0.15521283447742462,0.1560095101594925,0.1350642293691635,0.12671414017677307,N
../data/DWT_NEW/N/New_N_151.wav,33.33129119873047,-10.151961326599121,41.27634048461914,-27.424579620361328,-41.012210845947266,20.351573944091797,-21.8416748046875,5.720587730407715,-4.789533615112305,-8.393050193786621,7.726136207580566,-9.168468475341797,4.6785888671875,-7.8382391929626465,6.302024841308594,-7.0746307373046875,3.99381947517395,-4.802717685699463,2.3907220363616943,-2.4049081802368164,-0.013193637132644653,-0.4665840268135071,-1.43368661403656,2.3680968284606934,-1.6180169582366943,3.1708974838256836,-4.1187615394592285,1.6529176235198975,-3.407161235809326,2.532985210418701,-2.6590168476104736,0.9573752284049988,-1.9246124029159546,0.43069925904273987,-0.899390459060669,-0.8538252115249634,-0.2621803283691406,-1.4578742980957031,0.325137734413147,-2.604003429412842,0.15677502751350403,0.04998612403869629,0.052648887038230896,0.053588829934597015,0.051636382937431335,0.045808423310518265,0.036560796201229095,0.025445694103837013,0.01654745824635029,0.014291133731603622,0.01509130746126175,0.027568545192480087,0.05844813585281372,0.09428583085536957,0.12336161732673645,0.13322249054908752,0.11485609412193298,0.07373454421758652,0.035785336047410965,0.032879993319511414,0.04421800374984741,0.11017224192619324,0.1528071165084839,0.13689742982387543,0.0797930657863617,0.02120235189795494,0.05527150630950928,0.102897047996521,0.11114384979009628,0.08728839457035065,0.10715015232563019,0.18567150831222534,0.20097298920154572,0.15772101283073425,0.16213396191596985,0.16917526721954346,0.13202422857284546,0.15997102856636047,0.2098502814769745,0.25886544585227966,0.28230684995651245,0.25127947330474854,0.19473117589950562,0.21830368041992188,0.31626856327056885,0.3433901071548462,0.27514731884002686,0.22333161532878876,0.33614394068717957,0.34179002046585083,0.26934918761253357,0.30574434995651245,0.31337836384773254,0.2800142467021942,0.2736259996891022,0.25544142723083496,0.2321368157863617,0.2079739272594452,0.18655900657176971,0.16359809041023254,0.13947637379169464,N
../data/DWT_NEW/N/New_N_099.wav,28.04668617248535,-20.021854400634766,48.37229919433594,-19.49899673461914,-24.319713592529297,27.43050765991211,-29.750463485717773,13.069382667541504,-1.9474177360534668,-5.744048595428467,6.314978122711182,-4.398250579833984,2.360262870788574,-2.4686098098754883,1.3930773735046387,-1.4616835117340088,1.1758790016174316,-1.8537756204605103,-1.547143816947937,-0.6574757099151611,-1.251569390296936,0.4168161153793335,-1.6041619777679443,1.0674742460250854,-1.6700830459594727,1.1359288692474365,-2.204439878463745,1.0003151893615723,-0.7444243431091309,2.6440529823303223,1.8259087800979614,1.2303926944732666,-1.3657395839691162,0.18290039896965027,-0.24468283355236053,-0.02479018270969391,0.21778035163879395,-0.2971184551715851,-1.3712968826293945,-1.2488913536071777,0.17765730619430542,0.10048449039459229,0.07974100112915039,0.05611064285039902,0.03195638954639435,0.01033363863825798,0.012858213856816292,0.028903674334287643,0.04267469793558121,0.05147860199213028,0.05042114853858948,0.03723601996898651,0.031106282025575638,0.055222395807504654,0.07650402188301086,0.0910852923989296,0.12128882855176926,0.14778867363929749,0.13220302760601044,0.11650291085243225,0.20379093289375305,0.23286214470863342,0.17038297653198242,0.0854078009724617,0.08070085942745209,0.11501169204711914,0.12272121012210846,0.07275941222906113,0.054247111082077026,0.0859774798154831,0.14919713139533997,0.1398276686668396,0.16672220826148987,0.2337011992931366,0.20349237322807312,0.10194242000579834,0.0571734793484211,0.06867276132106781,0.20183002948760986,0.25970369577407837,0.2552090585231781,0.16668309271335602,0.06182213872671127,0.20265164971351624,0.29816874861717224,0.25525760650634766,0.11611045897006989,0.21173524856567383,0.2963016629219055,0.20502245426177979,0.17436948418617249,0.2654275894165039,0.19814270734786987,0.19240769743919373,0.218292236328125,0.15961161255836487,0.18475790321826935,0.1425962746143341,0.14468608796596527,0.11494031548500061,0.10697263479232788,N
../data/DWT_NEW/N/New_N_101.wav,30.38611602783203,-15.655853271484375,43.570472717285156,-13.349910736083984,-24.64620590209961,28.326473236083984,-29.191425323486328,17.66696548461914,-6.481556415557861,-3.720925807952881,7.617187976837158,-5.627620697021484,2.7015888690948486,-1.0204849243164062,0.2154274582862854,-1.4912610054016113,2.4371166229248047,-2.513636827468872,-0.8455568552017212,-0.5453009605407715,-2.2373251914978027,0.8917275667190552,-1.347722053527832,1.1602249145507812,-2.2275478839874268,1.758689045906067,-2.9837160110473633,1.86332106590271,-1.0555697679519653,3.726459503173828,0.7881795167922974,1.0827150344848633,-2.5045061111450195,0.3333187699317932,-0.6344708800315857,0.30139970779418945,-0.9699593186378479,-1.2043870687484741,-0.9685946106910706,-1.0243788957595825,0.17807336151599884,0.09939005970954895,0.07352317869663239,0.0463554710149765,0.0273917056620121,0.03227084502577782,0.044983141124248505,0.051917120814323425,0.05088070034980774,0.04358226805925369,0.0366721972823143,0.051737286150455475,0.0847177505493164,0.11307688057422638,0.10619736462831497,0.08093002438545227,0.12876611948013306,0.17860683798789978,0.16390392184257507,0.13946861028671265,0.23386013507843018,0.25388103723526,0.1770661175251007,0.12542016804218292,0.11504856497049332,0.09780849516391754,0.11567370593547821,0.08660396188497543,0.07408611476421356,0.08243066072463989,0.17045897245407104,0.1923857182264328,0.17307806015014648,0.21980252861976624,0.22226791083812714,0.12192469835281372,0.05862408131361008,0.09151117503643036,0.18232405185699463,0.2533443868160248,0.2394048571586609,0.16456007957458496,0.05914938822388649,0.17484495043754578,0.26329588890075684,0.23155078291893005,0.11323140561580658,0.17794422805309296,0.25467145442962646,0.18463166058063507,0.15314719080924988,0.22722533345222473,0.1774912178516388,0.17164766788482666,0.19194772839546204,0.14979833364486694,0.16737325489521027,0.13756437599658966,0.1395987868309021,0.11826945841312408,0.11146274209022522,N
../data/DWT_NEW/N/New_N_113.wav,29.667865753173828,-9.79144287109375,50.79726791381836,-17.577720642089844,-25.19658660888672,29.94689178466797,-30.792949676513672,15.845048904418945,-3.7817635536193848,-5.742128849029541,7.75493049621582,-6.3399200439453125,3.976834297180176,-3.1981329917907715,1.9745080471038818,-2.626268148422241,3.120171308517456,-2.997061252593994,0.8586472272872925,-1.1716269254684448,-1.222753882408142,0.49044492840766907,-1.3348520994186401,0.7521215081214905,-1.5826764106750488,1.5972614288330078,-2.9401421546936035,1.8674031496047974,-1.277756929397583,2.8074746131896973,-0.12923195958137512,0.6764771938323975,-2.238161563873291,0.2159074991941452,-0.6539969444274902,0.21313901245594025,-0.7240126132965088,-0.9956814050674438,-0.5796304941177368,-1.0710171461105347,0.17927196621894836,0.10924965143203735,0.08099931478500366,0.056085847318172455,0.04564492404460907,0.050119198858737946,0.05511917546391487,0.05373536795377731,0.046399399638175964,0.03384843096137047,0.017714936286211014,0.05027313530445099,0.10130374133586884,0.13920895755290985,0.13173049688339233,0.08702976256608963,0.14589275419712067,0.21147754788398743,0.17968256771564484,0.1387038230895996,0.25977903604507446,0.29107069969177246,0.19456815719604492,0.15603037178516388,0.15212205052375793,0.1324610859155655,0.11905013769865036,0.05225973576307297,0.07172240316867828,0.15938758850097656,0.23019415140151978,0.23331087827682495,0.2595366835594177,0.30023059248924255,0.23671209812164307,0.12724649906158447,0.08482254296541214,0.15089453756809235,0.28548166155815125,0.3322165608406067,0.29814279079437256,0.1733933687210083,0.10998813062906265,0.2719745934009552,0.3477698564529419,0.26909497380256653,0.13170652091503143,0.2609274685382843,0.3190828561782837,0.20785734057426453,0.20985808968544006,0.27837517857551575,0.20395420491695404,0.21265310049057007,0.21868956089019775,0.17404630780220032,0.18686512112617493,0.14900992810726166,0.14858940243721008,0.12021471560001373,0.11107969284057617,N
../data/DWT_NEW/N/New_N_044.wav,34.07990264892578,-19.735166549682617,48.39658737182617,-16.557106018066406,-24.06374168395996,24.542741775512695,-27.30355453491211,15.583980560302734,-4.430213928222656,-5.545937538146973,7.756839752197266,-5.919932842254639,3.1582860946655273,-2.731463670730591,1.8015204668045044,-2.4547321796417236,2.6039862632751465,-2.6383159160614014,0.39727386832237244,-1.5335471630096436,-0.2860042154788971,-0.5560961365699768,-0.49770480394363403,0.03814872354269028,-0.9402140378952026,0.5289869904518127,-1.598313331604004,0.415868878364563,-0.0671175941824913,1.6900591850280762,0.9012799263000488,0.40579530596733093,-1.4502207040786743,-0.11851772665977478,-0.3948376774787903,0.09206283092498779,-0.25925377011299133,-0.9751952886581421,-0.787215530872345,-1.0129632949829102,0.18610946834087372,0.11862054467201233,0.10782290995121002,0.09311381727457047,0.07614700496196747,0.05990125983953476,0.049119673669338226,0.045180585235357285,0.04410887509584427,0.0416499525308609,0.03684438019990921,0.03557049483060837,0.0532681941986084,0.0881175771355629,0.12557584047317505,0.15317517518997192,0.16161412000656128,0.14880818128585815,0.12034064531326294,0.11577259004116058,0.19577348232269287,0.24497924745082855,0.21101023256778717,0.12120801210403442,0.053768303245306015,0.09176690876483917,0.11033153533935547,0.06806710362434387,0.06331610679626465,0.08709023892879486,0.16302691400051117,0.1510278582572937,0.12011661380529404,0.20199091732501984,0.18558749556541443,0.07301423698663712,0.05757976695895195,0.07172146439552307,0.18998345732688904,0.23908022046089172,0.22513943910598755,0.14405925571918488,0.0757274329662323,0.20349809527397156,0.2838314473628998,0.23714402318000793,0.12138403952121735,0.21952396631240845,0.289098858833313,0.2018311619758606,0.19024619460105896,0.2664726972579956,0.2058475911617279,0.2078211009502411,0.22624540328979492,0.18406277894973755,0.19763368368148804,0.1690218448638916,0.16480731964111328,0.14393040537834167,0.1335395723581314,N
../data/DWT_NEW/N/New_N_157.wav,39.86946105957031,-7.237901210784912,41.881126403808594,-13.545296669006348,-36.91854476928711,17.769760131835938,-14.051251411437988,9.00007152557373,-3.727485179901123,-7.802650451660156,10.307807922363281,-7.429929256439209,4.9409356117248535,-6.576634407043457,6.6770524978637695,-5.2628397941589355,3.0823183059692383,-2.6890149116516113,1.714246153831482,-1.0433269739151,-0.8114604949951172,1.6007134914398193,0.07573655247688293,3.57938551902771,-2.3178529739379883,1.9466509819030762,-3.0647969245910645,1.8667385578155518,-2.2858493328094482,1.2203788757324219,-1.3345180749893188,0.4628378450870514,-0.3803797960281372,-0.34677430987358093,0.12979260087013245,-0.737589418888092,0.786468505859375,-1.3008742332458496,0.9278868436813354,-1.5504727363586426,0.1485709398984909,0.10674531757831573,0.09470036625862122,0.07548831403255463,0.053852006793022156,0.04727362096309662,0.06875873357057571,0.09567508101463318,0.1098829060792923,0.10157142579555511,0.06719298660755157,0.02881232649087906,0.09168505668640137,0.15449820458889008,0.1848563849925995,0.16376814246177673,0.10098739713430405,0.06177200376987457,0.09730114042758942,0.08848504722118378,0.10627125203609467,0.1844598650932312,0.20517241954803467,0.1473432034254074,0.08775746077299118,0.10004870593547821,0.12584452331066132,0.16112732887268066,0.14059984683990479,0.09485173225402832,0.15829691290855408,0.22132135927677155,0.19374635815620422,0.15742921829223633,0.19619953632354736,0.18170367181301117,0.14427265524864197,0.18115165829658508,0.20428451895713806,0.24317938089370728,0.25372838973999023,0.21918651461601257,0.1726970374584198,0.20782646536827087,0.27672532200813293,0.28424176573753357,0.2122245579957962,0.19855698943138123,0.2827030420303345,0.27612510323524475,0.21513591706752777,0.2599206566810608,0.257759153842926,0.23216621577739716,0.22887402772903442,0.21480482816696167,0.19512449204921722,0.17603668570518494,0.15801170468330383,0.1385241150856018,0.11938236653804779,N
../data/DWT_NEW/N/New_N_180.wav,27.234848022460938,-33.103271484375,36.782962799072266,-16.259166717529297,-45.897918701171875,18.915983200073242,-19.53579330444336,2.7651898860931396,-11.622981071472168,3.959378242492676,-5.362734794616699,-2.245577096939087,-0.5756138563156128,-3.8048243522644043,0.8296003341674805,-5.137323379516602,-0.13467946648597717,-3.6209053993225098,0.17054365575313568,-3.5119614601135254,2.074545383453369,-3.2946038246154785,3.082493782043457,-1.7810871601104736,3.3615684509277344,-1.0363900661468506,1.9500828981399536,-2.7893333435058594,0.31708288192749023,-1.5714519023895264,-0.33890533447265625,-2.6998534202575684,-0.7326595783233643,-1.9687180519104004,-0.19195586442947388,-2.2768754959106445,-6.287536144256592,-4.196425914764404,4.366877555847168,13.573637008666992,0.16924722492694855,0.05194273591041565,0.050750795751810074,0.04707806184887886,0.040347419679164886,0.030123762786388397,0.016980085521936417,0.0046257134526968,0.01665419340133667,0.030943546444177628,0.04031120985746384,0.040921714156866074,0.03128831833600998,0.015215074643492699,0.022150833159685135,0.042603060603141785,0.046947792172431946,0.030577681958675385,0.03076913394033909,0.05658499896526337,0.056382812559604645,0.05269091948866844,0.11379976570606232,0.14854800701141357,0.12649232149124146,0.07980035990476608,0.04867849871516228,0.06483511626720428,0.0848371610045433,0.06868790090084076,0.040446728467941284,0.044541411101818085,0.08620063215494156,0.13311874866485596,0.14212484657764435,0.1590900719165802,0.1862894594669342,0.1648772805929184,0.11416131258010864,0.08383939415216446,0.09572581946849823,0.1689290702342987,0.22121891379356384,0.22786474227905273,0.18749262392520905,0.13276392221450806,0.1679726541042328,0.22812315821647644,0.22841604053974152,0.18013247847557068,0.17582470178604126,0.20388445258140564,0.18503643572330475,0.15985383093357086,0.1548624336719513,0.14005476236343384,0.12300199270248413,0.10531087219715118,0.09258183091878891,0.07890774309635162,0.067597895860672,N
../data/DWT_NEW/N/New_N_034.wav,31.97905921936035,-35.788414001464844,31.27688980102539,-18.457889556884766,-28.73418617248535,7.8640971183776855,-20.808853149414062,7.651718616485596,-7.907190322875977,-1.399731159210205,0.37910157442092896,-3.9877212047576904,1.4152392148971558,-3.360396146774292,0.5692782402038574,-3.4092586040496826,-1.3186562061309814,-3.3873424530029297,-0.4425910711288452,-1.9009807109832764,-0.7423588037490845,-3.152595281600952,-0.22154134511947632,1.7934205532073975,2.877751350402832,1.339950680732727,-0.7973465919494629,-0.22617924213409424,-1.0870169401168823,1.028233528137207,-1.5949416160583496,-1.3579270839691162,-0.9005222320556641,0.3597005605697632,-1.6517904996871948,-1.2812951803207397,-2.516871452331543,-2.4407742023468018,1.0954457521438599,9.369505882263184,0.15630199015140533,0.03777274489402771,0.037140198051929474,0.03492183983325958,0.03088303655385971,0.02546188235282898,0.020675145089626312,0.01926019974052906,0.021516794338822365,0.024289973080158234,0.025046661496162415,0.023111918941140175,0.01955927535891533,0.014379875734448433,0.007246275432407856,0.016162356361746788,0.03726711869239807,0.05527421087026596,0.05711580812931061,0.03893127664923668,0.06430082023143768,0.11932481825351715,0.1412443220615387,0.11277173459529877,0.07308030128479004,0.07151295244693756,0.06901685893535614,0.08604047447443008,0.0919886901974678,0.06604168564081192,0.03660377115011215,0.04005655646324158,0.08466841280460358,0.11339125037193298,0.13048076629638672,0.16592872142791748,0.1786353439092636,0.1457720845937729,0.09052546322345734,0.04532352089881897,0.09626249223947525,0.16330604255199432,0.198545902967453,0.1857418417930603,0.13004115223884583,0.07829971611499786,0.14588908851146698,0.18034347891807556,0.16070334613323212,0.11510241031646729,0.12035811692476273,0.1312360167503357,0.10934093594551086,0.08838970959186554,0.07857169210910797,0.06135847792029381,0.045008979737758636,0.026411259546875954,0.012370320037007332,0.015688586980104446,0.02374064177274704,N
../data/DWT_NEW/N/New_N_100.wav,31.382781982421875,-14.812419891357422,43.13346862792969,-17.273563385009766,-24.581562042236328,31.452821731567383,-30.056640625,15.227609634399414,-3.258054494857788,-5.335123062133789,7.031671524047852,-4.953543663024902,3.4959311485290527,-3.76931095123291,3.522071123123169,-3.795144557952881,3.5900521278381348,-3.238664150238037,0.8357060551643372,-2.6282143592834473,0.13943177461624146,-1.2570340633392334,0.13541433215141296,0.37643688917160034,-1.4558379650115967,0.6723220944404602,-1.9310811758041382,1.2293521165847778,-0.05207177996635437,3.072131633758545,0.32295191287994385,0.7583355903625488,-2.154534339904785,-0.11977869272232056,-0.7112230658531189,0.17252714931964874,-0.8953787088394165,-1.233419418334961,-0.7245230674743652,-1.3216502666473389,0.17996254563331604,0.11107172816991806,0.08934247493743896,0.06246006488800049,0.035775959491729736,0.027473215013742447,0.04350461810827255,0.056597743183374405,0.058331605046987534,0.05038738250732422,0.043725475668907166,0.05435857176780701,0.07553505897521973,0.0984157919883728,0.10886457562446594,0.12140454351902008,0.145668625831604,0.1579115092754364,0.13623946905136108,0.1355302482843399,0.2182581126689911,0.25003406405448914,0.1953342705965042,0.10602850466966629,0.08651253581047058,0.0893116146326065,0.11583304405212402,0.09457927197217941,0.07398894429206848,0.06796085089445114,0.152870774269104,0.16049039363861084,0.12534424662590027,0.1910545378923416,0.2079642117023468,0.11391081660985947,0.06506435573101044,0.0664089024066925,0.15834853053092957,0.23038983345031738,0.22514608502388,0.15879681706428528,0.06359057128429413,0.16805319488048553,0.2595163583755493,0.23111654818058014,0.11620259284973145,0.18776804208755493,0.26626700162887573,0.19038835167884827,0.17187067866325378,0.24673917889595032,0.18960067629814148,0.19910961389541626,0.21185599267482758,0.18012666702270508,0.19348612427711487,0.17107456922531128,0.1684388965368271,0.15310916304588318,0.1418675184249878,N
../data/DWT_NEW/N/New_N_129.wav,30.410642623901367,-9.287897109985352,37.41973114013672,-26.628002166748047,-28.749778747558594,9.1799955368042,-20.279857635498047,10.924151420593262,-8.166253089904785,-8.881312370300293,11.254199028015137,-13.105961799621582,5.611008644104004,-4.528039455413818,1.1396218538284302,-2.845942497253418,1.6690386533737183,-3.9322762489318848,1.127709150314331,-0.185580775141716,-2.5836362838745117,1.5970854759216309,-4.117882251739502,0.726140022277832,-2.9039504528045654,1.5542306900024414,-2.8544955253601074,1.4220809936523438,-2.502805233001709,0.6066123843193054,-0.6204500198364258,-0.5029932260513306,-0.10722117125988007,-0.9834436774253845,0.10126712173223495,-1.2254363298416138,0.5074509382247925,-1.6586594581604004,0.2204076200723648,-1.6794040203094482,0.13446490466594696,0.06099730730056763,0.07193030416965485,0.07889753580093384,0.08011121302843094,0.07428272068500519,0.061957553029060364,0.044030237942934036,0.02287132665514946,0.009537593461573124,0.025460297241806984,0.03521079570055008,0.031130095943808556,0.023854777216911316,0.058385491371154785,0.1055537685751915,0.13978996872901917,0.13845093548297882,0.09853358566761017,0.045538775622844696,0.03483773022890091,0.048632387071847916,0.11597257852554321,0.16017651557922363,0.13700075447559357,0.07743023335933685,0.05376312881708145,0.08300052583217621,0.11716204881668091,0.11134585738182068,0.07390348613262177,0.12578658759593964,0.18513226509094238,0.1663096845149994,0.14712205529212952,0.16832369565963745,0.14593960344791412,0.13619166612625122,0.16978594660758972,0.20790018141269684,0.2431701421737671,0.23370251059532166,0.188176229596138,0.17356422543525696,0.25146427750587463,0.2942161560058594,0.2478169947862625,0.1656067669391632,0.2739691138267517,0.2902957499027252,0.21520832180976868,0.24355414509773254,0.2587934732437134,0.21905982494354248,0.21799486875534058,0.2047954946756363,0.18675288558006287,0.1702549159526825,0.1565263569355011,0.1387004256248474,0.12352871894836426,N
../data/DWT_NEW/N/New_N_116.wav,34.67696762084961,-13.119083404541016,44.47542953491211,-10.88859748840332,-22.397153854370117,25.172985076904297,-29.83224868774414,19.5534610748291,-6.114284992218018,-5.043507099151611,7.4156718254089355,-4.785345554351807,1.6686866283416748,-0.885689914226532,0.46630316972732544,-1.6839165687561035,1.7445573806762695,-1.6347520351409912,-0.6203958988189697,-0.6779556274414062,-1.9107840061187744,0.5556147694587708,-0.8888968229293823,0.6535459756851196,-1.4523347616195679,1.0909838676452637,-2.4093685150146484,0.6545507907867432,-0.053945839405059814,2.6761634349823,1.1917836666107178,0.15688209235668182,-1.6616441011428833,-0.05829685926437378,0.07905781269073486,0.20874154567718506,-0.4689278304576874,-1.535252571105957,-0.215523824095726,-0.8235264420509338,0.17655910551548004,0.11157218366861343,0.07439352571964264,0.0347641259431839,0.010415006428956985,0.03647368401288986,0.05412326008081436,0.06008574739098549,0.05604398250579834,0.04256179928779602,0.018343014642596245,0.04481809586286545,0.10115156322717667,0.14056101441383362,0.12001551687717438,0.06397508829832077,0.14793746173381805,0.2303343415260315,0.19882741570472717,0.14385822415351868,0.27085673809051514,0.29880785942077637,0.20366917550563812,0.1610296666622162,0.14810115098953247,0.13472361862659454,0.13258495926856995,0.07851521670818329,0.08747430145740509,0.15105411410331726,0.23027795553207397,0.2597257196903229,0.2628667652606964,0.299583375453949,0.25837719440460205,0.13700196146965027,0.0813324898481369,0.15031111240386963,0.2730850279331207,0.3324469327926636,0.2965729832649231,0.17999812960624695,0.09089353680610657,0.24907748401165009,0.33060458302497864,0.2635462284088135,0.12492953985929489,0.2319333851337433,0.2987964451313019,0.19932563602924347,0.18455494940280914,0.2593923807144165,0.19273841381072998,0.19333019852638245,0.21131908893585205,0.15983745455741882,0.18056806921958923,0.1423209011554718,0.14393995702266693,0.11672414839267731,0.10808384418487549,N
../data/DWT_NEW/N/New_N_174.wav,46.9949836730957,-30.92227554321289,32.8182487487793,-8.155054092407227,-30.347736358642578,17.468570709228516,-15.782304763793945,9.723075866699219,-8.834712982177734,5.294683456420898,-3.3024559020996094,3.4030203819274902,-1.1257765293121338,-1.5924420356750488,1.391202449798584,-2.205594301223755,-1.4407615661621094,0.565243124961853,-0.13016316294670105,-0.7292854189872742,1.352128267288208,-1.9793034791946411,1.15604829788208,0.31335151195526123,3.4326419830322266,2.434666633605957,2.6245813369750977,-0.697814404964447,-0.07564675807952881,-0.42145609855651855,0.745580792427063,-0.8918542861938477,0.5682796835899353,0.2283022105693817,1.08632493019104,-1.9440147876739502,-3.2742342948913574,-0.5939175486564636,8.355081558227539,13.560970306396484,0.1775321662425995,0.09874746203422546,0.07670584321022034,0.05222845822572708,0.027239222079515457,0.007368554826825857,0.020879216492176056,0.03384966775774956,0.0402359664440155,0.04310039058327675,0.049689725041389465,0.06300038844347,0.07708615064620972,0.08735646307468414,0.08265610039234161,0.0619378387928009,0.03148520737886429,0.02630125731229782,0.04410945251584053,0.03974933177232742,0.05531863123178482,0.1358489990234375,0.2114366590976715,0.2261022925376892,0.170164555311203,0.09841680526733398,0.06903311610221863,0.10867415368556976,0.1481548249721527,0.1296955645084381,0.07228559255599976,0.04856771603226662,0.0838283970952034,0.11837635934352875,0.12931233644485474,0.1705564260482788,0.21000537276268005,0.19371211528778076,0.14082013070583344,0.0861237645149231,0.05991968512535095,0.14517703652381897,0.20606952905654907,0.2179853320121765,0.17601937055587769,0.10320866852998734,0.12534773349761963,0.1887470781803131,0.19086354970932007,0.13774925470352173,0.1143825575709343,0.14967919886112213,0.13871616125106812,0.10716791450977325,0.10828019678592682,0.1044001579284668,0.09559144824743271,0.09362207353115082,0.09132443368434906,0.09038262814283371,0.08622955530881882,N
../data/DWT_NEW/N/New_N_037.wav,-41.20586395263672,-109.49705505371094,31.633895874023438,-24.49765396118164,43.101280212402344,-11.39200496673584,0.21906161308288574,5.09047269821167,-7.147294998168945,6.452879428863525,-5.687848091125488,6.857440948486328,-7.58277702331543,6.651362895965576,-5.588686943054199,3.3243613243103027,-0.5523906946182251,-1.5221278667449951,3.4915666580200195,-4.406013488769531,5.009362697601318,-4.198975563049316,3.5763797760009766,-2.012415885925293,0.7080773115158081,0.7744177579879761,-1.295614242553711,1.6802949905395508,-1.0086345672607422,0.5475682020187378,0.6878060102462769,-1.4431339502334595,2.005370616912842,-1.727273941040039,1.714808464050293,-0.8051444292068481,0.5116758346557617,0.3327898383140564,-0.7129639387130737,1.1957558393478394,0.32935410737991333,0.012680763378739357,0.014300253242254257,0.016839204356074333,0.019878920167684555,0.022990670055150986,0.02578917145729065,0.02748647704720497,0.02719266340136528,0.024865828454494476,0.02114354819059372,0.017070313915610313,0.014217840507626534,0.01564033329486847,0.02084995247423649,0.023801129311323166,0.021263614296913147,0.016153963282704353,0.015722062438726425,0.016311783343553543,0.01915840059518814,0.020831657573580742,0.019609887152910233,0.019922340288758278,0.014939913526177406,0.021059276536107063,0.025169767439365387,0.0187856312841177,0.009994822554290295,0.017584484070539474,0.013335684314370155,0.010714458301663399,0.016972659155726433,0.011190364137291908,0.017696909606456757,0.017225034534931183,0.012917280197143555,0.014551185071468353,0.017731845378875732,0.018823400139808655,0.020005762577056885,0.020363830029964447,0.01961575821042061,0.02336394414305687,0.025747839361429214,0.025765208527445793,0.02622426487505436,0.02867986261844635,0.03008955344557762,0.030377930030226707,0.03174004703760147,0.032898448407649994,0.03391709923744202,0.03511285036802292,0.03655307739973068,0.038563426584005356,0.04195035248994827,0.04831996560096741,0.058116745203733444,0.07091774046421051,0.08572416752576828,N
../data/DWT_NEW/N/New_N_197.wav,69.74955749511719,-46.67179870605469,11.484580039978027,-29.986419677734375,4.5484113693237305,0.7927390336990356,3.5183820724487305,-5.8546600341796875,9.250829696655273,-5.119876861572266,3.58616042137146,-2.1640117168426514,0.9095890522003174,0.9858868718147278,-1.091165542602539,0.6982077360153198,-1.2560970783233643,-0.41597533226013184,0.9194856882095337,0.11172926425933838,0.04886162281036377,-0.584091067314148,0.01262788474559784,-0.0075395554304122925,0.34191715717315674,-0.12378007173538208,-0.10920658707618713,0.028761565685272217,0.02442409098148346,0.25721490383148193,0.09552142024040222,0.08365051448345184,-0.043381575495004654,-0.1396786868572235,0.1924460232257843,0.09708018600940704,0.23680874705314636,0.25741252303123474,0.3923426866531372,0.38661450147628784,0.2453024983406067,0.0765681117773056,0.08097239583730698,0.08431751281023026,0.08668792247772217,0.0882968008518219,0.08986242115497589,0.08991894125938416,0.08528419584035873,0.07386398315429688,0.056121502071619034,0.04333726689219475,0.05964846909046173,0.08731087297201157,0.10589063167572021,0.10903804004192352,0.1006556898355484,0.08787620067596436,0.07356956601142883,0.0546930730342865,0.04395139962434769,0.06422247737646103,0.0796804130077362,0.07962634414434433,0.07334253191947937,0.06372065097093582,0.06410263478755951,0.09446434676647186,0.08795920759439468,0.05892794579267502,0.06876301765441895,0.0827985480427742,0.058188002556562424,0.047643356025218964,0.0708058625459671,0.0691017434000969,0.08241456001996994,0.10362979024648666,0.09625650942325592,0.08817237615585327,0.0788978785276413,0.09039898216724396,0.11628066003322601,0.13112957775592804,0.12039542198181152,0.10122518241405487,0.12085302174091339,0.14925715327262878,0.14308366179466248,0.11382265388965607,0.15045472979545593,0.1648821383714676,0.1385037899017334,0.16667640209197998,0.1755896508693695,0.17475320398807526,0.188039168715477,0.1946142166852951,0.20022699236869812,0.20553931593894958,0.20733442902565002,N
../data/DWT_NEW/N/New_N_040.wav,-13.967294692993164,-98.74040222167969,22.182567596435547,-25.3038330078125,54.255558013916016,-15.645488739013672,6.626708030700684,-3.8482394218444824,-11.462240219116211,5.2161478996276855,-9.802982330322266,11.806143760681152,-8.136220932006836,8.263197898864746,-4.949733734130859,-0.5243433713912964,2.068594455718994,-6.013948917388916,6.037801742553711,-5.55095100402832,3.7612740993499756,-1.9483169317245483,-0.15102112293243408,0.8916861414909363,-1.7499589920043945,1.3047151565551758,-1.2405407428741455,-0.19165867567062378,0.20509091019630432,-1.745750904083252,1.8089967966079712,-2.0572972297668457,2.0192437171936035,-1.255406379699707,-0.32521727681159973,-0.3966054618358612,-1.8500797748565674,1.0162417888641357,-1.2911038398742676,1.0407559871673584,0.3938201665878296,0.03240733593702316,0.028189372271299362,0.020589012652635574,0.011602412909269333,0.011274825781583786,0.020828232169151306,0.02856476977467537,0.030155185610055923,0.02420399710536003,0.013242729008197784,0.018324457108974457,0.033182017505168915,0.03863115608692169,0.02806021086871624,0.013205412775278091,0.023232469335198402,0.023922277614474297,0.026343129575252533,0.04984653741121292,0.051993779838085175,0.03406894952058792,0.028532087802886963,0.027633726596832275,0.035169702023267746,0.035143233835697174,0.029945828020572662,0.028998594731092453,0.034941378980875015,0.03491585701704025,0.029798448085784912,0.04669049382209778,0.05355764180421829,0.04426621273159981,0.04215800017118454,0.03984956443309784,0.039401158690452576,0.038840197026729584,0.04659165441989899,0.054570164531469345,0.045794300734996796,0.038121141493320465,0.03840813413262367,0.0452800989151001,0.04754836857318878,0.03596894070506096,0.03349284827709198,0.0385621041059494,0.03136778622865677,0.025458188727498055,0.026503683999180794,0.02063111960887909,0.026406070217490196,0.0334320068359375,0.04360806941986084,0.05574515089392662,0.07096953690052032,0.09022212773561478,0.11335083842277527,0.13902929425239563,0.16744345426559448,N
../data/DWT_NEW/N/New_N_161.wav,41.144996643066406,-29.389217376708984,32.58721160888672,-17.281150817871094,-28.701282501220703,12.153507232666016,-21.502769470214844,12.28603458404541,-9.478082656860352,0.05513152480125427,-0.5137654542922974,-0.3444780707359314,-0.8137592077255249,-2.079223394393921,1.1513440608978271,-3.20263934135437,-2.160956621170044,-0.19029337167739868,-1.678287148475647,-1.2334073781967163,0.9115138053894043,-2.2657413482666016,0.6780650615692139,1.8973908424377441,1.3348510265350342,2.112762451171875,-0.43871796131134033,-1.2399945259094238,-1.4604448080062866,0.28256475925445557,-1.2172114849090576,-1.7002699375152588,-2.6274399757385254,-0.39788246154785156,-0.2943602204322815,-2.679434299468994,-5.03426456451416,-2.7912840843200684,6.1681904792785645,12.732237815856934,0.17138788104057312,0.015067445114254951,0.014111921191215515,0.029924826696515083,0.04963371530175209,0.06880832463502884,0.08455616235733032,0.09369149059057236,0.0931781530380249,0.08290717005729675,0.06487861275672913,0.043341316282749176,0.024293623864650726,0.011612520553171635,0.027851030230522156,0.048669081181287766,0.06566829979419708,0.07268516719341278,0.07080652564764023,0.06548184156417847,0.049547020345926285,0.054446928203105927,0.1200966015458107,0.1503036469221115,0.12487895786762238,0.1095915138721466,0.11324907839298248,0.10797407478094101,0.10673657804727554,0.0918608009815216,0.07591849565505981,0.04222153499722481,0.037234287708997726,0.10977289080619812,0.14140845835208893,0.16927078366279602,0.20495331287384033,0.2027273178100586,0.15756343305110931,0.09381276369094849,0.06550030410289764,0.14961102604866028,0.22308900952339172,0.24449382722377777,0.2055869996547699,0.13572782278060913,0.15100401639938354,0.22107025980949402,0.23222915828227997,0.18687185645103455,0.1694260686635971,0.19964444637298584,0.18955323100090027,0.16228947043418884,0.15797297656536102,0.14514414966106415,0.12966053187847137,0.11602459847927094,0.1036519929766655,0.09449452906847,0.08590328693389893,N
../data/DWT_NEW/N/New_N_147.wav,25.834941864013672,-1.317713737487793,46.42061996459961,-29.04639434814453,-38.185585021972656,27.624799728393555,-23.216012954711914,7.156835556030273,-4.304344654083252,-3.683274745941162,6.698587417602539,-8.83856201171875,4.664151191711426,-3.5114941596984863,3.513136386871338,-5.098235130310059,3.7259302139282227,-2.771483898162842,1.260329008102417,-0.6058125495910645,-1.05845308303833,-0.45891886949539185,-2.3302693367004395,2.168046236038208,-1.0914702415466309,4.123490810394287,-2.105811595916748,1.7747037410736084,-2.8675684928894043,1.8780664205551147,-1.4898154735565186,0.5225356221199036,-1.0149906873703003,0.4871031939983368,-0.5507211685180664,-0.8354288339614868,0.5048673152923584,-0.7771645784378052,0.02884608507156372,-1.745449423789978,0.14313344657421112,0.09153708070516586,0.07888676226139069,0.059659093618392944,0.035507164895534515,0.015428206883370876,0.033751100301742554,0.05840107426047325,0.0751107856631279,0.07870553433895111,0.06556755304336548,0.035050973296165466,0.03125962242484093,0.08515407890081406,0.13212041556835175,0.1443072110414505,0.10675980150699615,0.053837861865758896,0.09283743053674698,0.11439734697341919,0.08416566997766495,0.12605275213718414,0.18241803348064423,0.15803074836730957,0.10170626640319824,0.08886343240737915,0.09543900936841965,0.12696205079555511,0.12970495223999023,0.10676336288452148,0.12431743741035461,0.19182389974594116,0.2088756561279297,0.17879493534564972,0.1924547255039215,0.1865624487400055,0.13817526400089264,0.1527635157108307,0.19311457872390747,0.2409875988960266,0.2632947564125061,0.2295103520154953,0.16279003024101257,0.18716555833816528,0.2724248766899109,0.2928626537322998,0.2147563397884369,0.18197068572044373,0.28225141763687134,0.27805373072624207,0.20475314557552338,0.2548968195915222,0.25745052099227905,0.2290773093700409,0.2297087013721466,0.2190781831741333,0.20236976444721222,0.18602754175662994,0.1697051227092743,0.1501169204711914,0.13090747594833374,N
../data/DWT_NEW/N/New_N_004.wav,34.61988830566406,-28.66830825805664,37.56636047363281,-23.60055160522461,-36.50114059448242,17.089588165283203,-17.997314453125,5.15535831451416,-10.123222351074219,3.48129940032959,-0.6038160920143127,-5.0216827392578125,1.1777360439300537,-1.0591365098953247,-0.5303510427474976,-2.753383159637451,-0.1251939833164215,-2.452671766281128,1.6304411888122559,-3.0230040550231934,1.5464450120925903,-2.495335817337036,0.46538788080215454,0.5979651212692261,3.6027841567993164,2.0801870822906494,1.8420991897583008,-0.7863179445266724,0.12962710857391357,1.263548731803894,0.5742112994194031,-0.42278772592544556,-0.3363594114780426,0.34750455617904663,1.3249629735946655,-0.4429510831832886,-2.2615408897399902,-1.7871291637420654,5.0410661697387695,12.508773803710938,0.16733427345752716,0.06498673558235168,0.058772146701812744,0.05057431757450104,0.04032255709171295,0.028631828725337982,0.018637916073203087,0.017728213220834732,0.0251610167324543,0.03170828893780708,0.03337303549051285,0.029436571523547173,0.02453145757317543,0.026962578296661377,0.026721088215708733,0.01746395230293274,0.015707343816757202,0.036718741059303284,0.04748808592557907,0.03803544491529465,0.06040674448013306,0.11796112358570099,0.1555768847465515,0.1484105885028839,0.10539385676383972,0.059502653777599335,0.04723883420228958,0.07696836441755295,0.09785747528076172,0.08943386375904083,0.0661981925368309,0.05089079588651657,0.0929337739944458,0.11129575967788696,0.11144226789474487,0.15450510382652283,0.17582395672798157,0.14371871948242188,0.09538420289754868,0.07017554342746735,0.11090949177742004,0.16797032952308655,0.19711343944072723,0.18298017978668213,0.12916752696037292,0.10230080038309097,0.16015437245368958,0.18355856835842133,0.15315604209899902,0.09417367726564407,0.12628746032714844,0.13108579814434052,0.08954473584890366,0.07264545559883118,0.06623052805662155,0.04225141182541847,0.029418904334306717,0.0218350812792778,0.023516640067100525,0.030338015407323837,0.038728125393390656,N
../data/DWT_NEW/N/New_N_094.wav,51.64927291870117,-19.408306121826172,42.26158905029297,-15.54136848449707,-42.010223388671875,10.57762622833252,-22.146041870117188,13.039800643920898,-10.55295181274414,-4.962602615356445,5.906028747558594,-4.290445327758789,1.2499232292175293,-4.384304523468018,-0.12177592515945435,-0.00250813364982605,-1.9477617740631104,-0.8941066861152649,-0.49306154251098633,1.0866256952285767,-0.42503151297569275,2.0518622398376465,-1.5495564937591553,2.5304298400878906,-1.8825035095214844,2.4189767837524414,-1.8760467767715454,0.8350199460983276,-4.159895896911621,-1.6912431716918945,-2.3770978450775146,0.12652796506881714,-1.090807557106018,0.8108102083206177,-0.5980355739593506,-0.46227288246154785,0.4032488465309143,-0.49696412682533264,-1.4359639883041382,-0.7696555852890015,0.20174549520015717,0.010062545537948608,0.019264906644821167,0.03524944931268692,0.05252908170223236,0.06729023903608322,0.0764017254114151,0.07738921046257019,0.07009928673505783,0.05986862629652023,0.05673869699239731,0.0679178312420845,0.09139066934585571,0.1293972283601761,0.1559777855873108,0.1545756757259369,0.11454979330301285,0.05382253974676132,0.03751612827181816,0.03980076685547829,0.08691973984241486,0.16423118114471436,0.17510217428207397,0.11933933198451996,0.09365887194871902,0.07765358686447144,0.019996464252471924,0.07029689103364944,0.0942445695400238,0.029998982325196266,0.17210477590560913,0.271603524684906,0.23455706238746643,0.18927901983261108,0.20246785879135132,0.13597817718982697,0.05499616265296936,0.1797512322664261,0.2786639630794525,0.3633425235748291,0.3270653486251831,0.1986040472984314,0.14551149308681488,0.36132103204727173,0.4854045510292053,0.3876523971557617,0.23539644479751587,0.43494200706481934,0.5041662454605103,0.33816060423851013,0.3803993761539459,0.4775588810443878,0.3607933223247528,0.3781279921531677,0.37390244007110596,0.3075268268585205,0.3084934949874878,0.2607150971889496,0.23321381211280823,0.19419294595718384,0.15312281250953674,N
../data/DWT_NEW/N/New_N_111.wav,41.506874084472656,-7.434304714202881,43.32020950317383,-11.29478931427002,-22.3177547454834,26.141876220703125,-25.944156646728516,15.362157821655273,-6.076519012451172,-2.425112009048462,6.575218677520752,-6.986659049987793,5.087488174438477,-2.807386636734009,0.8530798554420471,-1.0676229000091553,1.2106316089630127,-2.375694513320923,0.6259751319885254,-0.9824831485748291,-1.0754399299621582,0.7658562660217285,-1.4185763597488403,1.2504379749298096,-1.6245160102844238,0.9522872567176819,-2.237070083618164,1.246260404586792,-1.13344407081604,2.3622663021087646,0.29654860496520996,1.1773394346237183,-0.6532416939735413,0.4171333611011505,-0.4283788204193115,0.18025857210159302,-0.38510483503341675,-0.6506643295288086,-0.25589215755462646,-0.9139602780342102,0.17105484008789062,0.14096543192863464,0.10114395618438721,0.06358592212200165,0.046221740543842316,0.05807316675782204,0.07434263825416565,0.08494279533624649,0.08939766883850098,0.0858052521944046,0.0700017660856247,0.060225050896406174,0.09829152375459671,0.1334867775440216,0.11584077030420303,0.06170099601149559,0.1719864010810852,0.2605181336402893,0.22465339303016663,0.16315630078315735,0.2918106019496918,0.3299732506275177,0.2227572500705719,0.1648850440979004,0.16074731945991516,0.17790377140045166,0.17325018346309662,0.07819289714097977,0.10853663086891174,0.1917741894721985,0.24870237708091736,0.2614027261734009,0.2977072596549988,0.3462101221084595,0.26926180720329285,0.15093642473220825,0.10296619683504105,0.16752490401268005,0.31098243594169617,0.3614877760410309,0.328943133354187,0.20257604122161865,0.11915572732686996,0.285850465297699,0.3686595857143402,0.2936980724334717,0.1482585370540619,0.2700077295303345,0.3344726264476776,0.22528812289237976,0.21962609887123108,0.2900616526603699,0.21922048926353455,0.22687241435050964,0.23334555327892303,0.19785693287849426,0.20607280731201172,0.17929813265800476,0.17519021034240723,0.15566635131835938,0.1465051919221878,N
../data/DWT_NEW/N/New_N_039.wav,-27.895814895629883,-96.83013153076172,7.283303260803223,-17.736988067626953,36.258636474609375,-10.34607219696045,-6.398774147033691,5.34100341796875,-21.052043914794922,13.159855842590332,-15.387649536132812,14.178003311157227,-11.39603042602539,11.08958911895752,-9.424421310424805,6.067574977874756,-3.959679126739502,0.1100914254784584,2.065018892288208,-3.4282052516937256,4.018495082855225,-3.0497448444366455,2.1655943393707275,-0.7668713927268982,-0.20822171866893768,1.0131170749664307,-1.278326392173767,1.0924320220947266,-0.5154043436050415,-0.2782314419746399,1.7586889266967773,-2.3760509490966797,3.38600492477417,-3.132692337036133,2.7355055809020996,-2.1430740356445312,0.9670895934104919,0.0447118803858757,-0.2900903820991516,1.7325713634490967,0.289532333612442,0.011529333889484406,0.010462017729878426,0.008039947599172592,0.006864117458462715,0.011160279624164104,0.01790136843919754,0.02370418980717659,0.02600771188735962,0.02332041785120964,0.015464515425264835,0.005386094097048044,0.010668845847249031,0.0158867035061121,0.01401032879948616,0.010508641600608826,0.01907581463456154,0.02305114082992077,0.016677841544151306,0.010633517056703568,0.014277375303208828,0.01626771315932274,0.02473440021276474,0.022564873099327087,0.018351765349507332,0.020278412848711014,0.025454513728618622,0.027232052758336067,0.02243795245885849,0.022405240684747696,0.02489224076271057,0.023869264870882034,0.02603936940431595,0.03169367089867592,0.03222513943910599,0.03413332998752594,0.03138023614883423,0.031131047755479813,0.032425448298454285,0.03762948140501976,0.041369542479515076,0.040025532245635986,0.036791421473026276,0.03879085183143616,0.04372093081474304,0.04289538413286209,0.038218095898628235,0.03912109136581421,0.03902360051870346,0.03245820850133896,0.02936151623725891,0.024422751739621162,0.025823576375842094,0.03156966343522072,0.04124344885349274,0.05452080816030502,0.07121675461530685,0.09138578176498413,0.11465193331241608,0.1389792263507843,0.16475993394851685,N
../data/DWT_NEW/N/New_N_092.wav,32.12967300415039,-21.011430740356445,56.692169189453125,-16.18378257751465,-49.335567474365234,11.716313362121582,-24.265888214111328,10.642080307006836,-8.131738662719727,-6.233549118041992,5.7935261726379395,-6.577659606933594,3.6761608123779297,-6.489951133728027,2.601811170578003,-1.5020458698272705,1.7587642669677734,-3.209171772003174,1.9250408411026,0.18714821338653564,2.7926220893859863,1.4459607601165771,-0.6382157802581787,1.2955127954483032,-0.8532143235206604,2.1033873558044434,-1.419477939605713,0.6823484897613525,-4.923388481140137,-3.6646056175231934,-3.781883716583252,0.07220625877380371,-1.7642427682876587,-1.0390963554382324,-2.489511728286743,-1.9589711427688599,0.8434877395629883,-0.472590833902359,-1.5639638900756836,-1.5001220703125,0.1994968205690384,0.07693471014499664,0.07142201066017151,0.059826914221048355,0.04331524670124054,0.025110194459557533,0.013439463451504707,0.016392650082707405,0.017990432679653168,0.01387856900691986,0.011215087957680225,0.01067158579826355,0.01922343298792839,0.06141664832830429,0.10762861371040344,0.1404161900281906,0.13745097815990448,0.09742432832717896,0.05588611960411072,0.045877810567617416,0.07889814674854279,0.17698684334754944,0.22442859411239624,0.17541566491127014,0.08189992606639862,0.026512011885643005,0.03306487202644348,0.036195263266563416,0.04072883352637291,0.0652027428150177,0.18219798803329468,0.26933225989341736,0.22550076246261597,0.1817026436328888,0.20250192284584045,0.12075968086719513,0.05394545570015907,0.18298709392547607,0.28346967697143555,0.36020177602767944,0.3075903654098511,0.1572827398777008,0.14274346828460693,0.3598182797431946,0.4469139575958252,0.3204895853996277,0.19163839519023895,0.4051355719566345,0.44810163974761963,0.2790261507034302,0.34953755140304565,0.40731948614120483,0.291204571723938,0.32199862599372864,0.29866889119148254,0.24354903399944305,0.23242715001106262,0.18544507026672363,0.1543503701686859,0.11312246322631836,0.07626304775476456,N
../data/DWT_NEW/N/New_N_109.wav,33.041282653808594,-9.080921173095703,48.15069580078125,-16.510831832885742,-21.253185272216797,28.34659767150879,-31.774059295654297,19.225454330444336,-6.6276021003723145,-7.050251007080078,9.41200065612793,-8.007222175598145,2.499573230743408,0.11574104428291321,0.7710831165313721,-2.6299047470092773,3.423027515411377,-4.283299446105957,0.37383314967155457,0.09066420793533325,-2.071333646774292,0.9077903032302856,-1.091928243637085,0.040910378098487854,-1.3610177040100098,1.9932682514190674,-3.021895408630371,1.9421457052230835,-2.4464051723480225,1.2439805269241333,-0.19010651111602783,1.0797381401062012,-1.6074669361114502,0.5243552327156067,-1.278313159942627,0.026869725435972214,-0.35433340072631836,-1.2459444999694824,-0.3835686445236206,-0.9891385436058044,0.18099848926067352,0.15767940878868103,0.14447292685508728,0.12248368561267853,0.0932755172252655,0.060072965919971466,0.028956186026334763,0.01226290687918663,0.027803264558315277,0.04311756417155266,0.056064918637275696,0.0702616423368454,0.09650887548923492,0.13568398356437683,0.17037561535835266,0.1752241849899292,0.1371920108795166,0.07140155881643295,0.08508071303367615,0.20181617140769958,0.30976366996765137,0.3246955871582031,0.22577324509620667,0.09929345548152924,0.08059695363044739,0.14824046194553375,0.15166640281677246,0.10191337764263153,0.09128923714160919,0.12900441884994507,0.18475604057312012,0.17823103070259094,0.18138279020786285,0.2738092541694641,0.23196157813072205,0.11325571686029434,0.0760502964258194,0.08478029817342758,0.21486961841583252,0.2804761230945587,0.2653464078903198,0.1846810281276703,0.043398164212703705,0.19477702677249908,0.30485355854034424,0.26775050163269043,0.0972285196185112,0.1888723373413086,0.2978859841823578,0.20185503363609314,0.13364055752754211,0.2593957781791687,0.1872488111257553,0.15982556343078613,0.21511948108673096,0.11745912581682205,0.17527616024017334,0.11157622933387756,0.1311490535736084,0.0855901837348938,0.09328322112560272,N
../data/DWT_NEW/N/New_N_176.wav,26.62026596069336,-26.571758270263672,33.87890625,-13.75218391418457,-30.186128616333008,19.327144622802734,-18.656827926635742,8.418063163757324,-7.031253337860107,3.7086663246154785,-3.079160213470459,0.6186425685882568,0.19853293895721436,-1.6347854137420654,0.45989125967025757,-1.719312071800232,-0.9492440819740295,0.03743969649076462,0.635539174079895,-0.7388923168182373,0.33191168308258057,-1.4794331789016724,-0.5447569489479065,0.4947448968887329,1.605787992477417,1.4872214794158936,0.30948972702026367,0.374586820602417,-0.8173608183860779,0.10565066337585449,-0.755225419998169,-0.11306679248809814,-0.8572630882263184,-0.02031680941581726,0.20985352993011475,-1.3698004484176636,-4.24144172668457,-0.23105981945991516,7.762655258178711,13.207168579101562,0.14188262820243835,0.058252546936273575,0.04481786489486694,0.035210683941841125,0.03343607485294342,0.037549037486314774,0.041412077844142914,0.04099871218204498,0.03588593006134033,0.03081623837351799,0.03276563808321953,0.03831931948661804,0.039661817252635956,0.03875594958662987,0.049882445484399796,0.06840386241674423,0.07354918122291565,0.05617750436067581,0.03490746393799782,0.058290816843509674,0.05727584287524223,0.07593825459480286,0.1518842875957489,0.18831539154052734,0.15507005155086517,0.09922853857278824,0.07665938884019852,0.09634046256542206,0.11972686648368835,0.10162507742643356,0.057602524757385254,0.043893225491046906,0.08903776109218597,0.13274140655994415,0.14147908985614777,0.16689303517341614,0.19300058484077454,0.16946625709533691,0.12045100331306458,0.08312279731035233,0.10603620111942291,0.16458985209465027,0.20365551114082336,0.20263558626174927,0.159590482711792,0.11877511441707611,0.1625998318195343,0.19969961047172546,0.1858559548854828,0.14718954265117645,0.15710486471652985,0.16936591267585754,0.14991474151611328,0.13824480772018433,0.13278256356716156,0.11995302140712738,0.10673686861991882,0.09410601109266281,0.08081157505512238,0.0723448172211647,0.06486719101667404,N
../data/DWT_NEW/N/New_N_035.wav,46.08454895019531,-30.035921096801758,41.325531005859375,-6.792881488800049,-27.61260223388672,16.78251838684082,-14.92197036743164,9.011711120605469,-7.3296403884887695,6.11517858505249,-3.638695001602173,0.7516077756881714,2.375500202178955,-2.142744779586792,1.0826385021209717,-0.5042787790298462,-1.963144063949585,0.4754849672317505,2.0947442054748535,-1.046547293663025,0.19079336524009705,-2.6783294677734375,1.0643835067749023,0.25819194316864014,2.534459114074707,1.401402235031128,0.9507290720939636,-0.6896023750305176,0.12068146467208862,-0.007436633110046387,0.5878803133964539,-1.0901070833206177,-0.2843371033668518,0.6309341788291931,1.1782941818237305,-2.5086920261383057,-3.9281046390533447,-0.14077770709991455,8.233059883117676,13.250100135803223,0.1816854178905487,0.09586738049983978,0.06507007777690887,0.03411924093961716,0.007676617242395878,0.020183973014354706,0.03499387577176094,0.03999219834804535,0.03512275218963623,0.026171844452619553,0.03083617612719536,0.05160454288125038,0.07521548867225647,0.10013486444950104,0.11259637773036957,0.10318408161401749,0.06809598952531815,0.03452381491661072,0.06425179541110992,0.06921480596065521,0.07041165232658386,0.17295381426811218,0.2711988687515259,0.2788424491882324,0.19758550822734833,0.1187211275100708,0.09576191008090973,0.13497860729694366,0.16694173216819763,0.13604897260665894,0.07089681923389435,0.05103859305381775,0.11249220371246338,0.15594661235809326,0.16743266582489014,0.2064031958580017,0.23544439673423767,0.2081451714038849,0.1514066457748413,0.0920591950416565,0.089661605656147,0.16731378436088562,0.22374296188354492,0.23130452632904053,0.1849609911441803,0.10704660415649414,0.13526147603988647,0.2011767029762268,0.20215201377868652,0.14260756969451904,0.12166924774646759,0.158024400472641,0.14161832630634308,0.10488452017307281,0.10321985185146332,0.09101524949073792,0.07544110715389252,0.06637214124202728,0.05692321062088013,0.0557536706328392,0.05695025622844696,N
../data/DWT_NEW/N/New_N_103.wav,40.883453369140625,-10.718376159667969,42.68521499633789,-7.426421165466309,-27.661884307861328,27.752342224121094,-25.953903198242188,14.461836814880371,-5.543456077575684,-4.443058490753174,6.422770023345947,-7.947977066040039,5.149220943450928,-4.62004280090332,3.2867860794067383,-3.1804943084716797,3.380136013031006,-3.571039915084839,0.9714629650115967,-1.4232301712036133,-0.761926531791687,0.2433798909187317,-1.8698439598083496,1.376062035560608,-2.428905725479126,2.4197449684143066,-3.054980754852295,2.254570484161377,-3.0560426712036133,2.0132036209106445,-1.4919824600219727,0.9419047832489014,-2.603940010070801,-0.28679656982421875,-1.3392047882080078,-0.10763385891914368,-0.4635661244392395,-1.4562188386917114,-0.41647055745124817,-1.7163208723068237,0.1839197725057602,0.17665886878967285,0.16089406609535217,0.1331263780593872,0.09782790392637253,0.06371250003576279,0.043284300714731216,0.035018935799598694,0.022148223593831062,0.018221821635961533,0.04415372759103775,0.06525453180074692,0.09318791329860687,0.1540190577507019,0.21221518516540527,0.2266809046268463,0.1701173484325409,0.07403697073459625,0.09607139229774475,0.15727724134922028,0.28210729360580444,0.3532600402832031,0.2792598605155945,0.12012256681919098,0.09108274430036545,0.1532728374004364,0.15425652265548706,0.06665085256099701,0.04447513818740845,0.1377456933259964,0.2080889791250229,0.17058852314949036,0.23970827460289001,0.2780623435974121,0.19400161504745483,0.15885601937770844,0.06949315965175629,0.13373322784900665,0.23442454636096954,0.2976870834827423,0.2910958528518677,0.1842789351940155,0.09206870198249817,0.23527684807777405,0.3327661156654358,0.2770712673664093,0.12482452392578125,0.233335480093956,0.32156074047088623,0.21072863042354584,0.17701545357704163,0.28482580184936523,0.1971226930618286,0.19333887100219727,0.23063401877880096,0.14431703090667725,0.19603578746318817,0.130683034658432,0.152875155210495,0.10623270273208618,0.11180809885263443,N
../data/DWT_NEW/N/New_N_185.wav,28.431365966796875,-35.117919921875,38.35642623901367,-15.857316970825195,-40.06840133666992,9.434441566467285,-15.357294082641602,3.7656095027923584,-10.19746208190918,2.0083727836608887,-2.7491517066955566,-2.2204713821411133,1.7420196533203125,-6.498878479003906,2.3651113510131836,-4.496299743652344,-2.685277223587036,-2.3006861209869385,0.6847102642059326,-2.9999992847442627,1.313843011856079,-4.500107765197754,0.6069744825363159,-0.22654759883880615,3.8582799434661865,2.120919942855835,1.2851978540420532,-0.7732521295547485,-0.13722681999206543,-0.49454736709594727,0.3677983283996582,-1.7604601383209229,-0.23908913135528564,-0.36985456943511963,0.10137772560119629,-1.2534011602401733,-3.480470657348633,-2.5740580558776855,3.8008182048797607,13.017778396606445,0.15924417972564697,0.03492257744073868,0.03131406009197235,0.027123473584651947,0.021920569241046906,0.015502996742725372,0.008642860688269138,0.005446095950901508,0.01043018326163292,0.014602802693843842,0.014817168936133385,0.010510396212339401,0.010895910672843456,0.023295320570468903,0.028360417112708092,0.02352544479072094,0.019775955006480217,0.03976447880268097,0.05050545930862427,0.03970905765891075,0.06536014378070831,0.12645626068115234,0.15789717435836792,0.1346352994441986,0.07737035304307938,0.047682009637355804,0.0574365109205246,0.09032045304775238,0.09831653535366058,0.0705590471625328,0.041496649384498596,0.04918681085109711,0.09631061553955078,0.1170136034488678,0.12196198850870132,0.16965287923812866,0.1896301656961441,0.1522345393896103,0.09482021629810333,0.048302557319402695,0.10837794840335846,0.18052959442138672,0.2166423201560974,0.20309880375862122,0.14150060713291168,0.09585046768188477,0.16804388165473938,0.20400643348693848,0.17684733867645264,0.12196124345064163,0.1434294581413269,0.1567249298095703,0.12513163685798645,0.10721977055072784,0.10410456359386444,0.08589448034763336,0.0725388452410698,0.05854746699333191,0.048163700848817825,0.038783229887485504,0.034818168729543686,N
../data/DWT_NEW/N/New_N_079.wav,32.54546356201172,-26.008060455322266,49.98724365234375,-13.01120662689209,-43.362213134765625,13.251991271972656,-21.71586799621582,12.326762199401855,-2.1062533855438232,-7.042506217956543,5.212436199188232,-3.847597599029541,4.679405212402344,-6.235450744628906,4.016330242156982,0.3492153584957123,-0.2332659363746643,-0.7394424676895142,0.3310989737510681,2.3365631103515625,0.990755021572113,1.2243722677230835,-3.545198917388916,1.5204423666000366,-3.100796699523926,3.7065348625183105,-1.0005797147750854,0.7246174812316895,-4.799742698669434,-2.364830493927002,-3.7760586738586426,-0.4868912696838379,-0.6035523414611816,-2.447197198867798,-2.660766124725342,-2.89831805229187,-1.3408873081207275,-0.7720744609832764,0.8598088026046753,-2.7701923847198486,0.19011323153972626,0.05374441295862198,0.05978434532880783,0.06494675576686859,0.06606967747211456,0.06065662205219269,0.048757534474134445,0.03219557926058769,0.01493526715785265,0.00703667476773262,0.021433483809232712,0.04126650094985962,0.06247663497924805,0.07454383373260498,0.09232194721698761,0.1200166791677475,0.15310493111610413,0.16051344573497772,0.12273602187633514,0.0588136687874794,0.06207139045000076,0.09460240602493286,0.164986252784729,0.19315841794013977,0.14403145015239716,0.06251700222492218,0.023728087544441223,0.03074243851006031,0.05056101828813553,0.048462774604558945,0.07145468890666962,0.18101397156715393,0.2100774049758911,0.15311747789382935,0.16772884130477905,0.1569056212902069,0.051872074604034424,0.10692062228918076,0.1777976006269455,0.2670043706893921,0.28124409914016724,0.204426109790802,0.0992487221956253,0.23048588633537292,0.3576054573059082,0.3249886631965637,0.18155024945735931,0.2924543023109436,0.3938581645488739,0.28325504064559937,0.2736376225948334,0.3551398813724518,0.2665618360042572,0.26954352855682373,0.26519495248794556,0.21222612261772156,0.20415906608104706,0.16115793585777283,0.13525691628456116,0.09890320897102356,0.06779535114765167,N
../data/DWT_NEW/N/New_N_193.wav,37.98512649536133,-26.784421920776367,42.464107513427734,-8.233280181884766,-23.585994720458984,15.983150482177734,-15.570459365844727,9.953377723693848,-7.204248428344727,4.699632167816162,-2.3979544639587402,0.5274211168289185,1.3394153118133545,-2.584773540496826,2.0616846084594727,-2.43870210647583,-1.2474124431610107,0.3601187765598297,0.568670928478241,-1.0171270370483398,1.424400806427002,-3.20906400680542,0.28512251377105713,1.1501414775848389,3.2387442588806152,2.4470489025115967,0.6200904250144958,-0.31339603662490845,-0.1557655930519104,0.7143174409866333,0.20595183968544006,-0.6832345724105835,-0.17433065176010132,0.7356635332107544,0.4704684019088745,-0.58453369140625,-2.9788923263549805,-0.20090949535369873,6.005047798156738,12.361023902893066,0.1612522453069687,0.08289088308811188,0.0508907213807106,0.024393588304519653,0.03609747812151909,0.06312689185142517,0.0840667337179184,0.09287702292203903,0.08590727299451828,0.06358660757541656,0.030217245221138,0.02226337417960167,0.058732036501169205,0.08695074170827866,0.09794743359088898,0.08473803102970123,0.05141639709472656,0.04297409951686859,0.0749923512339592,0.07421939074993134,0.06843870133161545,0.16202899813652039,0.25398534536361694,0.260649174451828,0.18492314219474792,0.11436959356069565,0.09484901279211044,0.12707757949829102,0.1616760492324829,0.14413267374038696,0.10728421807289124,0.09104866534471512,0.11948668211698532,0.13923349976539612,0.13842740654945374,0.1772153377532959,0.212934672832489,0.19954419136047363,0.15514269471168518,0.10961852967739105,0.09965229034423828,0.14366605877876282,0.1894625425338745,0.20057547092437744,0.16695760190486908,0.10816501080989838,0.11879541724920273,0.1630454957485199,0.15708322823047638,0.11199349910020828,0.09821146726608276,0.11388417333364487,0.09229918569326401,0.06612924486398697,0.05626758933067322,0.03979741781949997,0.02655850537121296,0.02065436542034149,0.02305450849235058,0.030939511954784393,0.040185026824474335,N
../data/DWT_NEW/N/New_N_055.wav,31.70273780822754,-16.612823486328125,41.81132507324219,-12.93471908569336,-24.378053665161133,27.898189544677734,-29.104644775390625,16.79320526123047,-6.161574363708496,-2.933767318725586,6.700591087341309,-5.46895694732666,3.4223856925964355,-2.2700343132019043,1.1975899934768677,-1.4027338027954102,2.0546951293945312,-2.4712941646575928,0.13857266306877136,-1.4724160432815552,-1.4809792041778564,0.17838549613952637,-1.1256468296051025,0.8271497488021851,-1.5811045169830322,1.2493295669555664,-2.303624153137207,1.945861577987671,-0.1476944088935852,3.2195229530334473,0.757394015789032,1.019355297088623,-1.807893991470337,0.11962299048900604,-0.783164918422699,0.16548600792884827,-0.4677128791809082,-0.8860732913017273,-0.9615240097045898,-1.2962195873260498,0.1784059852361679,0.09764495491981506,0.07376398146152496,0.04628457874059677,0.02096780575811863,0.02416922338306904,0.04349731653928757,0.05642906576395035,0.059350911527872086,0.054520465433597565,0.05079122632741928,0.06172820180654526,0.08344632387161255,0.10175065696239471,0.09428451955318451,0.07973392307758331,0.11320415139198303,0.15111371874809265,0.15104234218597412,0.16337716579437256,0.23314735293388367,0.24321559071540833,0.16905663907527924,0.09155480563640594,0.08785217255353928,0.09814010560512543,0.11771610379219055,0.09066766500473022,0.0722840279340744,0.08237828314304352,0.1594417691230774,0.16139884293079376,0.12977474927902222,0.2003270536661148,0.205146923661232,0.10710614919662476,0.0588318333029747,0.07309406995773315,0.16795966029167175,0.23187103867530823,0.2210124433040619,0.14719873666763306,0.04700447618961334,0.17370299994945526,0.2574516236782074,0.2183251827955246,0.09954757988452911,0.1886601597070694,0.25769296288490295,0.17540015280246735,0.16745010018348694,0.23757454752922058,0.1786937713623047,0.19076204299926758,0.20031902194023132,0.16764089465141296,0.17998555302619934,0.15433280169963837,0.15343943238258362,0.13439346849918365,0.12671571969985962,N
../data/DWT_NEW/N/New_N_148.wav,27.601396560668945,-0.6842501759529114,44.59938049316406,-24.477294921875,-30.850358963012695,25.005958557128906,-21.052486419677734,11.383442878723145,-5.606560707092285,-4.992703437805176,10.72823715209961,-9.553089141845703,2.9930579662323,-1.4070255756378174,3.249210834503174,-5.535737991333008,3.493220806121826,-2.879054069519043,1.2707452774047852,-1.440191388130188,-1.6608357429504395,-0.3571045398712158,-1.3197333812713623,1.0919500589370728,-0.35886138677597046,2.8352696895599365,-2.14737606048584,1.1125344038009644,-1.9874858856201172,0.977607786655426,-0.9223849177360535,0.2883151173591614,-1.0623419284820557,0.21368569135665894,-0.4533666968345642,-0.364915132522583,-0.04801398515701294,-0.7591152191162109,-0.12140905857086182,-1.0057735443115234,0.13643893599510193,0.10088631510734558,0.10802936553955078,0.11258896440267563,0.1136850118637085,0.11103992164134979,0.1065073236823082,0.1009613573551178,0.09351341426372528,0.08176849782466888,0.06140194833278656,0.03317418321967125,0.05215054750442505,0.11210909485816956,0.16420668363571167,0.1928759068250656,0.18613120913505554,0.1452920138835907,0.09363692253828049,0.057155586779117584,0.04334143549203873,0.11318561434745789,0.1805320531129837,0.18897691369056702,0.13685044646263123,0.07158055156469345,0.07901071012020111,0.13288888335227966,0.14210885763168335,0.09292303025722504,0.09986352920532227,0.1850128024816513,0.19873610138893127,0.13426339626312256,0.14087039232254028,0.15364238619804382,0.10870882123708725,0.1400074064731598,0.17995941638946533,0.21314144134521484,0.2308425009250641,0.1993083506822586,0.14738719165325165,0.17342153191566467,0.25258150696754456,0.27457618713378906,0.21550002694129944,0.17474554479122162,0.2697327733039856,0.2804354727268219,0.22278138995170593,0.25383102893829346,0.2667604684829712,0.24328956007957458,0.2413458526134491,0.23153947293758392,0.21498921513557434,0.19529232382774353,0.17504079639911652,0.15178655087947845,0.12672609090805054,N
../data/DWT_NEW/N/New_N_189.wav,35.10282516479492,-23.479299545288086,39.87089920043945,-9.1739501953125,-23.578290939331055,18.11935806274414,-20.459503173828125,11.325210571289062,-3.0734939575195312,-0.03384882211685181,-1.7127673625946045,2.763878345489502,-0.0017552971839904785,-3.3626880645751953,2.762970447540283,-3.397946357727051,-0.5168600082397461,0.2913077473640442,0.30210262537002563,-0.9131112098693848,1.7961986064910889,-2.6224443912506104,0.3746630847454071,1.3170111179351807,3.4488325119018555,3.4403018951416016,1.8037354946136475,-0.34692662954330444,-0.3602651357650757,1.1636115312576294,0.2011474072933197,-0.7955665588378906,0.10977676510810852,0.7288346290588379,1.0399863719940186,-0.46160054206848145,-3.607863187789917,-0.6786696910858154,7.300936698913574,13.156394958496094,0.15266050398349762,0.11996804177761078,0.09477577358484268,0.0674249678850174,0.03948818892240524,0.014523083344101906,0.0180057380348444,0.03522588312625885,0.04667750746011734,0.051505789160728455,0.05197194218635559,0.05332066863775253,0.06111183762550354,0.07689320296049118,0.07935630530118942,0.06374901533126831,0.03328133001923561,0.030208770185709,0.04862060025334358,0.04139014333486557,0.08757787942886353,0.1935940533876419,0.27452731132507324,0.2728245258331299,0.19349335134029388,0.10775928944349289,0.07475592195987701,0.10578951984643936,0.1415596753358841,0.1297655701637268,0.09067933261394501,0.055851832032203674,0.10989229381084442,0.13772089779376984,0.13238850235939026,0.16942790150642395,0.2028632014989853,0.18201559782028198,0.131753072142601,0.08728307485580444,0.09977245330810547,0.15166175365447998,0.18737222254276276,0.18422666192054749,0.13898998498916626,0.08934290707111359,0.1338370442390442,0.15877696871757507,0.1364814043045044,0.08685185015201569,0.09985040128231049,0.10602755844593048,0.07784503698348999,0.0581260621547699,0.05270635336637497,0.036670196801424026,0.027263667434453964,0.024432875216007233,0.026905804872512817,0.033801399171352386,0.04534215107560158,N
../data/DWT_NEW/N/New_N_184.wav,30.355239868164062,-29.17180824279785,44.330284118652344,-15.427506446838379,-30.864822387695312,12.250631332397461,-16.428768157958984,8.688796997070312,-8.711346626281738,0.750709056854248,1.1343439817428589,-1.2683595418930054,0.36364978551864624,-1.8081421852111816,0.7860667705535889,-2.8886630535125732,0.35544353723526,-1.0885491371154785,0.27316269278526306,-0.8930609226226807,0.9078304767608643,-2.320988178253174,0.8395010232925415,-1.0252773761749268,1.6255812644958496,-0.10891485214233398,1.569185733795166,-1.31128990650177,-0.8188638687133789,-0.4753570556640625,-0.4734365940093994,-2.0652785301208496,0.001993902027606964,0.4079287052154541,0.6103049516677856,-2.0775246620178223,-4.390654563903809,-0.8718372583389282,8.579338073730469,13.528568267822266,0.15685518085956573,0.07480402290821075,0.06776924431324005,0.059270862489938736,0.049976661801338196,0.04080022871494293,0.033461302518844604,0.029494110494852066,0.03080419823527336,0.038145486265420914,0.04802195727825165,0.05369394272565842,0.04908038675785065,0.030092768371105194,0.027088386937975883,0.06188065558671951,0.08193375170230865,0.06935583055019379,0.04202096164226532,0.07169847190380096,0.09003698825836182,0.07638445496559143,0.12977485358715057,0.1821569800376892,0.1690143644809723,0.12305323779582977,0.09555304050445557,0.1093904972076416,0.13278350234031677,0.11112083494663239,0.05949712544679642,0.047987837344408035,0.0950431227684021,0.15025117993354797,0.1729332059621811,0.20451152324676514,0.23602837324142456,0.21438086032867432,0.16061952710151672,0.11254020035266876,0.11413450539112091,0.19621360301971436,0.2582850456237793,0.26567578315734863,0.21662768721580505,0.1555560976266861,0.191567525267601,0.24943092465400696,0.24294118583202362,0.18940486013889313,0.18313471972942352,0.20392751693725586,0.18198040127754211,0.15492099523544312,0.1462690681219101,0.12819601595401764,0.10850728303194046,0.0903225839138031,0.07292121648788452,0.060213103890419006,0.04981783404946327,N
../data/DWT_NEW/N/New_N_054.wav,28.015586853027344,-8.97547721862793,45.97336196899414,-18.712799072265625,-24.95279884338379,30.312936782836914,-31.354581832885742,17.21733856201172,-5.5232439041137695,-6.075428009033203,6.538738250732422,-6.069398403167725,2.4554686546325684,-2.294360637664795,1.7351714372634888,-2.1863999366760254,2.3498356342315674,-2.7613415718078613,0.9300006628036499,-1.2192167043685913,-0.39130717515945435,-0.5858677625656128,-0.652774453163147,0.037307679653167725,-0.8326678276062012,0.3716396689414978,-1.3634822368621826,0.7924899458885193,-1.0695414543151855,0.8193928599357605,-0.4924640357494354,-0.19411833584308624,-1.6716086864471436,-0.3792295753955841,-1.0654480457305908,-0.19996874034404755,-0.6992002725601196,-0.6844477653503418,-0.9462926387786865,-0.7943203449249268,0.17062927782535553,0.14338815212249756,0.1366979032754898,0.12009929865598679,0.09535099565982819,0.0664241760969162,0.040113843977451324,0.021790318191051483,0.01717258431017399,0.025937408208847046,0.032346710562705994,0.022180311381816864,0.037503331899642944,0.10328415036201477,0.16696791350841522,0.19192618131637573,0.16704583168029785,0.13838453590869904,0.12648755311965942,0.0968996062874794,0.19303616881370544,0.2731647789478302,0.23274731636047363,0.13176003098487854,0.11592887341976166,0.11885803192853928,0.11878475546836853,0.06010653078556061,0.057911649346351624,0.1293056309223175,0.17966631054878235,0.17787477374076843,0.24289388954639435,0.25133848190307617,0.17878425121307373,0.13246577978134155,0.05534781515598297,0.12820474803447723,0.2224886119365692,0.2836765646934509,0.26622357964515686,0.15182311832904816,0.06844130158424377,0.22003549337387085,0.30976951122283936,0.2468203604221344,0.08897902071475983,0.2136649191379547,0.2964140772819519,0.18208664655685425,0.15115484595298767,0.26200270652770996,0.16969677805900574,0.1702725738286972,0.2095079869031906,0.10217741131782532,0.1788213849067688,0.08724606037139893,0.13917455077171326,0.06718285381793976,0.10648341476917267,N
../data/DWT_NEW/N/New_N_095.wav,30.846275329589844,-19.802276611328125,48.884647369384766,-18.788814544677734,-36.794986724853516,15.164629936218262,-24.907428741455078,16.04335594177246,-5.587558269500732,-6.070822715759277,8.9031343460083,-5.871347427368164,4.122942924499512,-6.182286739349365,2.0243606567382812,-1.1800789833068848,0.1542152613401413,-2.580366373062134,1.1929962635040283,0.01950802654027939,1.628138542175293,1.9121675491333008,-0.5412612557411194,3.064465045928955,-0.9980988502502441,1.5331186056137085,-3.0725715160369873,-0.6067200899124146,-5.971096515655518,-2.640805721282959,-2.632462978363037,-0.39638030529022217,-2.337843418121338,-0.13395443558692932,-1.0389313697814941,-0.8835082650184631,0.8940843939781189,-1.2915186882019043,-1.0149906873703003,-0.4105813503265381,0.18587514758110046,0.06289994716644287,0.07127371430397034,0.07441748678684235,0.07106053829193115,0.061138033866882324,0.047492288053035736,0.03579075634479523,0.0346832200884819,0.040897808969020844,0.04060700908303261,0.02451401576399803,0.03408478572964668,0.09507915377616882,0.15715152025222778,0.19168156385421753,0.1717429757118225,0.10205637663602829,0.05361616238951683,0.06743630766868591,0.071372851729393,0.15620633959770203,0.21397314965724945,0.17960844933986664,0.09645291417837143,0.049628302454948425,0.03349070996046066,0.04174745827913284,0.05862502381205559,0.08231136202812195,0.1781616508960724,0.24039015173912048,0.202583909034729,0.15510261058807373,0.15008129179477692,0.08974115550518036,0.07529991120100021,0.17179138958454132,0.2507636845111847,0.2954164147377014,0.23405572772026062,0.08991985768079758,0.1393064707517624,0.3178878426551819,0.36748719215393066,0.2311423420906067,0.1622215062379837,0.3654078543186188,0.36837148666381836,0.20941683650016785,0.3246304988861084,0.34576666355133057,0.24291948974132538,0.302004873752594,0.25214019417762756,0.22888943552970886,0.20729604363441467,0.17065489292144775,0.1422414481639862,0.10560384392738342,0.06917426735162735,N
../data/DWT_NEW/N/New_N_158.wav,26.10247802734375,-20.59140396118164,47.373260498046875,-6.603293418884277,-35.663387298583984,17.9848690032959,-16.382593154907227,11.374924659729004,-8.613558769226074,4.241587162017822,-4.374123573303223,2.512789726257324,0.4953754246234894,-2.783949375152588,1.0491029024124146,-0.9886106252670288,-1.4274736642837524,0.1541832983493805,-0.5507434606552124,0.13944706320762634,0.7722766399383545,-2.7792725563049316,0.39061516523361206,0.820307731628418,1.7618409395217896,0.41527771949768066,1.019744634628296,0.3618335425853729,-0.54245924949646,-0.6671682596206665,0.7680577635765076,-0.3920052647590637,-1.1282259225845337,-0.9122792482376099,2.5264854431152344,0.535070538520813,-3.1634018421173096,-2.3173506259918213,8.618922233581543,16.155019760131836,0.14959290623664856,0.08774172514677048,0.0577230378985405,0.03186803311109543,0.02255121059715748,0.03157373145222664,0.03753477334976196,0.03426731377840042,0.0230639036744833,0.01396900787949562,0.021265730261802673,0.0245292279869318,0.018352989107370377,0.03960524499416351,0.07717031240463257,0.10129077732563019,0.0927620530128479,0.0546465665102005,0.05608174204826355,0.07802976667881012,0.0716506838798523,0.16197609901428223,0.27620792388916016,0.30278831720352173,0.22644197940826416,0.13418607413768768,0.09407147765159607,0.14082609117031097,0.17304351925849915,0.13208530843257904,0.05220060050487518,0.03117067739367485,0.1164025217294693,0.17882674932479858,0.18755242228507996,0.2196510136127472,0.25248658657073975,0.2171398103237152,0.1469310224056244,0.08398432284593582,0.10870512574911118,0.1960488110780716,0.24982038140296936,0.2460511028766632,0.18631932139396667,0.1156771183013916,0.1680775284767151,0.22088465094566345,0.20784509181976318,0.15020093321800232,0.14902840554714203,0.1740839183330536,0.15405072271823883,0.1309364140033722,0.13131162524223328,0.11926497519016266,0.10514093935489655,0.09346367418766022,0.07800580561161041,0.06475485116243362,0.051539938896894455,N
../data/DWT_NEW/N/New_N_119.wav,36.417327880859375,-14.66546630859375,44.937347412109375,-16.15293312072754,-19.222867965698242,24.080896377563477,-27.169803619384766,15.877325057983398,-4.094849586486816,-5.657729625701904,9.490179061889648,-8.293354034423828,5.3920135498046875,-3.536578416824341,2.2766218185424805,-2.7842025756835938,3.1981327533721924,-3.411646842956543,0.8926613330841064,-1.8317029476165771,-0.414878249168396,0.19050446152687073,-1.001580834388733,0.4225054681301117,-1.3213098049163818,1.0830671787261963,-2.0473527908325195,1.1348297595977783,-1.130419135093689,2.3862223625183105,0.7523501515388489,0.8851414918899536,-1.4939355850219727,-0.12393844127655029,-0.547754168510437,0.05355953425168991,-0.2787473201751709,-1.1063623428344727,-0.5949379205703735,-1.2405259609222412,0.1766991764307022,0.1082821637392044,0.07409805059432983,0.04104545712471008,0.027272718027234077,0.0410417765378952,0.052656278014183044,0.05595846474170685,0.0531892254948616,0.043817922472953796,0.022292789071798325,0.039507173001766205,0.09722889214754105,0.13988539576530457,0.12667831778526306,0.06555035710334778,0.1428830474615097,0.22343744337558746,0.19203004240989685,0.1440151035785675,0.260111004114151,0.2903679609298706,0.19631685316562653,0.15679652988910675,0.1484886109828949,0.13481417298316956,0.1227671355009079,0.05908381938934326,0.07879983633756638,0.15682518482208252,0.22855328023433685,0.25026142597198486,0.26607006788253784,0.3015037178993225,0.2481335997581482,0.13494637608528137,0.07612496614456177,0.15271754562854767,0.2815018892288208,0.33747732639312744,0.3049241900444031,0.18574008345603943,0.1063614934682846,0.26430484652519226,0.3487478792667389,0.2820394039154053,0.14626459777355194,0.2547251582145691,0.32588109374046326,0.22804519534111023,0.21335828304290771,0.289106160402298,0.22520478069782257,0.22604772448539734,0.24322432279586792,0.19869980216026306,0.21630346775054932,0.18301117420196533,0.18397672474384308,0.16069869697093964,0.15220648050308228,N
../data/DWT_NEW/N/New_N_188.wav,40.79236602783203,-29.48269271850586,40.8807487487793,-2.2491157054901123,-28.365493774414062,17.369220733642578,-17.459041595458984,12.31771469116211,-7.237343788146973,3.413771867752075,-1.802567958831787,0.19536925852298737,2.5068821907043457,-3.396310567855835,1.8392136096954346,-2.563676118850708,2.2988691329956055,-0.8991610407829285,2.794870376586914,-2.54703426361084,3.0916147232055664,-3.7296202182769775,0.7967052459716797,-3.346039056777954,2.0793042182922363,0.42668652534484863,2.241178512573242,-1.061173439025879,-0.4358850121498108,-0.08834600448608398,0.2671845257282257,-1.0921554565429688,-0.519167423248291,0.8957687616348267,0.8831832408905029,-2.5513415336608887,-4.279950141906738,-0.5447121262550354,8.377252578735352,15.455717086791992,0.17949476838111877,0.06487976014614105,0.03247668966650963,0.007187638431787491,0.026445643976330757,0.041004423052072525,0.04348921775817871,0.0331362783908844,0.016807086765766144,0.03194330260157585,0.05679381638765335,0.06953424215316772,0.06478868424892426,0.0597563162446022,0.0914362221956253,0.12209141254425049,0.12091657519340515,0.08225355297327042,0.04256242513656616,0.058973751962184906,0.06204909831285477,0.15705233812332153,0.26883664727211,0.2904316186904907,0.21126717329025269,0.11436295509338379,0.08916935324668884,0.1572069674730301,0.18705721199512482,0.1381848305463791,0.059505876153707504,0.03740639239549637,0.10750928521156311,0.16518492996692657,0.1734677255153656,0.21133384108543396,0.24835622310638428,0.22008758783340454,0.1596352607011795,0.10263271629810333,0.11418257653713226,0.19096440076828003,0.24770477414131165,0.24990838766098022,0.19461733102798462,0.1340249627828598,0.17999622225761414,0.23236244916915894,0.22105801105499268,0.17102748155593872,0.17523032426834106,0.19609811902046204,0.17520999908447266,0.1527269184589386,0.14819727838039398,0.13293135166168213,0.11395031213760376,0.09400095790624619,0.07361102104187012,0.055453941226005554,0.038033898919820786,N
../data/DWT_NEW/N/New_N_077.wav,37.63288879394531,-19.205493927001953,47.717987060546875,-12.266522407531738,-43.16477966308594,11.251317977905273,-24.310897827148438,17.426605224609375,-9.265948295593262,-7.280308723449707,6.8639936447143555,-5.459493637084961,1.3796353340148926,-6.634679794311523,3.5748510360717773,-1.5444972515106201,0.7521806955337524,-3.834010124206543,1.3263003826141357,-0.15774652361869812,3.099515914916992,0.33282363414764404,-1.403095006942749,0.34033864736557007,-1.9300978183746338,2.2913081645965576,-0.7027475237846375,-0.1794341504573822,-5.160861492156982,-2.202230930328369,-4.292262077331543,0.7692428827285767,-0.14285175502300262,-0.8753051161766052,-2.1026813983917236,-1.7302252054214478,-0.9430691003799438,1.8457757234573364,0.25496864318847656,-2.2350120544433594,0.19465361535549164,0.08411876857280731,0.08257117867469788,0.07142879068851471,0.05146912485361099,0.026254352182149887,0.007229066453874111,0.020931851118803024,0.026173388585448265,0.02415958046913147,0.034555789083242416,0.05012340843677521,0.04892811179161072,0.026553090661764145,0.07683636248111725,0.14855416119098663,0.18601560592651367,0.15652325749397278,0.08222545683383942,0.07037099450826645,0.07190215587615967,0.12345299124717712,0.2084871381521225,0.2011619508266449,0.11955908685922623,0.057990070432424545,0.04077434539794922,0.054586343467235565,0.07579979300498962,0.07558948546648026,0.14226505160331726,0.2547341287136078,0.2530720829963684,0.19075417518615723,0.19851543009281158,0.14842474460601807,0.05306868255138397,0.1697964370250702,0.26046857237815857,0.3455594778060913,0.3158912658691406,0.18232694268226624,0.12122824788093567,0.3238379955291748,0.4302712082862854,0.3339691162109375,0.17497800290584564,0.3776051998138428,0.4557375907897949,0.28382039070129395,0.3365854024887085,0.4151574373245239,0.26996251940727234,0.32089245319366455,0.3040151000022888,0.2348720133304596,0.25068873167037964,0.18663141131401062,0.1755356788635254,0.12950703501701355,0.1011681854724884,N
../data/DWT_NEW/N/New_N_130.wav,22.669925689697266,-9.991585731506348,40.7002067565918,-39.546119689941406,-36.34662628173828,20.535804748535156,-28.482240676879883,9.650440216064453,-10.850217819213867,-4.131058692932129,4.16554594039917,-9.250556945800781,1.7308374643325806,-2.5951390266418457,-0.7606548070907593,-2.9705615043640137,1.5826777219772339,-3.875746488571167,1.0938801765441895,-2.582266330718994,0.5686283111572266,-1.8341848850250244,-1.321448564529419,-1.805842638015747,0.09059815108776093,-0.4441016614437103,0.30687761306762695,-0.5731053948402405,-0.7063626050949097,-0.5868412852287292,0.29838645458221436,-0.306582510471344,0.13966412842273712,-0.7372332811355591,-0.12642145156860352,-0.10887672007083893,-0.22630691528320312,-0.8145067691802979,-0.3784494996070862,-0.6480886936187744,0.14715513586997986,0.042719766497612,0.04738211631774902,0.04994717985391617,0.04956711456179619,0.04563870280981064,0.03878755122423172,0.03029268980026245,0.023025594651699066,0.020688198506832123,0.021025747060775757,0.01757924258708954,0.010472270660102367,0.02823907509446144,0.05630012974143028,0.0832253098487854,0.09549473226070404,0.08213616907596588,0.04814659431576729,0.03165854513645172,0.03763536363840103,0.04770006984472275,0.1002887636423111,0.13025546073913574,0.10690771043300629,0.058440759778022766,0.04002564400434494,0.07959934324026108,0.1070462018251419,0.09230300039052963,0.06400594115257263,0.11790774762630463,0.16423378884792328,0.1440352499485016,0.1372920572757721,0.16142088174819946,0.13337236642837524,0.1195620447397232,0.14936140179634094,0.18699468672275543,0.22830021381378174,0.2239542007446289,0.18036618828773499,0.15343287587165833,0.22972948849201202,0.28693535923957825,0.2532114088535309,0.17066048085689545,0.26599109172821045,0.30300766229629517,0.24461764097213745,0.26040542125701904,0.28449904918670654,0.2600080668926239,0.25518739223480225,0.2431127279996872,0.224307119846344,0.20232395827770233,0.18106651306152344,0.15529243648052216,0.12797927856445312,N
../data/DWT_NEW/N/New_N_135.wav,20.767005920410156,-15.232136726379395,33.24124526977539,-28.473369598388672,-40.75841522216797,20.536197662353516,-20.031089782714844,4.824019908905029,-8.304021835327148,-2.354346990585327,3.6466407775878906,-7.356903076171875,2.601485013961792,-3.992307662963867,2.4060819149017334,-3.7519948482513428,1.510774850845337,-2.2002813816070557,0.6941618919372559,-1.5845913887023926,0.3715708553791046,-0.07232312858104706,-1.5101680755615234,-0.6666606068611145,-2.083934783935547,0.5839499831199646,-1.2934905290603638,0.539553165435791,-1.8367159366607666,0.03791138529777527,-0.6984884738922119,0.42509734630584717,-0.6386688947677612,-0.4202931225299835,-0.6957752108573914,-0.4182437062263489,-0.5267479419708252,-1.1566680669784546,-0.8721234798431396,-1.2901124954223633,0.12970447540283203,0.030946699902415276,0.04200272262096405,0.05121559649705887,0.056781329214572906,0.0568847581744194,0.05069483071565628,0.03772665187716484,0.019282175227999687,0.011350788176059723,0.031454429030418396,0.0462975949048996,0.04743427783250809,0.02879224345088005,0.02300848439335823,0.062139108777046204,0.09396448731422424,0.09629522264003754,0.06610430032014847,0.033501461148262024,0.044591374695301056,0.041207507252693176,0.0667046308517456,0.10181247442960739,0.09421658515930176,0.0556674562394619,0.039345696568489075,0.06159494072198868,0.08932775259017944,0.08996192365884781,0.07543830573558807,0.10962910950183868,0.14883050322532654,0.13398267328739166,0.11091816425323486,0.11973466724157333,0.09725189208984375,0.0969667062163353,0.1393624097108841,0.1723191738128662,0.19390198588371277,0.17046335339546204,0.11837837100028992,0.12465602159500122,0.19997325539588928,0.2304670661687851,0.17674186825752258,0.11844314634799957,0.21411563456058502,0.23021720349788666,0.16816022992134094,0.19740574061870575,0.21509423851966858,0.19215573370456696,0.19349992275238037,0.18728119134902954,0.17685839533805847,0.16364045441150665,0.1516110599040985,0.13591258227825165,0.12052344530820847,N
../data/DWT_NEW/N/New_N_014.wav,39.459991455078125,-28.242286682128906,40.0904541015625,-22.232507705688477,-31.503156661987305,19.161788940429688,-21.171749114990234,8.262775421142578,-6.104938507080078,-0.810832142829895,0.40716153383255005,-1.46651291847229,1.4817904233932495,-4.140900611877441,1.993848204612732,-4.39265251159668,0.4732474684715271,-1.584829568862915,1.4650583267211914,-2.5693960189819336,2.3731818199157715,-4.203185081481934,1.134521484375,0.25425100326538086,2.401369571685791,1.5838623046875,1.9531300067901611,-1.0107876062393188,-0.7377113699913025,-0.20936822891235352,-0.3379608392715454,-0.3314670920372009,-0.7719693183898926,-0.00504496693611145,1.0185996294021606,-1.5537937879562378,-4.160098552703857,-1.27759850025177,9.524307250976562,15.732345581054688,0.18174690008163452,0.05937139317393303,0.04039749503135681,0.018436426296830177,0.017718225717544556,0.04287641495466232,0.06617552042007446,0.08130145817995071,0.08318659663200378,0.07017919421195984,0.04420416057109833,0.014897221699357033,0.025296837091445923,0.039912186563014984,0.03694668412208557,0.029230065643787384,0.05223768204450607,0.07301931083202362,0.07365743070840836,0.05919549614191055,0.04386957734823227,0.05863979458808899,0.12860316038131714,0.17630156874656677,0.15778958797454834,0.1225070208311081,0.11236079037189484,0.11722368001937866,0.13721437752246857,0.12538617849349976,0.09094476699829102,0.04877851903438568,0.03895066678524017,0.1118881106376648,0.14577238261699677,0.17848680913448334,0.22326898574829102,0.22133636474609375,0.17229822278022766,0.10578496754169464,0.07429204881191254,0.15428364276885986,0.2298295497894287,0.2515972852706909,0.2088988721370697,0.13537882268428802,0.1566786766052246,0.22144925594329834,0.22513912618160248,0.17582079768180847,0.1594112515449524,0.18710307776927948,0.17552229762077332,0.14836852252483368,0.1447831690311432,0.13526052236557007,0.1215839609503746,0.1085137352347374,0.09640532732009888,0.08384063094854355,0.0721091628074646,N
../data/DWT_NEW/N/New_N_096.wav,46.11191940307617,-23.142229080200195,36.848453521728516,-17.71269989013672,-37.692466735839844,6.531665802001953,-23.59718132019043,15.02607536315918,-7.4332661628723145,-7.9102935791015625,8.91019058227539,-6.98810338973999,4.383753776550293,-6.775097846984863,2.275333881378174,-2.802638053894043,1.0115878582000732,-3.021416664123535,0.7953605055809021,-0.09649588912725449,1.3327146768569946,0.07144084572792053,-1.4391796588897705,1.4282190799713135,-2.078408718109131,2.624084949493408,-1.8826099634170532,0.43675804138183594,-2.8098902702331543,-1.7067997455596924,-3.7171192169189453,0.024414479732513428,-0.8474900722503662,0.15468205511569977,0.8830342888832092,-1.9987409114837646,-0.09272623062133789,0.8419917821884155,-0.5484492778778076,-3.0357465744018555,0.19264280796051025,0.06420993059873581,0.06523759663105011,0.06179506331682205,0.05516311153769493,0.04758960008621216,0.04127344489097595,0.034757137298583984,0.02490188181400299,0.012659767642617226,0.01037021353840828,0.013239027932286263,0.024443531408905983,0.06191355735063553,0.11385871469974518,0.15075653791427612,0.14235559105873108,0.08600133657455444,0.04547508805990219,0.053891755640506744,0.06493105739355087,0.136106938123703,0.16355568170547485,0.1173970177769661,0.06779463589191437,0.05079970136284828,0.05066142976284027,0.06783723831176758,0.08279293775558472,0.06401066482067108,0.15890154242515564,0.23102101683616638,0.19788941740989685,0.1705297827720642,0.1784161627292633,0.11369533836841583,0.07248444855213165,0.17855948209762573,0.26398950815200806,0.32860761880874634,0.28562378883361816,0.16828258335590363,0.15926261246204376,0.35291850566864014,0.4378662109375,0.3271399140357971,0.2170194685459137,0.41573649644851685,0.468700647354126,0.3117154836654663,0.3724629878997803,0.4512229561805725,0.3278411626815796,0.3584100008010864,0.35637280344963074,0.2902606129646301,0.3007538616657257,0.25316929817199707,0.23401901125907898,0.2021692991256714,0.1746491938829422,N
../data/DWT_NEW/N/New_N_127.wav,33.8458366394043,4.928239822387695,41.80223846435547,-24.784095764160156,-32.703033447265625,30.334962844848633,-25.270465850830078,11.031394958496094,-6.569727897644043,-1.1618680953979492,8.052431106567383,-12.206827163696289,7.511533260345459,-2.3763890266418457,-0.17503583431243896,-2.7863829135894775,5.10820198059082,-5.948012351989746,2.518092155456543,-0.2569066882133484,-0.995652437210083,1.5788764953613281,-3.6223649978637695,0.6522650718688965,-2.910454034805298,1.9284839630126953,-3.8303961753845215,3.055701971054077,-4.695160388946533,2.3661131858825684,-2.032944440841675,1.0797418355941772,-1.7185794115066528,0.5507941246032715,-1.2807910442352295,-0.005169443786144257,-0.3147706389427185,-1.47495436668396,0.48848024010658264,-1.8006644248962402,0.1516825556755066,0.11903730034828186,0.14806436002254486,0.16974613070487976,0.17955639958381653,0.1735726147890091,0.15164272487163544,0.11462916433811188,0.06678348779678345,0.02159716933965683,0.043579019606113434,0.07083532214164734,0.07036648690700531,0.03629907965660095,0.06272940337657928,0.15407520532608032,0.22968228161334991,0.24074484407901764,0.17296604812145233,0.08509499579668045,0.08859036862850189,0.08740043640136719,0.1593632698059082,0.24630281329154968,0.22959986329078674,0.13830982148647308,0.0766095221042633,0.10765158385038376,0.16547316312789917,0.16773264110088348,0.12338708341121674,0.16721850633621216,0.2490573525428772,0.2335493564605713,0.19049561023712158,0.20969954133033752,0.1808781921863556,0.15444478392601013,0.20385783910751343,0.24445666372776031,0.28358954191207886,0.26717519760131836,0.20893464982509613,0.1843670755624771,0.26966914534568787,0.32262086868286133,0.2750101685523987,0.1947094202041626,0.2948113977909088,0.32211557030677795,0.2596863806247711,0.2813992500305176,0.29648202657699585,0.26958465576171875,0.2642785906791687,0.2527419626712799,0.2360312044620514,0.2195393443107605,0.2046542763710022,0.18693210184574127,0.16930538415908813,N
../data/DWT_NEW/N/New_N_048.wav,28.01216697692871,-9.373213768005371,51.25763702392578,-17.704544067382812,-19.05929183959961,28.603946685791016,-32.488216400146484,17.822887420654297,-0.8295443058013916,-10.576772689819336,11.87985610961914,-6.4905242919921875,2.4556283950805664,-2.2077908515930176,3.1088414192199707,-5.084968566894531,5.564640045166016,-3.666024923324585,-1.1217957735061646,-0.5824478268623352,-1.242612600326538,-0.07330618798732758,-0.06421814858913422,0.09171268343925476,-2.058582067489624,2.595381259918213,-3.3140203952789307,0.6366505026817322,-0.7314050197601318,3.009551525115967,1.856148362159729,1.6879807710647583,-2.6749496459960938,-0.7730013728141785,-0.010976314544677734,0.4153220057487488,0.1912003457546234,-1.735023021697998,-0.6416412591934204,-1.1107912063598633,0.17268487811088562,0.12753497064113617,0.08909467607736588,0.04718746244907379,0.011628770269453526,0.03300359845161438,0.05447790026664734,0.06384509801864624,0.060455624014139175,0.0438217893242836,0.01689399778842926,0.05217749625444412,0.10836315900087357,0.13935086131095886,0.11421814560890198,0.06447379291057587,0.1623971164226532,0.24311476945877075,0.2051350474357605,0.15262943506240845,0.2837168574333191,0.31755173206329346,0.21922364830970764,0.17383523285388947,0.1612294614315033,0.14176583290100098,0.1366373896598816,0.07877521216869354,0.09025558084249496,0.16292011737823486,0.2406250387430191,0.26994621753692627,0.280647337436676,0.31570178270339966,0.26734524965286255,0.14069953560829163,0.07553692162036896,0.15597814321517944,0.2856936454772949,0.3471499979496002,0.31224241852760315,0.18498599529266357,0.08997620642185211,0.25893521308898926,0.3489323854446411,0.276883602142334,0.1134837344288826,0.2381144016981125,0.3147435784339905,0.19908402860164642,0.17601493000984192,0.2649223208427429,0.18269720673561096,0.1823912411928177,0.20054256916046143,0.1420624703168869,0.1635463982820511,0.12327977269887924,0.12413644790649414,0.09990469366312027,0.09368131309747696,N
../data/DWT_NEW/N/New_N_118.wav,24.34680938720703,-10.761007308959961,53.98575210571289,-23.141902923583984,-23.733617782592773,28.892780303955078,-29.64891242980957,15.842700958251953,-2.360919952392578,-7.6744890213012695,9.848258972167969,-6.964625358581543,3.0295045375823975,-1.5955603122711182,0.9749915599822998,-2.107057571411133,2.523300886154175,-2.0880684852600098,-1.4240260124206543,-0.05716712772846222,-2.1254634857177734,1.5626029968261719,-1.9568217992782593,0.8549807071685791,-2.106480121612549,1.9677473306655884,-2.404970169067383,0.8731439113616943,-1.36410653591156,2.3465662002563477,1.9405107498168945,0.8507524728775024,-1.6366181373596191,-0.9470038414001465,-0.13008052110671997,0.01568783074617386,-0.0013131201267242432,-1.4922990798950195,-0.405376672744751,-0.9895981550216675,0.17077147960662842,0.1206265240907669,0.1045704334974289,0.0863654837012291,0.06807514280080795,0.051810503005981445,0.04092096909880638,0.03823183476924896,0.041791319847106934,0.04390493780374527,0.03917336091399193,0.038682401180267334,0.06622600555419922,0.09976410865783691,0.12321452051401138,0.13784083724021912,0.16118767857551575,0.17758256196975708,0.14858177304267883,0.11378499865531921,0.2201537936925888,0.2659655511379242,0.21156956255435944,0.1255270391702652,0.0923248678445816,0.10161104798316956,0.11158327013254166,0.062490314245224,0.06630595773458481,0.11840172111988068,0.18232665956020355,0.1622070074081421,0.17186132073402405,0.2326648086309433,0.19518426060676575,0.07797060906887054,0.04031775891780853,0.0882141962647438,0.21609395742416382,0.2628646790981293,0.24347595870494843,0.14468419551849365,0.06306350976228714,0.21583563089370728,0.3011873960494995,0.24509713053703308,0.10555759072303772,0.22280675172805786,0.30002427101135254,0.1995658427476883,0.1822744756937027,0.2739237844944,0.2063908576965332,0.2046787142753601,0.2339339405298233,0.1839296966791153,0.2061052918434143,0.17687365412712097,0.17709670960903168,0.15831010043621063,0.14999017119407654,N
../data/DWT_NEW/N/New_N_002.wav,49.730552673339844,-27.97989273071289,44.702911376953125,-7.655635833740234,-27.113222122192383,18.828853607177734,-17.02024269104004,10.606117248535156,-4.600797176361084,1.6587576866149902,-0.672417938709259,-0.11663055419921875,0.5247116088867188,-2.1803324222564697,2.969489097595215,-3.5373382568359375,0.0391806960105896,-0.7994356751441956,1.9594299793243408,-0.8069049119949341,1.4210424423217773,-3.1715099811553955,-0.5445759296417236,0.26689600944519043,3.0435385704040527,1.6097514629364014,0.4562569558620453,-0.9303264021873474,-0.11266332864761353,0.717796802520752,0.052653104066848755,-1.1378289461135864,-1.1503472328186035,-0.29543381929397583,1.6115999221801758,-0.35240793228149414,-3.179584264755249,-2.3083395957946777,6.951193809509277,16.710262298583984,0.1935948133468628,0.09115733206272125,0.053059518337249756,0.02076438069343567,0.025628872215747833,0.04432596638798714,0.05176832526922226,0.045099761337041855,0.027427762746810913,0.02061239443719387,0.04083691164851189,0.05341606214642525,0.05283096432685852,0.06510405987501144,0.1050972118973732,0.1342460960149765,0.12562179565429688,0.07716954499483109,0.04268059879541397,0.05695446953177452,0.07201430201530457,0.19853854179382324,0.33058249950408936,0.3535965085029602,0.2551202178001404,0.12600532174110413,0.07959643006324768,0.16546297073364258,0.20538516342639923,0.15808531641960144,0.07675549387931824,0.051403991878032684,0.13349603116512299,0.18906134366989136,0.18179988861083984,0.22196978330612183,0.2657955586910248,0.2294282615184784,0.15977022051811218,0.10284364223480225,0.11571620404720306,0.19636081159114838,0.2504553496837616,0.25257518887519836,0.19931776821613312,0.13609424233436584,0.18006891012191772,0.22881147265434265,0.21551594138145447,0.1677316129207611,0.17011311650276184,0.18677809834480286,0.16554869711399078,0.14687156677246094,0.14085322618484497,0.12526771426200867,0.11321589350700378,0.10158334672451019,0.08906009048223495,0.08280531316995621,0.07252733409404755,N
../data/DWT_NEW/N/New_N_091.wav,40.574310302734375,-27.74282455444336,45.778411865234375,-13.010138511657715,-37.994178771972656,-2.4550085067749023,-25.2547664642334,16.048383712768555,-3.0554471015930176,-13.107084274291992,7.135529518127441,-9.033514022827148,7.314200401306152,-7.190992832183838,0.7820652723312378,-3.3694703578948975,1.0652655363082886,-2.11328387260437,0.6936607360839844,0.2227531373500824,-0.7338288426399231,1.5859990119934082,-2.460394859313965,1.8246448040008545,-2.750028133392334,2.9855551719665527,-2.887551784515381,1.434910535812378,-2.237363815307617,-2.807037353515625,-4.147319793701172,0.0891837477684021,-0.2266174554824829,-0.08406504988670349,0.8473854660987854,-4.726467132568359,0.9005820155143738,1.8948373794555664,-0.435550332069397,-3.8916430473327637,0.19572757184505463,0.035445138812065125,0.03290944546461105,0.027226965874433517,0.024579647928476334,0.032266560941934586,0.044373903423547745,0.05173494294285774,0.04827532917261124,0.033155657351017,0.014901112765073776,0.03249645605683327,0.05444810539484024,0.07433131337165833,0.09877757728099823,0.1183234304189682,0.11017729341983795,0.06696715950965881,0.04908255115151405,0.07396547496318817,0.0621291808784008,0.11976109445095062,0.1533513218164444,0.11514027416706085,0.07851549237966537,0.06391972303390503,0.049310509115457535,0.05414148420095444,0.08073999732732773,0.07021334022283554,0.1487068235874176,0.23445065319538116,0.21373781561851501,0.17982804775238037,0.18492621183395386,0.11915530264377594,0.060842547565698624,0.18101143836975098,0.277525931596756,0.35254985094070435,0.3150494694709778,0.18481755256652832,0.16132992506027222,0.36425358057022095,0.462202250957489,0.34973418712615967,0.21581053733825684,0.42157337069511414,0.48066359758377075,0.30986112356185913,0.3715161085128784,0.44279053807258606,0.3123060166835785,0.34403499960899353,0.32035404443740845,0.25806260108947754,0.24809116125106812,0.19206304848194122,0.15628524124622345,0.10943123698234558,0.06613512337207794,N
../data/DWT_NEW/N/New_N_104.wav,27.17034149169922,-14.89964485168457,45.32674789428711,-13.000307083129883,-26.18070411682129,26.254310607910156,-27.982616424560547,17.138479232788086,-6.6198906898498535,-3.9261093139648438,7.729009628295898,-6.864284515380859,3.8678038120269775,-2.1074724197387695,0.30362844467163086,-1.0268276929855347,2.2003045082092285,-2.679513931274414,0.3664950728416443,-1.213204264640808,-1.5163462162017822,0.6725945472717285,-1.2869629859924316,1.0115454196929932,-1.4789878129959106,0.713247537612915,-2.1305155754089355,1.4554953575134277,-0.5243651270866394,2.667208671569824,0.445753276348114,0.3018067479133606,-1.7586554288864136,-0.4291341304779053,-0.6039056777954102,0.3056296706199646,-0.3299739360809326,-0.9359226226806641,-0.8503737449645996,-1.0921730995178223,0.17085659503936768,0.118893563747406,0.0976129099726677,0.07138770818710327,0.04809824749827385,0.04521692171692848,0.06069193780422211,0.07213512808084488,0.0689755380153656,0.05048977583646774,0.024571940302848816,0.03241856023669243,0.06205147132277489,0.09330856800079346,0.11441534757614136,0.13519014418125153,0.15380659699440002,0.1530800759792328,0.11942599713802338,0.10264325141906738,0.19876034557819366,0.2487165778875351,0.20751383900642395,0.11339698731899261,0.0707860141992569,0.09977664053440094,0.13182878494262695,0.11262272298336029,0.08613591641187668,0.049379318952560425,0.14858005940914154,0.17124241590499878,0.1238364428281784,0.1984943151473999,0.22436870634555817,0.1313892900943756,0.08937862515449524,0.07805348932743073,0.1621193140745163,0.24213609099388123,0.2435293197631836,0.1849687397480011,0.09244859963655472,0.17953355610370636,0.2755124866962433,0.2551497220993042,0.14448761940002441,0.19798488914966583,0.28025829792022705,0.21286579966545105,0.17949098348617554,0.25384050607681274,0.20406419038772583,0.19578638672828674,0.2142954170703888,0.1717401146888733,0.18322047591209412,0.15165069699287415,0.14505040645599365,0.11963091790676117,0.10590484738349915,N
../data/DWT_NEW/N/New_N_090.wav,37.15998840332031,-24.655061721801758,40.87437057495117,-14.112316131591797,-51.508304595947266,7.107357025146484,-25.755199432373047,12.320297241210938,-12.637884140014648,-6.230029106140137,2.0656280517578125,-4.9425811767578125,1.9647011756896973,-4.625485420227051,0.7145094871520996,-1.6165896654129028,-0.09408539533615112,-0.801794171333313,1.5420582294464111,0.5326111912727356,1.0230841636657715,0.03523404896259308,-1.772491455078125,1.0970799922943115,-1.5307509899139404,2.0294041633605957,-1.223526954650879,1.96958327293396,-2.6314826011657715,-2.0980052947998047,-5.120614051818848,-1.4436696767807007,-2.1778714656829834,0.44884857535362244,-1.0516407489776611,-3.6177303791046143,-3.2779412269592285,1.133334755897522,1.3619329929351807,-2.3589797019958496,0.19288265705108643,0.048774879425764084,0.04750823229551315,0.04407393932342529,0.03888455033302307,0.03273697569966316,0.026999544352293015,0.02221444807946682,0.018824521452188492,0.01833101361989975,0.020160164684057236,0.01968337967991829,0.018877288326621056,0.04020298272371292,0.06654589623212814,0.08027954399585724,0.06821638345718384,0.03723916783928871,0.043055638670921326,0.04700396955013275,0.05753941088914871,0.13000968098640442,0.16913005709648132,0.13595548272132874,0.06708060204982758,0.02772803232073784,0.03751315921545029,0.0323403999209404,0.024553142488002777,0.05618950352072716,0.14474010467529297,0.22124069929122925,0.2030494511127472,0.18240129947662354,0.2016807198524475,0.1273563951253891,0.04043012857437134,0.16256514191627502,0.2638092041015625,0.3465353548526764,0.3084457814693451,0.17856769263744354,0.13400670886039734,0.3380800783634186,0.4431037902832031,0.34273844957351685,0.1957346498966217,0.396232545375824,0.4654582738876343,0.29810279607772827,0.3509940803050995,0.42665284872055054,0.2989227771759033,0.33855995535850525,0.3129931092262268,0.2532881796360016,0.2510455846786499,0.19106435775756836,0.16554903984069824,0.11994606256484985,0.09005290269851685,N
../data/DWT_NEW/N/New_N_087.wav,33.463626861572266,-21.763927459716797,56.30884552001953,-9.26324462890625,-39.767333984375,8.984308242797852,-22.685771942138672,18.030738830566406,-4.75184965133667,-8.69442367553711,4.8691935539245605,-2.1396002769470215,4.373415470123291,-6.14919376373291,1.8460159301757812,-0.22363251447677612,1.375970721244812,-1.4918932914733887,-0.037312835454940796,0.004360362887382507,2.1058197021484375,0.6392059922218323,-1.9184051752090454,0.32687047123908997,-1.3161839246749878,2.0423989295959473,-1.3677059412002563,-1.1148099899291992,-2.878178596496582,-2.538477659225464,-3.6872663497924805,-0.5988070964813232,-0.43678128719329834,-2.450305938720703,-1.4413913488388062,-1.8103755712509155,-0.4269966781139374,-0.4021041691303253,-0.17309215664863586,-1.9167530536651611,0.1885177046060562,0.10831692069768906,0.10814757645130157,0.09817002713680267,0.07874199748039246,0.052739717066287994,0.027331072837114334,0.014599049463868141,0.017973721027374268,0.019636742770671844,0.02662709727883339,0.032963961362838745,0.02548404410481453,0.05860437452793121,0.13154110312461853,0.20386835932731628,0.2296602725982666,0.18236473202705383,0.09148116409778595,0.03136450797319412,0.05966433882713318,0.178462415933609,0.2668139934539795,0.23788926005363464,0.12586133182048798,0.03785261511802673,0.050610072910785675,0.06009853258728981,0.06628062576055527,0.05139298364520073,0.15031680464744568,0.2598887085914612,0.234614759683609,0.16484174132347107,0.18333643674850464,0.12442128360271454,0.037738118320703506,0.16186939179897308,0.24245774745941162,0.3127560615539551,0.27286040782928467,0.15172287821769714,0.12303094565868378,0.30234724283218384,0.3840213716030121,0.28460294008255005,0.17147444188594818,0.34766149520874023,0.3886740803718567,0.2483290731906891,0.3090131878852844,0.35912173986434937,0.26013633608818054,0.29013919830322266,0.2667199671268463,0.22861817479133606,0.21847257018089294,0.18171754479408264,0.1548261046409607,0.12382063269615173,0.09666450321674347,N
../data/DWT_NEW/N/New_N_153.wav,19.86321449279785,-11.356856346130371,46.77486038208008,-22.52690315246582,-42.61520004272461,15.67447280883789,-14.111892700195312,10.861993789672852,-11.991963386535645,-6.437112331390381,11.562496185302734,-8.81994915008545,1.5738959312438965,-5.145158767700195,5.819708824157715,-4.314403533935547,0.1061956062912941,-2.7370269298553467,2.4271297454833984,-1.3453903198242188,-2.368014097213745,0.2040989100933075,-1.2135028839111328,2.1977710723876953,-2.1481215953826904,2.921245574951172,-2.171701431274414,0.9766665697097778,-2.9096035957336426,1.5747804641723633,-0.589154064655304,0.25165286660194397,-1.0929359197616577,0.10133200883865356,-0.027885861694812775,-1.0123372077941895,-0.04327225685119629,-0.8792663216590881,-0.06740305572748184,-2.301701545715332,0.13711366057395935,0.05789344012737274,0.06598921120166779,0.07168244570493698,0.07327665388584137,0.06998269259929657,0.06389379501342773,0.05907600373029709,0.059105873107910156,0.06122471019625664,0.0568213164806366,0.040499456226825714,0.036051616072654724,0.08370578289031982,0.12264002859592438,0.14071407914161682,0.12566179037094116,0.08046889305114746,0.03453630208969116,0.03968994319438934,0.03724151477217674,0.06649691611528397,0.1186610609292984,0.12966682016849518,0.09311269223690033,0.05110914632678032,0.05156370997428894,0.10212390124797821,0.12105755507946014,0.10032638162374496,0.09327314049005508,0.15589115023612976,0.17431366443634033,0.1359693855047226,0.1202562227845192,0.13708843290805817,0.11738845705986023,0.13606134057044983,0.17683985829353333,0.20290598273277283,0.21509213745594025,0.18555177748203278,0.14840096235275269,0.17741510272026062,0.24390572309494019,0.2600509524345398,0.20018327236175537,0.18078193068504333,0.26590168476104736,0.27017492055892944,0.21304035186767578,0.2549506425857544,0.26387453079223633,0.24026846885681152,0.23939472436904907,0.22625456750392914,0.20571205019950867,0.18396982550621033,0.16256383061408997,0.14048954844474792,0.11891243606805801,N
../data/DWT_NEW/N/New_N_183.wav,25.824201583862305,-31.220338821411133,36.18152618408203,-21.99319839477539,-30.480085372924805,17.202777862548828,-23.729772567749023,13.04914379119873,-7.715771198272705,-1.1527767181396484,2.1898202896118164,0.7429935336112976,-1.924354076385498,-1.5271553993225098,2.9540865421295166,-3.651913642883301,1.2418005466461182,0.7547518014907837,1.0030040740966797,-2.1601767539978027,2.3578362464904785,-2.5345616340637207,0.45261475443840027,-1.6605134010314941,1.2733935117721558,-0.3931264877319336,2.5630850791931152,-1.0508657693862915,0.12117421627044678,-0.8200820684432983,-0.5208214521408081,-1.542915940284729,-0.2883063554763794,-0.20164328813552856,0.4398343563079834,-2.7084546089172363,-4.874137878417969,-0.5976175665855408,8.722451210021973,14.803386688232422,0.16404466331005096,0.023140590637922287,0.01037440076470375,0.013201850466430187,0.02285131812095642,0.02877330407500267,0.029084298759698868,0.024287234991788864,0.019451450556516647,0.02432706207036972,0.033197835087776184,0.034852705895900726,0.024501901119947433,0.016541410237550735,0.046046026051044464,0.0717121958732605,0.0766158327460289,0.05623115599155426,0.026401638984680176,0.020704710856080055,0.029087036848068237,0.08618136495351791,0.14798590540885925,0.15964394807815552,0.11567565053701401,0.0639830231666565,0.051756665110588074,0.08506424725055695,0.10228201746940613,0.07835143804550171,0.04040134698152542,0.03211478143930435,0.07693977653980255,0.1146775335073471,0.12061901390552521,0.14779283106327057,0.17515650391578674,0.1584528088569641,0.11688525974750519,0.07969966530799866,0.10070769488811493,0.16303879022598267,0.21066173911094666,0.21486282348632812,0.17036999762058258,0.127846360206604,0.1794227659702301,0.226037859916687,0.21319173276424408,0.1710863709449768,0.1811729073524475,0.1963188648223877,0.17548847198486328,0.15874342620372772,0.1512114554643631,0.1344740092754364,0.11961600929498672,0.10494592040777206,0.09019812941551208,0.07828368246555328,0.06789572536945343,N
../data/DWT_NEW/N/New_N_164.wav,42.8809928894043,-27.055301666259766,37.205020904541016,-8.64576530456543,-26.519336700439453,13.00809097290039,-19.26140594482422,11.413470268249512,-5.941681861877441,0.5937889814376831,-1.7613142728805542,1.2189080715179443,0.7982838153839111,-4.519920349121094,1.80949866771698,-1.9161731004714966,-0.5766409039497375,-0.7672772407531738,1.1562179327011108,-2.013803005218506,1.7953448295593262,-2.5145084857940674,0.7766538262367249,-0.1294541358947754,2.3853931427001953,0.42457830905914307,2.240917682647705,-0.23738521337509155,0.8524320125579834,-0.6991943120956421,1.3982737064361572,-1.5239555835723877,1.4169914722442627,-0.11653260886669159,1.869648814201355,-2.16774320602417,-1.6547415256500244,0.021682456135749817,6.964685440063477,9.676338195800781,0.1656702160835266,0.06595642864704132,0.0454346165060997,0.030029296875,0.026827238500118256,0.03328244015574455,0.039989449083805084,0.04406857490539551,0.046438511461019516,0.048496000468730927,0.047924190759658813,0.03935512900352478,0.022051623091101646,0.02736722305417061,0.05951402708888054,0.08067440241575241,0.07808622717857361,0.058312542736530304,0.06122706085443497,0.06539228558540344,0.05750574916601181,0.14612969756126404,0.2308844029903412,0.24143067002296448,0.17241571843624115,0.07579240202903748,0.04471227526664734,0.12303043901920319,0.14925748109817505,0.1112394630908966,0.06470067799091339,0.07918737828731537,0.1314498633146286,0.15567368268966675,0.14363661408424377,0.1835947185754776,0.2029632031917572,0.15928243100643158,0.1037171483039856,0.07591773569583893,0.1345234215259552,0.18906846642494202,0.2124127596616745,0.19514429569244385,0.14282462000846863,0.10624314844608307,0.1648181676864624,0.18876920640468597,0.16133031249046326,0.11076919734477997,0.12722980976104736,0.1338488906621933,0.10714999586343765,0.0920289009809494,0.08619424700737,0.07279905676841736,0.06433083117008209,0.05699232965707779,0.053868114948272705,0.057101473212242126,0.06219993531703949,N
../data/DWT_NEW/N/New_N_132.wav,30.081113815307617,-11.526520729064941,47.212677001953125,-29.81320571899414,-41.95490646362305,17.237215042114258,-13.103572845458984,3.268622875213623,-11.542377471923828,-3.3309168815612793,10.605901718139648,-12.414596557617188,1.3243902921676636,-1.848275899887085,3.2322192192077637,-5.367508888244629,0.5409409403800964,-0.9262126684188843,0.45880675315856934,-1.877745270729065,-1.1216723918914795,0.8377469778060913,-2.938021659851074,-0.9239777326583862,-1.816490888595581,1.6769429445266724,-1.4372614622116089,0.36781835556030273,-1.7355766296386719,-0.158881276845932,-0.21881979703903198,0.09994777292013168,-0.6963367462158203,-1.0281105041503906,0.21633951365947723,-0.3781827390193939,-0.7383596897125244,-1.350874423980713,0.3687484562397003,-1.0828768014907837,0.14574697613716125,0.06173965707421303,0.07171539962291718,0.07831497490406036,0.07975611090660095,0.07468348741531372,0.06361518800258636,0.04796074330806732,0.03256088122725487,0.02950000949203968,0.038409195840358734,0.04135044664144516,0.02911657840013504,0.022085240110754967,0.06718361377716064,0.11545886099338531,0.1415763795375824,0.12616223096847534,0.07536114007234573,0.043326232582330704,0.05557282269001007,0.056248217821121216,0.11779841035604477,0.15728339552879333,0.12920445203781128,0.06503062695264816,0.043251290917396545,0.08687853813171387,0.12238489091396332,0.11368808150291443,0.08947797119617462,0.1452123373746872,0.19251957535743713,0.16728386282920837,0.14614638686180115,0.16945284605026245,0.14290077984333038,0.13930991291999817,0.18415191769599915,0.21736015379428864,0.24728912115097046,0.22850966453552246,0.18261605501174927,0.18269263207912445,0.2588198184967041,0.2948214113712311,0.241644948720932,0.18512186408042908,0.2843169867992401,0.2961970865726471,0.23561784625053406,0.2710328698158264,0.2786581516265869,0.25452277064323425,0.25112423300743103,0.23847250640392303,0.21806347370147705,0.1979222446680069,0.17699526250362396,0.1492801010608673,0.12016751617193222,N
../data/DWT_NEW/N/New_N_086.wav,31.914688110351562,-21.771820068359375,41.48829650878906,-19.55020523071289,-44.74756622314453,8.261770248413086,-26.544288635253906,15.123510360717773,-8.358977317810059,-11.656489372253418,6.63795280456543,-5.485737323760986,1.1548213958740234,-7.38714599609375,3.088481903076172,-1.7823569774627686,0.8704181909561157,-3.2810235023498535,0.7323689460754395,1.0030516386032104,1.421731948852539,-0.11647826433181763,-1.5465404987335205,0.7122898101806641,-3.1663856506347656,3.186081647872925,-1.1798616647720337,0.44069454073905945,-4.698055267333984,-3.3877644538879395,-4.513044357299805,0.6983777284622192,-2.4647862911224365,-2.314241647720337,-0.4501519203186035,-2.626091718673706,-2.006723165512085,0.6205655336380005,0.6855378150939941,-1.8139793872833252,0.17961162328720093,0.04770693928003311,0.05085542052984238,0.0493672639131546,0.042917400598526,0.03230329602956772,0.020212482661008835,0.009756112471222878,0.003569392953068018,0.005728771910071373,0.012773629277944565,0.016421716660261154,0.010001290589571,0.03319904953241348,0.07886834442615509,0.11847260594367981,0.12652859091758728,0.0916709303855896,0.04304634779691696,0.04555841535329819,0.04649399220943451,0.10153080523014069,0.16204789280891418,0.1517469733953476,0.08540967851877213,0.027246322482824326,0.02284889854490757,0.02812795899808407,0.04380399361252785,0.05879579484462738,0.1347963511943817,0.21831630170345306,0.20428434014320374,0.16345036029815674,0.1753898561000824,0.11514440178871155,0.04047057032585144,0.1533856838941574,0.2441992163658142,0.31894659996032715,0.28589296340942383,0.1636955589056015,0.12349887937307358,0.3195897340774536,0.41837650537490845,0.31968367099761963,0.18299444019794464,0.3790971636772156,0.44203686714172363,0.28269296884536743,0.3434961438179016,0.4159359335899353,0.29230424761772156,0.33846724033355713,0.31077879667282104,0.25658220052719116,0.2530773878097534,0.19403845071792603,0.1723383367061615,0.12630121409893036,0.0908871591091156,N
../data/DWT_NEW/N/New_N_045.wav,37.866241455078125,-16.96717643737793,39.17437744140625,-7.566100120544434,-22.99148178100586,23.81488800048828,-26.297706604003906,16.550045013427734,-6.844334602355957,-2.2385809421539307,6.201108932495117,-5.712920665740967,3.9748458862304688,-2.788705825805664,0.6817061305046082,-0.4036458730697632,0.8005322813987732,-0.7397304177284241,-1.4458603858947754,-0.6224038600921631,-2.382615089416504,1.8785358667373657,-2.663198471069336,2.1154849529266357,-2.613692283630371,1.970876932144165,-3.2750065326690674,2.0448670387268066,-1.400731086730957,3.5809357166290283,1.094787836074829,1.2302284240722656,-2.8506345748901367,-0.4160304069519043,-0.4298016130924225,0.5196475982666016,-0.38590651750564575,-1.1519153118133545,-1.300716519355774,-0.729537844657898,0.17649978399276733,0.1142476499080658,0.0860811322927475,0.055895108729600906,0.03505060821771622,0.04182793200016022,0.05850725620985031,0.06797302514314651,0.06517486274242401,0.049639709293842316,0.02494939975440502,0.04046187922358513,0.08473736047744751,0.1189223974943161,0.1172562837600708,0.10268959403038025,0.15114672482013702,0.19462960958480835,0.16482380032539368,0.12360534071922302,0.2421400249004364,0.27223533391952515,0.19452176988124847,0.1321011632680893,0.1158897876739502,0.11326859146356583,0.13180014491081238,0.10402238368988037,0.09046687185764313,0.09354762732982635,0.1822531819343567,0.20529943704605103,0.18662285804748535,0.23716473579406738,0.23879821598529816,0.13496904075145721,0.08158978819847107,0.10768508911132812,0.19902172684669495,0.27110880613327026,0.25734972953796387,0.17877665162086487,0.07068294286727905,0.19076935946941376,0.2825045883655548,0.24697592854499817,0.1197473406791687,0.19138763844966888,0.2722512483596802,0.19040828943252563,0.15738898515701294,0.23977558314800262,0.17681288719177246,0.17232978343963623,0.1952008306980133,0.14038854837417603,0.1663333773612976,0.1283358335494995,0.13307850062847137,0.10908012092113495,0.10563618689775467,N
../data/DWT_NEW/N/New_N_073.wav,29.564817428588867,-21.034318923950195,55.014495849609375,-14.098690032958984,-46.46128845214844,8.18989372253418,-20.74773406982422,16.123031616210938,-10.060483932495117,-8.267313003540039,7.407600402832031,-5.686506271362305,2.7942490577697754,-6.700454235076904,3.116452693939209,-2.3033716678619385,0.840036928653717,-3.5152089595794678,2.9228968620300293,-0.5769085884094238,2.852583408355713,-0.1309235692024231,-0.5706543326377869,-0.5315597653388977,-0.8879010677337646,1.8939369916915894,-1.0600191354751587,-0.8541483879089355,-5.176219940185547,-3.485311508178711,-3.3981380462646484,-1.1927992105484009,-2.425473690032959,0.7667369842529297,-1.0009304285049438,-3.6820108890533447,-1.5859196186065674,0.7518556118011475,1.2988147735595703,-0.8285227417945862,0.18549533188343048,0.02395179308950901,0.03424546867609024,0.043584324419498444,0.04953566938638687,0.05084744095802307,0.04817541688680649,0.043272942304611206,0.03932435065507889,0.04083578288555145,0.0486895814538002,0.05593163147568703,0.05416326969861984,0.04411473870277405,0.07725673913955688,0.12935557961463928,0.15763434767723083,0.1353263407945633,0.07588011026382446,0.0734815001487732,0.080656997859478,0.08848042041063309,0.16615158319473267,0.1913166642189026,0.13466379046440125,0.05421162396669388,0.02613222412765026,0.025571219623088837,0.0500614270567894,0.07042598724365234,0.14300072193145752,0.23756460845470428,0.2379235029220581,0.1780240833759308,0.1760159730911255,0.12755052745342255,0.03552825748920441,0.15937986969947815,0.25577086210250854,0.33433544635772705,0.29837068915367126,0.15850867331027985,0.08870801329612732,0.3015708029270172,0.411876380443573,0.3205283582210541,0.13625076413154602,0.3377751111984253,0.4299338459968567,0.2614758014678955,0.27359381318092346,0.3797285258769989,0.2567213773727417,0.2723188102245331,0.28196194767951965,0.20427364110946655,0.2127012014389038,0.16709664463996887,0.15413765609264374,0.12293902039527893,0.09437466412782669,N
../data/DWT_NEW/N/New_N_016.wav,44.31617736816406,-28.93475914001465,43.503440856933594,1.6278687715530396,-29.672698974609375,14.949417114257812,-18.05354118347168,14.405054092407227,-9.416948318481445,4.008995056152344,-0.35924839973449707,0.3754570782184601,-0.34867629408836365,-1.3035367727279663,-0.9725786447525024,-1.7966928482055664,0.7485891580581665,-1.4421963691711426,2.2982635498046875,-1.578765869140625,1.7174224853515625,-2.805548667907715,0.3820333778858185,-1.5587729215621948,4.243776798248291,1.616978645324707,3.5955162048339844,-1.1337069272994995,0.5990505814552307,-1.0578978061676025,1.1467976570129395,-0.5005063414573669,1.1372411251068115,0.40791746973991394,1.6195805072784424,-2.0497312545776367,-3.470069646835327,0.19436989724636078,6.7635297775268555,11.49804973602295,0.18575498461723328,0.10184712707996368,0.09153075516223907,0.08733385801315308,0.08872301876544952,0.09251973032951355,0.0961255431175232,0.09737114608287811,0.09516025334596634,0.08984816074371338,0.07998260855674744,0.06210199370980263,0.03673727810382843,0.027379197999835014,0.057755619287490845,0.07795602828264236,0.07599925994873047,0.0617586150765419,0.07708139717578888,0.09802525490522385,0.10737763345241547,0.17151498794555664,0.2485511302947998,0.2616879343986511,0.195794478058815,0.09325902909040451,0.023402880877256393,0.12036319822072983,0.15922898054122925,0.13146692514419556,0.09589476138353348,0.09694656729698181,0.13011032342910767,0.1440047323703766,0.11851438134908676,0.1665632575750351,0.21066072583198547,0.17858237028121948,0.11729855835437775,0.07477378845214844,0.10332842171192169,0.17200268805027008,0.21062469482421875,0.20798207819461823,0.15634483098983765,0.07637570798397064,0.14458879828453064,0.19209018349647522,0.17407087981700897,0.10732485353946686,0.11374853551387787,0.1404624730348587,0.11210384964942932,0.08477833122015,0.08853577077388763,0.07662679255008698,0.064952552318573,0.05591527372598648,0.05074024945497513,0.04385584220290184,0.043932925909757614,N
../data/DWT_NEW/N/New_N_143.wav,36.419395446777344,-7.022077560424805,47.544620513916016,-20.729183197021484,-43.244937896728516,17.46030044555664,-14.725085258483887,12.338287353515625,-16.35704231262207,-1.0341765880584717,11.121091842651367,-9.719491958618164,-0.26730895042419434,-0.08107149600982666,3.530026435852051,-4.103130340576172,0.7742928862571716,-2.02937912940979,3.1675732135772705,-2.0286669731140137,-1.5997345447540283,-0.3557286858558655,-0.6733254194259644,-0.11580955982208252,0.2702251076698303,2.791468620300293,-0.9072413444519043,0.7364477515220642,-1.6926405429840088,1.481316328048706,-0.9041262865066528,0.5805242657661438,-1.1577566862106323,0.780643105506897,-1.2727782726287842,0.611719012260437,-0.772278904914856,-0.18014228343963623,-0.9166820645332336,-0.1750127077102661,0.15956179797649384,0.09448080509901047,0.08390944451093674,0.06498782336711884,0.038173601031303406,0.009418953210115433,0.03422784060239792,0.0660741776227951,0.08722900599241257,0.09104463458061218,0.07334758341312408,0.035982660949230194,0.04154946655035019,0.10830330848693848,0.15368831157684326,0.16141940653324127,0.12164266407489777,0.057846084237098694,0.07318572700023651,0.09688864648342133,0.07484809309244156,0.11651237308979034,0.17745321989059448,0.16330483555793762,0.10174546390771866,0.08666175603866577,0.10004065930843353,0.14328882098197937,0.1506352722644806,0.1152118667960167,0.11465328186750412,0.1933383047580719,0.22227558493614197,0.18389266729354858,0.19087696075439453,0.20550036430358887,0.16598422825336456,0.1760696917772293,0.2125900685787201,0.25515395402908325,0.2867957353591919,0.2663400173187256,0.21679474413394928,0.21803633868694305,0.3009510040283203,0.3368821144104004,0.28203627467155457,0.21885396540164948,0.32059770822525024,0.3335854411125183,0.26161661744117737,0.2968462109565735,0.3054197132587433,0.2706412374973297,0.266549289226532,0.2498084455728531,0.22590205073356628,0.2014036923646927,0.1779615581035614,0.15059860050678253,0.12695467472076416,N
../data/DWT_NEW/N/New_N_027.wav,38.03064727783203,-28.65947723388672,39.5500602722168,0.4407884478569031,-32.85057830810547,14.718017578125,-18.601778030395508,11.99953842163086,-8.437110900878906,3.6942391395568848,-3.8102383613586426,4.601614475250244,-1.3837401866912842,-1.719277262687683,1.5538878440856934,-0.9694589376449585,-1.7415374517440796,0.33968979120254517,-1.0459614992141724,-0.5148193836212158,0.8859272599220276,-2.286180257797241,0.8179341554641724,0.3573877811431885,1.8823739290237427,0.1267104148864746,-0.10828299820423126,-0.2847817540168762,-0.2728320360183716,-0.37006139755249023,-1.3854155540466309,-0.7200908064842224,0.20001868903636932,0.37970471382141113,-0.5973350405693054,-1.2407151460647583,-1.8159162998199463,0.2810751795768738,4.002283573150635,8.762012481689453,0.1667308658361435,0.05126426741480827,0.025982685387134552,0.025641141459345818,0.044283561408519745,0.05813317000865936,0.06180236116051674,0.054155778139829636,0.037955693900585175,0.024336498230695724,0.03144092485308647,0.04299215227365494,0.04992223531007767,0.06045828014612198,0.08054947853088379,0.08662550896406174,0.06301820278167725,0.04188646748661995,0.09358349442481995,0.11925604939460754,0.08983811736106873,0.13907630741596222,0.2343539297580719,0.24325354397296906,0.17347286641597748,0.13994550704956055,0.1335713267326355,0.13823223114013672,0.14697614312171936,0.10802504420280457,0.039071254432201385,0.03172772750258446,0.09782156348228455,0.15982797741889954,0.18750306963920593,0.21403199434280396,0.23260104656219482,0.20662696659564972,0.14904552698135376,0.0846555233001709,0.09456110000610352,0.17630332708358765,0.22837930917739868,0.22741010785102844,0.17841820418834686,0.11301520466804504,0.14484526216983795,0.1941566914319992,0.18851891160011292,0.14001111686229706,0.1238047331571579,0.1455603837966919,0.13229405879974365,0.10727520287036896,0.10326772928237915,0.0955338105559349,0.08409697562456131,0.07609189301729202,0.0679473951458931,0.060895346105098724,0.05244918167591095,N
../data/DWT_NEW/N/New_N_134.wav,24.91381072998047,-5.1540093421936035,43.016841888427734,-30.40158462524414,-30.591413497924805,30.469573974609375,-28.606229782104492,8.999537467956543,1.6384623050689697,-6.465608596801758,4.092214584350586,-3.773527145385742,3.0378522872924805,-4.4963250160217285,3.87514591217041,-3.065762519836426,1.0391719341278076,-1.5484099388122559,1.1189895868301392,-0.3580073416233063,-0.27219194173812866,0.5147377252578735,-2.2243916988372803,0.16232478618621826,-2.0699849128723145,0.9348594546318054,-2.163877010345459,0.6295056343078613,-2.3320727348327637,0.21434593200683594,-0.4995652437210083,0.38781988620758057,-0.9117025136947632,-0.25843995809555054,-0.3813152313232422,-0.09524199366569519,-0.2577725350856781,-1.1886475086212158,-0.6253658533096313,-0.6443702578544617,0.1425907462835312,0.0684223473072052,0.09266261756420135,0.11367633938789368,0.1275736391544342,0.13035520911216736,0.12012150883674622,0.09558398276567459,0.058360420167446136,0.01857340708374977,0.03596818447113037,0.06315360218286514,0.0656435638666153,0.03619316965341568,0.0522528812289238,0.12206678837537766,0.1722930669784546,0.16975240409374237,0.11288170516490936,0.056399911642074585,0.06773034483194351,0.06431733071804047,0.10946246981620789,0.16942845284938812,0.16238771378993988,0.10668806731700897,0.06036495417356491,0.08364129811525345,0.12838517129421234,0.1315191090106964,0.10113444179296494,0.13472899794578552,0.18995514512062073,0.17417539656162262,0.14534743130207062,0.15956167876720428,0.142665296792984,0.13462772965431213,0.17080780863761902,0.20572403073310852,0.23316839337348938,0.21562829613685608,0.16642500460147858,0.16763874888420105,0.24244853854179382,0.28420451283454895,0.24052391946315765,0.18188002705574036,0.2763751149177551,0.3026008605957031,0.24277353286743164,0.26864010095596313,0.2918581962585449,0.2619945704936981,0.261946439743042,0.24985367059707642,0.23273950815200806,0.21382924914360046,0.1991688758134842,0.18066921830177307,0.16153524816036224,N
../data/DWT_NEW/N/New_N_083.wav,30.899194717407227,-22.880565643310547,45.6129150390625,-14.010835647583008,-41.70774841308594,12.850944519042969,-21.109119415283203,12.966877937316895,-6.923519134521484,-5.308165073394775,7.881392478942871,-6.586333751678467,3.026099443435669,-4.35442590713501,4.204843997955322,-2.0506393909454346,0.693693995475769,-2.1858463287353516,2.8678133487701416,0.2619197368621826,1.3159666061401367,0.05997687578201294,-0.6935348510742188,0.910707414150238,-2.18088960647583,1.4523569345474243,-1.1000275611877441,0.2410525679588318,-4.4670305252075195,-2.5091605186462402,-3.8751819133758545,-0.47056806087493896,-1.0099115371704102,-1.4700666666030884,-2.3703806400299072,-2.0542643070220947,-1.9243063926696777,-0.42143988609313965,2.1071717739105225,-2.0609264373779297,0.17678555846214294,0.08074934780597687,0.0844515711069107,0.07968909293413162,0.06610770523548126,0.0454016774892807,0.02284334786236286,0.008447900414466858,0.01424972340464592,0.014639561995863914,0.016614744439721107,0.0263521708548069,0.028115397319197655,0.03597501292824745,0.09349313378334045,0.15604837238788605,0.1819460391998291,0.14538410305976868,0.07330720871686935,0.058734409511089325,0.060812871903181076,0.12288254499435425,0.20443791151046753,0.19661067426204681,0.11555992066860199,0.048914019018411636,0.03233413025736809,0.035211268812417984,0.051870957016944885,0.053329598158597946,0.11609514057636261,0.217003732919693,0.22291779518127441,0.17114552855491638,0.17602388560771942,0.13764707744121552,0.029641397297382355,0.13570192456245422,0.21754252910614014,0.29390984773635864,0.28304523229599,0.18149125576019287,0.1102750226855278,0.2724902033805847,0.37603574991226196,0.3105429410934448,0.17723394930362701,0.3254213333129883,0.4028710722923279,0.2742534279823303,0.29312536120414734,0.3667502999305725,0.2692073881626129,0.2843228876590729,0.28029510378837585,0.22673165798187256,0.22798161208629608,0.18532466888427734,0.1641848087310791,0.1341937780380249,0.10853017121553421,N
../data/DWT_NEW/N/New_N_163.wav,41.53182601928711,-31.78316307067871,45.13579559326172,-13.797353744506836,-33.43714141845703,12.75480842590332,-14.123693466186523,7.3998212814331055,-7.6285552978515625,1.8659714460372925,0.18678268790245056,-2.606325149536133,1.955411672592163,-3.797818183898926,2.2215192317962646,-2.088589668273926,-0.9175654053688049,-1.988455057144165,1.3491305112838745,-2.0122640132904053,1.6250402927398682,-1.9097262620925903,1.7554683685302734,1.0104396343231201,2.5395305156707764,2.1756112575531006,1.1906754970550537,-0.6464700102806091,-0.4524717926979065,0.5062354803085327,-0.24253645539283752,-1.1047263145446777,-1.1686242818832397,-0.5517761707305908,0.03725409507751465,-1.127394199371338,-4.352838516235352,-3.9365577697753906,1.6324214935302734,8.94198989868164,0.1809086948633194,0.06579624116420746,0.0657636970281601,0.06996852159500122,0.07598716020584106,0.08048484474420547,0.08143386244773865,0.077244833111763,0.06752381473779678,0.05409478768706322,0.03872954100370407,0.022663183510303497,0.017184901982545853,0.039130255579948425,0.06329281628131866,0.07192929834127426,0.05556550621986389,0.02997344546020031,0.06569216400384903,0.09429274499416351,0.08147205412387848,0.09293757379055023,0.16988211870193481,0.20148421823978424,0.16181840002536774,0.08620782196521759,0.03464411571621895,0.07684348523616791,0.10141101479530334,0.07899387180805206,0.0628434270620346,0.09350638836622238,0.14305379986763,0.16975733637809753,0.1594427525997162,0.18142350018024445,0.200794979929924,0.1593652069568634,0.09615229070186615,0.05636254698038101,0.13676133751869202,0.20940177142620087,0.2409314066171646,0.2194206863641739,0.15304751694202423,0.11369200050830841,0.19095902144908905,0.22824732959270477,0.20057356357574463,0.15228861570358276,0.17370600998401642,0.186773419380188,0.1611083596944809,0.14669549465179443,0.14004456996917725,0.1237187385559082,0.10814779251813889,0.09231995046138763,0.07683686912059784,0.06681742519140244,0.056136440485715866,N
../data/DWT_NEW/N/New_N_173.wav,54.675926208496094,-25.987699508666992,38.83522415161133,-15.188533782958984,-27.09750747680664,18.55194091796875,-18.09859848022461,7.856149196624756,-5.2950215339660645,3.0357255935668945,-3.228545665740967,1.2199183702468872,2.7390193939208984,-4.472225189208984,2.389521598815918,-1.8423407077789307,-0.7684687972068787,-0.3059743642807007,1.720729112625122,-2.663064479827881,2.025127410888672,-3.0068752765655518,0.43423759937286377,-0.4050856828689575,3.9242331981658936,1.6666549444198608,1.7843765020370483,-1.193265676498413,0.05559849739074707,-0.22927772998809814,1.1502418518066406,-1.1734622716903687,0.3843805491924286,-0.1650220900774002,1.4001585245132446,-1.5957456827163696,-2.581134796142578,0.032350122928619385,7.361467361450195,11.298020362854004,0.192715123295784,0.1112789660692215,0.0862109437584877,0.057204894721508026,0.026028264313936234,0.011593791656196117,0.039576590061187744,0.064846470952034,0.08267126977443695,0.09195451438426971,0.09275853633880615,0.08559341728687286,0.07322561740875244,0.058800771832466125,0.04482808709144592,0.036149054765701294,0.04885561019182205,0.0785474181175232,0.10105998069047928,0.09272398799657822,0.06294067203998566,0.13805724680423737,0.22590255737304688,0.2427125722169876,0.18393473327159882,0.14050807058811188,0.1376180201768875,0.13247424364089966,0.15235024690628052,0.14431072771549225,0.10093715786933899,0.06593093276023865,0.08747915923595428,0.13036900758743286,0.15616846084594727,0.19181695580482483,0.23107485473155975,0.22457927465438843,0.17306748032569885,0.0991879254579544,0.07466307282447815,0.14603638648986816,0.21069978177547455,0.2239120602607727,0.1818501055240631,0.11647558212280273,0.10962246358394623,0.16184662282466888,0.1707279086112976,0.13395807147026062,0.07944190502166748,0.11097417771816254,0.12110362946987152,0.09825032949447632,0.09507173299789429,0.09740586578845978,0.0928158387541771,0.08856958895921707,0.08156508952379227,0.07663571834564209,0.07098916918039322,N
../data/DWT_NEW/N/New_N_107.wav,35.88172149658203,-10.711640357971191,47.0582160949707,-13.152059555053711,-21.376564025878906,25.630565643310547,-28.525209426879883,17.140796661376953,-3.8332762718200684,-6.785638809204102,9.923868179321289,-7.581422328948975,4.24411678314209,-2.4998927116394043,1.3911943435668945,-2.9742088317871094,3.773542881011963,-2.9880924224853516,-0.1614636778831482,-0.8171381950378418,-2.140578508377075,1.093514084815979,-1.1814324855804443,0.9574019312858582,-2.0231575965881348,1.8088408708572388,-3.1732802391052246,1.198544979095459,-0.7592001557350159,3.1358070373535156,1.4137358665466309,0.3849359452724457,-2.082521677017212,-0.181708425283432,0.451341450214386,0.06794790178537369,-0.2530563175678253,-1.8460781574249268,0.09477114677429199,-1.0026419162750244,0.17685166001319885,0.12463559210300446,0.08688069880008698,0.04938114434480667,0.03049161657691002,0.04543916881084442,0.06118477135896683,0.06771081686019897,0.06451062113046646,0.049838483333587646,0.021551840007305145,0.04761990159749985,0.10877939313650131,0.1422097384929657,0.11865498125553131,0.06486418843269348,0.1658087819814682,0.2515600919723511,0.21397309005260468,0.15627452731132507,0.2828822731971741,0.31795603036880493,0.2190053015947342,0.17920050024986267,0.16990777850151062,0.14850479364395142,0.1372164785861969,0.07072477787733078,0.10072441399097443,0.1770801842212677,0.24686703085899353,0.27448397874832153,0.2953680753707886,0.32851022481918335,0.266971230506897,0.1453239470720291,0.08662339299917221,0.16908147931098938,0.305561900138855,0.36187851428985596,0.3249128460884094,0.19135768711566925,0.1040392816066742,0.28209057450294495,0.36933472752571106,0.2903038263320923,0.1310216337442398,0.2671426236629486,0.34000644087791443,0.22113953530788422,0.21566694974899292,0.2987814247608185,0.21829399466514587,0.23244300484657288,0.24119450151920319,0.20066112279891968,0.21387073397636414,0.18414846062660217,0.1832122653722763,0.16372261941432953,0.1543814092874527,N
../data/DWT_NEW/N/New_N_042.wav,29.562023162841797,-14.791157722473145,46.36872863769531,-14.278471946716309,-26.413776397705078,25.3818359375,-23.223896026611328,12.909852027893066,-6.329121112823486,-3.044842481613159,8.731074333190918,-10.338547706604004,8.070771217346191,-5.0367817878723145,2.5462722778320312,-2.860626220703125,3.0560193061828613,-4.287296772003174,1.9673371315002441,-2.554584503173828,-0.32537299394607544,0.30201342701911926,-1.5571199655532837,1.3477064371109009,-1.8302643299102783,1.3817479610443115,-2.8148956298828125,1.9624698162078857,-1.4897359609603882,3.3326973915100098,-0.20770159363746643,1.7993416786193848,-1.2653694152832031,0.16490069031715393,-0.6519196033477783,0.21627774834632874,-0.31538307666778564,-1.065324068069458,0.0006890594959259033,-1.4152849912643433,0.1700609028339386,0.12136813998222351,0.09289638698101044,0.05776382237672806,0.020981863141059875,0.02226981148123741,0.04929766058921814,0.06408165395259857,0.061858467757701874,0.044030964374542236,0.02474217861890793,0.051682621240615845,0.0849546492099762,0.09987759590148926,0.08145333081483841,0.06469181180000305,0.13305708765983582,0.1794605851173401,0.14937670528888702,0.11112828552722931,0.22894135117530823,0.26533833146095276,0.18980365991592407,0.1259216070175171,0.11614350974559784,0.11808033287525177,0.13743847608566284,0.09977410733699799,0.07901172339916229,0.10847313702106476,0.1782783567905426,0.19946879148483276,0.1964171975851059,0.24840950965881348,0.23803967237472534,0.13808950781822205,0.08926800638437271,0.10998088121414185,0.20765060186386108,0.2742541432380676,0.2638877332210541,0.182070791721344,0.08022385090589523,0.19326594471931458,0.2848796844482422,0.24814027547836304,0.11606356501579285,0.18914178013801575,0.2690305709838867,0.18805907666683197,0.15691962838172913,0.23319998383522034,0.17762021720409393,0.17356321215629578,0.18975883722305298,0.1540442407131195,0.16516584157943726,0.14359726011753082,0.1397964060306549,0.12488437443971634,0.11662082374095917,N
../data/DWT_NEW/N/New_N_012.wav,43.44968795776367,-26.194618225097656,50.36762619018555,-12.546478271484375,-25.675979614257812,16.768051147460938,-18.051441192626953,13.657193183898926,-6.07771110534668,-2.379387378692627,3.6263275146484375,-0.922254741191864,-0.31292563676834106,-2.3662757873535156,3.4785821437835693,-3.5494751930236816,2.3188915252685547,-0.42728757858276367,1.5628300905227661,-1.1774823665618896,1.126059651374817,-2.70693039894104,0.7972021102905273,-0.25211429595947266,1.1110811233520508,2.262007236480713,3.140111207962036,0.8835626840591431,-0.06813347339630127,-0.5983701944351196,0.348086416721344,0.15371018648147583,1.422014832496643,1.0120645761489868,0.46631914377212524,-1.9673490524291992,-0.18980351090431213,4.365946292877197,9.479682922363281,8.246296882629395,0.18973404169082642,0.13461485505104065,0.10539782047271729,0.07276207208633423,0.0417085736989975,0.031944774091243744,0.052276819944381714,0.07185372710227966,0.07944580912590027,0.07307591289281845,0.05835061892867088,0.057192713022232056,0.08255629241466522,0.11193981766700745,0.11622832715511322,0.09138169884681702,0.04674341157078743,0.03560884669423103,0.05811036378145218,0.05008203536272049,0.07562912255525589,0.17421859502792358,0.261478066444397,0.2792700529098511,0.21671083569526672,0.1301688253879547,0.08783403038978577,0.11861833930015564,0.17959901690483093,0.18388035893440247,0.14279603958129883,0.09570446610450745,0.10268087685108185,0.11785997450351715,0.11392839252948761,0.15772724151611328,0.21217979490756989,0.2186415195465088,0.18732549250125885,0.14177092909812927,0.10853247344493866,0.12412385642528534,0.1728993058204651,0.2003183364868164,0.18406540155410767,0.1341211199760437,0.10175802558660507,0.14524760842323303,0.1584554761648178,0.12121711671352386,0.07647319883108139,0.10654445737600327,0.09407677501440048,0.06028912961483002,0.05518362671136856,0.04097898676991463,0.02348557487130165,0.012330489233136177,0.012653373181819916,0.022116070613265038,0.03293086215853691,N
../data/DWT_NEW/N/New_N_112.wav,37.049339294433594,-13.081374168395996,42.22718048095703,-14.29006576538086,-22.659116744995117,27.154273986816406,-30.153379440307617,17.49544906616211,-5.133152961730957,-5.285313129425049,5.560312747955322,-6.534388542175293,2.27224063873291,-1.7968332767486572,1.1269184350967407,-1.8984239101409912,1.4618473052978516,-1.4571056365966797,0.4981350302696228,-0.17292892932891846,-1.7055673599243164,0.3999113142490387,-1.5373945236206055,1.189992904663086,-1.6886260509490967,1.1904823780059814,-2.383028507232666,1.4580025672912598,-1.5477794408798218,1.0804845094680786,-1.6494202613830566,-0.8138439655303955,-2.2799994945526123,0.007984817028045654,-0.8906558156013489,-0.22347810864448547,-1.094243049621582,-0.6729618906974792,-0.16745591163635254,-0.9463923573493958,0.18068762123584747,0.1549977958202362,0.14519190788269043,0.12141677737236023,0.08670638501644135,0.04736898094415665,0.014388332143425941,0.02090221643447876,0.038072966039180756,0.05327653884887695,0.06045772507786751,0.045780159533023834,0.05122116208076477,0.12970682978630066,0.20194193720817566,0.2153233289718628,0.15203672647476196,0.08370961993932724,0.12399609386920929,0.0956287682056427,0.22739018499851227,0.3264797627925873,0.27353352308273315,0.14251597225666046,0.08957373350858688,0.10212607681751251,0.11718875169754028,0.08303847163915634,0.09065774828195572,0.11136986315250397,0.2036147117614746,0.24160438776016235,0.22667068243026733,0.2550973892211914,0.2357330024242401,0.12503817677497864,0.06848181784152985,0.14702361822128296,0.24386253952980042,0.31717705726623535,0.27567166090011597,0.17266277968883514,0.09160922467708588,0.246433287858963,0.33288323879241943,0.26406046748161316,0.10347675532102585,0.23864983022212982,0.31641626358032227,0.19078713655471802,0.17571860551834106,0.2790461480617523,0.17989996075630188,0.19165745377540588,0.21798813343048096,0.14084596931934357,0.18601855635643005,0.1233213022351265,0.14317134022712708,0.09960614889860153,0.10147514939308167,N
../data/DWT_NEW/N/New_N_190.wav,26.4571533203125,-25.406879425048828,37.60316467285156,-16.05203628540039,-22.84542465209961,19.487430572509766,-21.259349822998047,13.972684860229492,-4.523256301879883,-2.1225147247314453,2.8195724487304688,1.1688064336776733,-2.1628775596618652,0.1395021378993988,3.2132387161254883,-6.292464733123779,0.06827014684677124,-2.110836982727051,-0.019830942153930664,-0.25506535172462463,0.5809967517852783,-3.4246232509613037,1.7644801139831543,2.405919075012207,3.7403106689453125,2.16005539894104,0.8954408168792725,-1.5463714599609375,0.16796958446502686,-0.0833597183227539,-0.22378019988536835,-1.7961713075637817,-0.27098754048347473,-1.1740221977233887,0.715876042842865,-1.4401273727416992,-3.321002960205078,-1.8386199474334717,7.253442287445068,14.866012573242188,0.147768035531044,0.07353530079126358,0.04783771187067032,0.021825004369020462,0.007930289022624493,0.027109302580356598,0.04198528081178665,0.049102287739515305,0.047654472291469574,0.039371930062770844,0.027272410690784454,0.015688620507717133,0.018107540905475616,0.03722820430994034,0.05523808300495148,0.06363803893327713,0.05709733068943024,0.04905002936720848,0.06453350931406021,0.06650508940219879,0.05910035967826843,0.14172251522541046,0.22542187571525574,0.23652800917625427,0.17187564074993134,0.10904327780008316,0.09228004515171051,0.10389161854982376,0.12279628217220306,0.10060082376003265,0.056039970368146896,0.040869127959012985,0.09016221761703491,0.12932169437408447,0.13762030005455017,0.16721586883068085,0.19539585709571838,0.17462030053138733,0.11988762021064758,0.06944257020950317,0.06411932408809662,0.13559959828853607,0.1840992271900177,0.19085130095481873,0.15437018871307373,0.10183624923229218,0.12223996222019196,0.16844360530376434,0.16820093989372253,0.12962788343429565,0.1171637624502182,0.13666865229606628,0.12211565673351288,0.09746859222650528,0.09172665327787399,0.07728034257888794,0.06257248669862747,0.05103650316596031,0.04270942136645317,0.04079291969537735,0.039410144090652466,N
../data/DWT_NEW/N/New_N_149.wav,27.054597854614258,-0.6040757894515991,46.15450668334961,-36.299468994140625,-38.4459228515625,31.829586029052734,-25.658906936645508,3.7226028442382812,-0.5928404331207275,-5.731180191040039,5.930245399475098,-8.08169174194336,3.3755903244018555,-2.754117012023926,2.1843433380126953,-4.642699718475342,2.5721805095672607,-2.5682461261749268,-0.010128416121006012,-0.196457177400589,-2.204591989517212,-0.9259380102157593,-1.5529768466949463,1.1317542791366577,-0.5611985325813293,2.32777738571167,-1.4204188585281372,0.1721726655960083,-1.1815752983093262,0.05002714693546295,-0.2805905342102051,-0.38793694972991943,-0.18929016590118408,-0.9853358268737793,0.26895540952682495,-0.9025964140892029,0.08732366561889648,-1.471911072731018,-0.032754600048065186,-1.3099381923675537,0.14562833309173584,0.07646925747394562,0.0839863121509552,0.08807384967803955,0.08719925582408905,0.08043749630451202,0.06922613084316254,0.05612506717443466,0.04541753605008125,0.03978128358721733,0.0338437482714653,0.021602695807814598,0.034922774881124496,0.08212627470493317,0.12769806385040283,0.15747246146202087,0.15568596124649048,0.11775783449411392,0.062468022108078,0.027108382433652878,0.02996714599430561,0.09492996335029602,0.16025304794311523,0.16806015372276306,0.11385686695575714,0.038413677364587784,0.05437373369932175,0.11179272085428238,0.1293417066335678,0.09333839267492294,0.08729967474937439,0.1778750717639923,0.20428606867790222,0.1515371948480606,0.14956936240196228,0.16424745321273804,0.12440858036279678,0.15011775493621826,0.19705773890018463,0.23656535148620605,0.26102450489997864,0.23383091390132904,0.18370316922664642,0.2091170847415924,0.29462099075317383,0.3237645924091339,0.2653351426124573,0.22731082141399384,0.32857316732406616,0.3394339978694916,0.2770324647426605,0.3156757950782776,0.3246757388114929,0.29716920852661133,0.2929317057132721,0.27946752309799194,0.25979411602020264,0.23955968022346497,0.2186751514673233,0.19213174283504486,0.16365563869476318,N
../data/DWT_NEW/N/New_N_067.wav,31.3402042388916,-12.773494720458984,48.17790222167969,-16.411895751953125,-26.489233016967773,29.615995407104492,-29.323579788208008,16.639583587646484,-5.93641471862793,-3.1652402877807617,6.4464216232299805,-4.889814376831055,2.53188419342041,-1.6666713953018188,1.2576227188110352,-2.024258852005005,2.805661678314209,-3.322568655014038,0.40113168954849243,-2.0535664558410645,-0.5223361253738403,-0.8975461721420288,-0.04383566975593567,-0.3554697632789612,-0.7760747671127319,0.5216648578643799,-1.9178239107131958,0.6376456022262573,-0.11347408592700958,2.9238526821136475,1.2778488397598267,1.5402323007583618,-1.9689669609069824,-0.03399363160133362,-1.0752897262573242,0.6932886838912964,-0.982818067073822,-0.560510516166687,-1.0647938251495361,-0.8718491792678833,0.1809164583683014,0.12170968949794769,0.10580554604530334,0.08810343593358994,0.07075832784175873,0.055519260466098785,0.044086042791604996,0.036657512187957764,0.0326615609228611,0.029790548607707024,0.029636409133672714,0.047800205647945404,0.08015900105237961,0.10543232411146164,0.11292564123868942,0.11832179129123688,0.157389834523201,0.18877586722373962,0.163587749004364,0.1344628483057022,0.23559889197349548,0.27059292793273926,0.2023998498916626,0.120960533618927,0.10685364156961441,0.10053513199090958,0.10880596935749054,0.06584551185369492,0.07393179833889008,0.13271677494049072,0.190175861120224,0.1675855666399002,0.19289499521255493,0.24748265743255615,0.1985929310321808,0.07766366004943848,0.03706246614456177,0.10812389850616455,0.23849837481975555,0.2786024808883667,0.25062137842178345,0.13451837003231049,0.06584496796131134,0.23697194457054138,0.3139311373233795,0.23790499567985535,0.08759409189224243,0.23733793199062347,0.3021543622016907,0.181512713432312,0.18879283964633942,0.2732871472835541,0.18694546818733215,0.2085077166557312,0.2206331491470337,0.17621225118637085,0.19672107696533203,0.16438861191272736,0.1661093533039093,0.145717054605484,0.13938260078430176,N
../data/DWT_NEW/N/New_N_076.wav,36.06289291381836,-16.92670440673828,41.59251403808594,-17.18511199951172,-44.377662658691406,7.943868637084961,-25.53030014038086,19.21778106689453,-8.972021102905273,-11.8406982421875,7.966890335083008,-6.332309722900391,3.933854103088379,-6.89566707611084,2.559605598449707,-2.6287238597869873,2.144843816757202,-3.870452880859375,1.6835235357284546,-0.49505215883255005,2.41839599609375,0.15734493732452393,-2.6180384159088135,0.2313249111175537,-0.858430802822113,2.410153865814209,-2.3910813331604004,0.6570160388946533,-3.8293492794036865,-1.4034075736999512,-3.4462392330169678,-0.8123950362205505,-1.3321213722229004,1.3717553615570068,-1.6505941152572632,-2.7727952003479004,-0.5878430604934692,-0.13319280743598938,1.7882742881774902,0.23383831977844238,0.1847294569015503,0.022074289619922638,0.009051425382494926,0.02247583121061325,0.0393836572766304,0.05142590403556824,0.056004829704761505,0.05226212739944458,0.04131028428673744,0.026690922677516937,0.014262518845498562,0.02193610370159149,0.03521640598773956,0.03683924302458763,0.04360770806670189,0.0748530924320221,0.11781797558069229,0.13065363466739655,0.09279870241880417,0.05795393884181976,0.07836169004440308,0.07373509556055069,0.12661993503570557,0.1691259741783142,0.13566458225250244,0.08358117938041687,0.05863315612077713,0.03624711185693741,0.05456934869289398,0.0630728229880333,0.10688170790672302,0.21371130645275116,0.24330753087997437,0.20360957086086273,0.1980167031288147,0.16426941752433777,0.05738045647740364,0.12851668894290924,0.2407028079032898,0.34414947032928467,0.3461068868637085,0.22985999286174774,0.09850175678730011,0.3079921007156372,0.45616769790649414,0.39125484228134155,0.2043229639530182,0.37587180733680725,0.4969373345375061,0.35066139698028564,0.3500130772590637,0.4653528928756714,0.35829296708106995,0.3661799430847168,0.3747788071632385,0.30291056632995605,0.3013754189014435,0.24888254702091217,0.21734900772571564,0.17724674940109253,0.13678611814975739,N
../data/DWT_NEW/N/New_N_018.wav,31.83826446533203,-34.84379196166992,23.241674423217773,-21.118484497070312,-36.76667404174805,14.889970779418945,-22.7105655670166,4.4275102615356445,-8.77684497833252,2.228490114212036,-6.904693603515625,-0.3543701767921448,1.120275855064392,-5.913403511047363,2.6541385650634766,-3.4800033569335938,-2.5269222259521484,-2.2397284507751465,0.5269342064857483,-4.684311866760254,1.4784910678863525,-3.953685998916626,1.6941113471984863,-1.1092487573623657,3.7587029933929443,-1.2986690998077393,-0.34374698996543884,-2.693695068359375,-0.313856840133667,-1.3281625509262085,-1.3597991466522217,-2.876634359359741,-2.8446030616760254,-2.1232433319091797,-1.548546314239502,-3.415661096572876,-6.409395694732666,-5.421448707580566,1.9768890142440796,10.850069046020508,0.1592918485403061,0.02218824252486229,0.023828227072954178,0.0242486409842968,0.02260396257042885,0.018190350383520126,0.011066623032093048,0.0037250772584229708,0.013186134397983551,0.024275321513414383,0.032331906259059906,0.03383631259202957,0.028253523632884026,0.02440498396754265,0.0394781157374382,0.055982302874326706,0.060398541390895844,0.04917030781507492,0.033101677894592285,0.0317126139998436,0.026475325226783752,0.05338528752326965,0.1000792533159256,0.11589241027832031,0.08960133790969849,0.05465107411146164,0.03944644704461098,0.04920339584350586,0.06156017631292343,0.05058476701378822,0.04108065366744995,0.03166034072637558,0.08061058819293976,0.11629835516214371,0.12114851176738739,0.13968287408351898,0.15750616788864136,0.1349395215511322,0.08256152272224426,0.03586316481232643,0.09362317621707916,0.1612321138381958,0.1993194818496704,0.18907879292964935,0.1313037872314453,0.07239978015422821,0.14696237444877625,0.19445988535881042,0.17944669723510742,0.12044914066791534,0.12578992545604706,0.15922027826309204,0.13842710852622986,0.10874870419502258,0.11577031761407852,0.1098901554942131,0.09826081246137619,0.09123203158378601,0.08500520139932632,0.07974377274513245,0.07283191382884979,N
../data/DWT_NEW/N/New_N_070.wav,53.60881805419922,-22.826129913330078,45.6859245300293,-11.040363311767578,-27.396459579467773,4.010799407958984,-25.23564338684082,19.828121185302734,-4.880710124969482,-6.487004280090332,5.063453674316406,-4.959400177001953,4.282499313354492,-1.4588500261306763,-0.268295556306839,0.23622989654541016,0.8222108483314514,-0.9311643838882446,0.8886838555335999,0.5461239218711853,1.6501476764678955,0.4174309968948364,-1.2308144569396973,0.4930013418197632,-0.09551830589771271,0.39254263043403625,-1.1538134813308716,-0.22901536524295807,-3.414228677749634,-2.969727039337158,-1.896141529083252,-1.239230751991272,-1.1479698419570923,-0.23065349459648132,-2.9550013542175293,-3.314713954925537,-0.07273215055465698,-0.16600167751312256,-0.9394978880882263,-1.3646893501281738,0.20300602912902832,0.04387858137488365,0.06938739866018295,0.09048976004123688,0.10355183482170105,0.10628211498260498,0.10014514625072479,0.089576356112957,0.08184777200222015,0.08126675337553024,0.08109931647777557,0.07192705571651459,0.05872028321027756,0.08055025339126587,0.13868102431297302,0.19324414432048798,0.2069951593875885,0.15818212926387787,0.08025951683521271,0.09361384063959122,0.10298232734203339,0.12125131487846375,0.23243555426597595,0.2676575183868408,0.190969318151474,0.11222076416015625,0.08733740448951721,0.045014623552560806,0.035690099000930786,0.0623573437333107,0.137486070394516,0.25445279479026794,0.2890458106994629,0.2520703673362732,0.2556213140487671,0.2118869125843048,0.07296887785196304,0.12299954891204834,0.2593977153301239,0.3817952275276184,0.3893613815307617,0.26751017570495605,0.10919428616762161,0.312057226896286,0.4783875048160553,0.42549893260002136,0.23239141702651978,0.38065552711486816,0.5096315741539001,0.36689987778663635,0.3508928120136261,0.4585916996002197,0.3548816740512848,0.353526771068573,0.3570498824119568,0.2882832884788513,0.28434228897094727,0.23727044463157654,0.20984086394309998,0.17844820022583008,0.1488584280014038,N
../data/DWT_NEW/N/New_N_082.wav,30.513141632080078,-21.293474197387695,47.1085319519043,-17.528987884521484,-44.19166564941406,10.706387519836426,-23.465904235839844,17.030845642089844,-8.034669876098633,-7.66702938079834,6.845326900482178,-4.21651554107666,2.4826269149780273,-5.006763458251953,2.3256332874298096,-0.0338917076587677,-0.27105629444122314,-1.2767858505249023,0.7593426704406738,0.9884822964668274,2.0405237674713135,0.6134328842163086,-2.5563201904296875,1.9633275270462036,-1.8725550174713135,1.520745873451233,-1.2168529033660889,-0.24625609815120697,-4.230731964111328,-1.716549277305603,-4.532410144805908,-1.1843056678771973,0.09212622046470642,-0.9031882286071777,-2.5345821380615234,-2.578434944152832,-0.9807343482971191,0.2864079475402832,0.47220689058303833,-1.3723928928375244,0.18225082755088806,0.03257332369685173,0.04497673735022545,0.05429413914680481,0.05887117236852646,0.057894863188266754,0.0525677353143692,0.045049507170915604,0.038541894406080246,0.0369301363825798,0.04190424084663391,0.05025961250066757,0.057011548429727554,0.05960073322057724,0.08393876254558563,0.11546100676059723,0.12977880239486694,0.10741220414638519,0.05977721884846687,0.0630829930305481,0.06897581368684769,0.08225394785404205,0.1523500233888626,0.1716391146183014,0.11985653638839722,0.05953545868396759,0.04178059846162796,0.030391305685043335,0.026472682133316994,0.05349872261285782,0.11830402165651321,0.20236875116825104,0.2118416279554367,0.17011742293834686,0.17049646377563477,0.13343754410743713,0.034503232687711716,0.12776190042495728,0.22051846981048584,0.30357956886291504,0.29027658700942993,0.1724427342414856,0.09036460518836975,0.2820701599121094,0.3952379822731018,0.317903995513916,0.16059920191764832,0.3424926996231079,0.42724987864494324,0.2778787314891815,0.31204620003700256,0.3955707550048828,0.2849687337875366,0.31402522325515747,0.3020293712615967,0.24251852929592133,0.23800185322761536,0.1886591911315918,0.16460949182510376,0.11920712143182755,0.0803833156824112,N
../data/DWT_NEW/N/New_N_142.wav,18.524972915649414,6.2904863357543945,43.11557388305664,-25.367708206176758,-32.2053108215332,22.739166259765625,-20.749670028686523,13.283478736877441,-10.546602249145508,-2.091653347015381,10.739912033081055,-12.2124662399292,5.292287826538086,-2.920654773712158,3.285004138946533,-5.383927822113037,3.5994670391082764,-4.648462295532227,2.786522388458252,-2.543980121612549,-1.252685546875,-0.773774266242981,-2.9300506114959717,1.3850460052490234,-1.0569714307785034,3.076244831085205,-3.4969429969787598,2.2836220264434814,-3.664435625076294,2.5915260314941406,-2.267117977142334,1.382465124130249,-1.985034704208374,0.7707244157791138,-1.1767317056655884,0.20501548051834106,-0.6069154739379883,-0.9118830561637878,0.22424989938735962,-1.894007682800293,0.12169604003429413,0.10191671550273895,0.12533900141716003,0.14371906220912933,0.15278849005699158,0.14849618077278137,0.12994928658008575,0.09757956117391586,0.055692292749881744,0.016472559422254562,0.02449527382850647,0.03283391147851944,0.018140602856874466,0.04749741777777672,0.11423982679843903,0.17767006158828735,0.20540112257003784,0.175107941031456,0.10079474002122879,0.04902682453393936,0.05054616928100586,0.07487548887729645,0.1615472435951233,0.2033422291278839,0.16251440346240997,0.08427818864583969,0.04654216021299362,0.11372947692871094,0.1571013629436493,0.1330891251564026,0.08931274712085724,0.16818830370903015,0.21566900610923767,0.17810657620429993,0.1556554138660431,0.17397719621658325,0.13981439173221588,0.14341527223587036,0.18996134400367737,0.22408998012542725,0.24867218732833862,0.2217395156621933,0.16754192113876343,0.1797511726617813,0.256355345249176,0.2834179103374481,0.2243867814540863,0.17556285858154297,0.26773950457572937,0.27474576234817505,0.21360284090042114,0.24305298924446106,0.24895307421684265,0.22343778610229492,0.21772214770317078,0.20490187406539917,0.18763485550880432,0.1692076325416565,0.1517941802740097,0.13312727212905884,0.1155969500541687,N
../data/DWT_NEW/N/New_N_060.wav,34.1253662109375,-7.402523040771484,43.49420928955078,-13.585714340209961,-23.85186004638672,30.108261108398438,-31.893003463745117,18.127059936523438,-5.352848529815674,-5.813331604003906,7.100419521331787,-6.297118186950684,3.0870919227600098,-2.105656147003174,2.6407294273376465,-3.6381142139434814,3.75350284576416,-3.9548044204711914,0.7557426691055298,-1.199202299118042,-1.066406011581421,-0.3080381155014038,-0.890472412109375,0.7215677499771118,-1.8143961429595947,1.9852802753448486,-3.1258034706115723,2.1367502212524414,-2.016031503677368,2.4116668701171875,-0.9079762697219849,1.2414188385009766,-2.4871370792388916,0.3893938958644867,-1.3818506002426147,0.027691423892974854,-0.8286436200141907,-1.0041916370391846,-0.3061859607696533,-1.2258188724517822,0.17708446085453033,0.15269526839256287,0.13686171174049377,0.11318524181842804,0.08395951241254807,0.053716059774160385,0.030791137367486954,0.022770024836063385,0.02113298699259758,0.01728450134396553,0.026003308594226837,0.05310621112585068,0.09485893696546555,0.14286524057388306,0.18490496277809143,0.19516459107398987,0.15845036506652832,0.08668863773345947,0.08249823749065399,0.19757449626922607,0.3051907420158386,0.32435882091522217,0.2308771312236786,0.11040803790092468,0.09488832205533981,0.13434217870235443,0.126296728849411,0.07894869893789291,0.08717606961727142,0.14391319453716278,0.19740185141563416,0.18611885607242584,0.16827964782714844,0.25652849674224854,0.2216639369726181,0.10246223956346512,0.038128841668367386,0.0872858539223671,0.21476487815380096,0.27381524443626404,0.24429170787334442,0.16055217385292053,0.04155699908733368,0.19991809129714966,0.2946844696998596,0.24369797110557556,0.08207663893699646,0.19893959164619446,0.2863836884498596,0.17983561754226685,0.14147847890853882,0.25329139828681946,0.17061424255371094,0.16320118308067322,0.2055473029613495,0.11051525175571442,0.1744193136692047,0.10408629477024078,0.13629290461540222,0.08228234201669693,0.09933419525623322,N
../data/DWT_NEW/N/New_N_159.wav,30.46320915222168,-33.86956787109375,48.92813491821289,-16.62925910949707,-39.76012420654297,17.646507263183594,-17.412235260009766,6.752091407775879,-7.019444465637207,1.5108165740966797,-0.8393007516860962,-1.4627022743225098,-0.00917595624923706,-2.1733756065368652,1.3709988594055176,-4.258970260620117,-0.8331764936447144,-1.3985806703567505,1.3194948434829712,-1.3594706058502197,0.8218562006950378,-2.948387384414673,0.17301642894744873,-0.21902751922607422,4.00265645980835,2.983250617980957,2.3529558181762695,-1.430323839187622,-0.19674456119537354,1.0541934967041016,1.1843645572662354,-0.8952376842498779,-1.4893596172332764,-0.5132085680961609,2.357168436050415,0.38423240184783936,-3.6604208946228027,-2.747389316558838,4.961587905883789,15.966524124145508,0.18296422064304352,0.07510726898908615,0.06612822413444519,0.05607174336910248,0.04548334330320358,0.03522512689232826,0.02695036493241787,0.021724477410316467,0.020686592906713486,0.024697205051779747,0.031773097813129425,0.03728272765874863,0.03717687726020813,0.030603129416704178,0.03151868283748627,0.03968394547700882,0.04153120890259743,0.03018122911453247,0.03140069171786308,0.05855722725391388,0.07065988332033157,0.09317541122436523,0.15566779673099518,0.1869824081659317,0.1544657051563263,0.08674487471580505,0.0322628989815712,0.08447229862213135,0.12497331202030182,0.10694311559200287,0.05746188759803772,0.039280667901039124,0.08736774325370789,0.12257233262062073,0.12254396826028824,0.16684949398040771,0.20723797380924225,0.1791488081216812,0.1183016449213028,0.06617160886526108,0.08741390705108643,0.17348133027553558,0.2276945859193802,0.2275814712047577,0.16967523097991943,0.10270596295595169,0.16554683446884155,0.21563228964805603,0.19679293036460876,0.1403082013130188,0.14996227622032166,0.16995659470558167,0.14277581870555878,0.11919505149126053,0.11528433859348297,0.09949913620948792,0.08484367281198502,0.07008315622806549,0.05803695693612099,0.04847681522369385,0.04119539260864258,N
../data/DWT_NEW/N/New_N_106.wav,31.518054962158203,-18.1458740234375,38.62639617919922,-15.086705207824707,-22.88150978088379,26.36782455444336,-30.439353942871094,17.186073303222656,-6.739986419677734,-5.336616516113281,5.951745986938477,-6.016786575317383,2.552542209625244,-1.831734299659729,1.1194287538528442,-2.0657384395599365,2.149348020553589,-2.2040932178497314,0.6589588522911072,-0.9909590482711792,-0.8658403158187866,-0.4461331069469452,-0.9677463173866272,0.18563143908977509,-1.2465574741363525,0.7885579466819763,-1.7548032999038696,1.087437391281128,-1.042742371559143,1.239288568496704,-1.0456854104995728,-0.5573350191116333,-2.2429263591766357,-0.32264405488967896,-1.1449320316314697,-0.43004047870635986,-1.5480642318725586,-0.9351767301559448,-0.6739023327827454,-0.7575617432594299,0.17595906555652618,0.12265247106552124,0.11045275628566742,0.08806533366441727,0.058210842311382294,0.026576418429613113,0.008054796606302261,0.018115172162652016,0.0149164367467165,0.007694817613810301,0.023877069354057312,0.02753521129488945,0.024220960214734077,0.07819114625453949,0.140945702791214,0.1707778126001358,0.1491508185863495,0.11405010521411896,0.10363495349884033,0.0850839614868164,0.17809435725212097,0.25153595209121704,0.2125585377216339,0.12487797439098358,0.11432265490293503,0.11073818802833557,0.10346855968236923,0.04788462072610855,0.026568833738565445,0.09850496053695679,0.16057516634464264,0.16489721834659576,0.22123010456562042,0.23401260375976562,0.180278480052948,0.1328713297843933,0.05503061041235924,0.10724610090255737,0.20082008838653564,0.26675671339035034,0.2581064999103546,0.15895295143127441,0.06549464911222458,0.20256203413009644,0.29469189047813416,0.2456979900598526,0.10714522004127502,0.20551277697086334,0.28550583124160767,0.19089919328689575,0.15602920949459076,0.25330299139022827,0.18128612637519836,0.17311204969882965,0.21022166311740875,0.12189678102731705,0.18226294219493866,0.11339893192052841,0.14583970606327057,0.09231129288673401,0.11154443025588989,N
../data/DWT_NEW/N/New_N_008.wav,38.27888107299805,-28.7847900390625,49.1524658203125,-5.900240421295166,-29.270763397216797,15.56788444519043,-10.968305587768555,6.674067497253418,-5.799431800842285,3.218489170074463,-0.9746769666671753,-0.6036657094955444,2.773890972137451,-4.681874752044678,1.5221631526947021,-2.9559195041656494,-0.6289006471633911,-0.2668807804584503,1.353154182434082,-0.2995993196964264,0.39242637157440186,-2.3463215827941895,-0.6952340602874756,1.0195891857147217,3.8850340843200684,4.351673126220703,1.7364494800567627,0.2441415786743164,-1.6268160343170166,0.719050407409668,-0.17243951559066772,0.10846209526062012,-0.3614174425601959,0.7922388315200806,0.18220290541648865,-1.3362419605255127,-2.828463077545166,1.7808198928833008,9.890649795532227,15.095335960388184,0.1675487756729126,0.12136217951774597,0.08915767073631287,0.05599901080131531,0.028719738125801086,0.03054019808769226,0.0491318553686142,0.06109616160392761,0.0607534721493721,0.04808400943875313,0.027064405381679535,0.01908736862242222,0.04283931851387024,0.06616228818893433,0.08079518377780914,0.08135899901390076,0.06801167875528336,0.05132482573390007,0.048137225210666656,0.03958553820848465,0.08034215867519379,0.19367018342018127,0.2967566251754761,0.3155224919319153,0.237470805644989,0.1343451738357544,0.08100774884223938,0.12152701616287231,0.17365559935569763,0.15722399950027466,0.10166111588478088,0.06382136791944504,0.1015058308839798,0.14020270109176636,0.14244556427001953,0.17686519026756287,0.23135295510292053,0.2225005030632019,0.166349396109581,0.10579374432563782,0.06258296221494675,0.1372811198234558,0.20164254307746887,0.21970807015895844,0.18313854932785034,0.11507205665111542,0.11221983283758163,0.16857284307479858,0.17366282641887665,0.1290471851825714,0.09780851751565933,0.11899729073047638,0.10885997861623764,0.08424064517021179,0.07905082404613495,0.07379183918237686,0.0664684996008873,0.06049637496471405,0.05468091368675232,0.047507405281066895,0.04134649038314819,N
../data/DWT_NEW/N/New_N_162.wav,18.35269546508789,-32.548526763916016,41.55237579345703,-25.66634750366211,-39.35645294189453,17.207813262939453,-19.045303344726562,-0.033665359020233154,-5.851540565490723,3.7511699199676514,-7.046623229980469,-1.9978349208831787,1.9859678745269775,-4.521749973297119,1.0315430164337158,-2.405927896499634,-2.9890589714050293,-2.1460466384887695,-0.07012972235679626,-2.6971840858459473,0.463858962059021,-2.2749040126800537,1.1597716808319092,1.3544927835464478,2.4307847023010254,-0.06036984920501709,-1.5139501094818115,-1.0840442180633545,-0.9215425252914429,-0.6381131410598755,-2.107123374938965,-1.7671550512313843,-3.0313191413879395,-1.1573660373687744,-0.7765152454376221,-1.700301170349121,-5.65762996673584,-4.666616439819336,2.583941698074341,11.574417114257812,0.1483619213104248,0.0283295139670372,0.029145553708076477,0.031346049159765244,0.03486984595656395,0.03895945847034454,0.04306001961231232,0.046534642577171326,0.04884015768766403,0.050114504992961884,0.04969944804906845,0.045473333448171616,0.03580586984753609,0.020948154851794243,0.021597839891910553,0.04250882565975189,0.05437960475683212,0.04785957187414169,0.028874535113573074,0.031078681349754333,0.03323216363787651,0.041748784482479095,0.09235820919275284,0.11750812828540802,0.09877127408981323,0.07286251336336136,0.06400002539157867,0.07065899670124054,0.08036277443170547,0.07095568627119064,0.05138813331723213,0.04377198964357376,0.04185827448964119,0.09603138267993927,0.11335520446300507,0.13448446989059448,0.1677781641483307,0.16301926970481873,0.12338962405920029,0.0815434604883194,0.07339377701282501,0.13987277448177338,0.1984744668006897,0.21196243166923523,0.17528896033763885,0.12359682470560074,0.15247435867786407,0.20850886404514313,0.2087521255016327,0.1647312045097351,0.16134177148342133,0.18337103724479675,0.1632474660873413,0.13750781118869781,0.13057026267051697,0.1122325211763382,0.09180263429880142,0.07686988264322281,0.06377013027667999,0.0590691901743412,0.05668681487441063,N
../data/DWT_NEW/N/New_N_046.wav,34.498558044433594,-19.948406219482422,41.744083404541016,-8.055341720581055,-23.132503509521484,20.669719696044922,-25.918190002441406,18.326425552368164,-5.755221366882324,-8.06203842163086,9.341794967651367,-9.823412895202637,4.746076583862305,-3.183669090270996,1.7559211254119873,-2.2777934074401855,2.002920389175415,-2.2582950592041016,0.5341123342514038,0.15118508040905,-2.4796228408813477,1.748605489730835,-3.0032663345336914,2.209890842437744,-2.603635787963867,1.8474421501159668,-2.704172134399414,1.9958062171936035,-2.3185882568359375,1.083650827407837,-1.180574893951416,-1.171133279800415,-1.427244782447815,-0.7276152968406677,-0.1740860491991043,-1.1656041145324707,-0.4949096739292145,-1.5175583362579346,0.5785907506942749,-1.1392524242401123,0.18168598413467407,0.14045003056526184,0.13026538491249084,0.10766205191612244,0.07527224719524384,0.038783080875873566,0.008916258811950684,0.016870087012648582,0.025296062231063843,0.03199345991015434,0.04152124375104904,0.04147721081972122,0.05118710547685623,0.11080515384674072,0.17754259705543518,0.19756880402565002,0.14520975947380066,0.06571066379547119,0.09635040163993835,0.09869715571403503,0.2172028124332428,0.30261844396591187,0.25176823139190674,0.13115207850933075,0.08239838480949402,0.09800978004932404,0.11063192784786224,0.06338873505592346,0.06941206753253937,0.08814390003681183,0.1810981035232544,0.21645241975784302,0.19663825631141663,0.2303771674633026,0.2186577320098877,0.11950329691171646,0.05341809242963791,0.12095479667186737,0.20806072652339935,0.28302180767059326,0.24904249608516693,0.1681925654411316,0.08175455033779144,0.20881065726280212,0.2943917214870453,0.24693867564201355,0.11590353399515152,0.2027844786643982,0.28195932507514954,0.19204717874526978,0.1512877345085144,0.24558335542678833,0.1783270537853241,0.1617477834224701,0.2000938355922699,0.11754032224416733,0.1667337417602539,0.10375109314918518,0.12917444109916687,0.07947970926761627,0.09557492285966873,N
../data/DWT_NEW/N/New_N_041.wav,32.95280456542969,-12.627659797668457,47.96379852294922,-14.203821182250977,-23.409440994262695,26.19356918334961,-26.844989776611328,16.41143798828125,-6.189471244812012,-4.047097682952881,8.726800918579102,-7.795796871185303,4.530399322509766,-2.2416162490844727,1.4260814189910889,-1.9418290853500366,2.3281726837158203,-2.9894895553588867,1.465102195739746,-1.6769437789916992,-0.8708879947662354,0.15673139691352844,-0.7796068787574768,0.5925772786140442,-0.6693853139877319,0.1519334465265274,-1.9514188766479492,1.0346767902374268,-0.5371885895729065,2.3116912841796875,0.5709081292152405,0.1285189837217331,-1.517277717590332,-0.2025742530822754,-0.5289887189865112,-0.15401485562324524,-0.7078481316566467,-0.9318346977233887,-0.649712085723877,-1.0500316619873047,0.17558075487613678,0.1010378897190094,0.06376741826534271,0.02531595528125763,0.026956044137477875,0.05729644373059273,0.07788321375846863,0.08455385267734528,0.07675117999315262,0.056284479796886444,0.028850160539150238,0.055892594158649445,0.11084266006946564,0.14744290709495544,0.13062793016433716,0.06906237453222275,0.1329522579908371,0.21106800436973572,0.1871579885482788,0.13217933475971222,0.25746482610702515,0.28382188081741333,0.1975974440574646,0.17262811958789825,0.1617431789636612,0.13067688047885895,0.13034296035766602,0.09787474572658539,0.09534073621034622,0.12981157004833221,0.21440964937210083,0.24862408638000488,0.24786043167114258,0.2823469042778015,0.26141420006752014,0.15761107206344604,0.09795689582824707,0.1459464430809021,0.24899788200855255,0.3165563642978668,0.2983096241950989,0.2035379856824875,0.10129716247320175,0.23240087926387787,0.32205143570899963,0.27685651183128357,0.14305640757083893,0.22134624421596527,0.2979089021682739,0.21330441534519196,0.1837800294160843,0.2559540569782257,0.19731727242469788,0.19436874985694885,0.20392736792564392,0.16630323231220245,0.1722932606935501,0.14350807666778564,0.1359422504901886,0.11548146605491638,0.1021467000246048,N
../data/DWT_NEW/N/New_N_154.wav,12.84726333618164,-4.422588348388672,45.50886917114258,-23.134422302246094,-44.81093978881836,25.242721557617188,-17.248611450195312,6.801663398742676,-7.739178657531738,-4.44025993347168,10.635608673095703,-9.751306533813477,2.654630184173584,-3.1908979415893555,5.6531476974487305,-6.6303629875183105,3.765430450439453,-3.077493667602539,2.507535934448242,-1.593508243560791,-0.28768467903137207,0.1722537726163864,0.44848066568374634,1.8057894706726074,-0.8430749773979187,2.5837578773498535,-2.3821072578430176,1.5909907817840576,-2.171640157699585,1.3524091243743896,-1.6346033811569214,1.0586416721343994,-1.2632460594177246,0.17988921701908112,-0.7345971465110779,0.028533168137073517,-0.303139328956604,-0.9400396347045898,0.1381414234638214,-1.0699882507324219,0.12510983645915985,0.05738555267453194,0.05812808871269226,0.05871325731277466,0.05814328044652939,0.055292949080467224,0.05018178001046181,0.043306708335876465,0.036559149622917175,0.03373613581061363,0.039170753210783005,0.05551055446267128,0.08108097314834595,0.10513995587825775,0.12032260000705719,0.11755388975143433,0.0925876721739769,0.05335622280836105,0.02712765336036682,0.040407758206129074,0.07421552389860153,0.12365846335887909,0.1435815393924713,0.11590195447206497,0.06207168102264404,0.024063806980848312,0.06319747120141983,0.10286032408475876,0.10108605772256851,0.06178400665521622,0.0852966457605362,0.156955748796463,0.16097259521484375,0.11857996881008148,0.13426384329795837,0.13752320408821106,0.10024528950452805,0.1269911229610443,0.16394177079200745,0.20335301756858826,0.2195572406053543,0.19039714336395264,0.14174538850784302,0.17039704322814941,0.2468952238559723,0.2608453035354614,0.19430284202098846,0.17152687907218933,0.26086124777793884,0.2508932948112488,0.18796955049037933,0.23290938138961792,0.22785918414592743,0.20109549164772034,0.19888103008270264,0.18620659410953522,0.1692049205303192,0.1538456529378891,0.13986782729625702,0.12366960942745209,0.10508204251527786,N
../data/DWT_NEW/N/New_N_155.wav,30.75667381286621,-11.641273498535156,36.676513671875,-11.790840148925781,-43.032936096191406,12.130034446716309,-13.906657218933105,13.246830940246582,-13.022222518920898,-4.16933012008667,8.027986526489258,-5.788650989532471,1.3659989833831787,-4.355157852172852,3.949444055557251,-2.9752538204193115,1.0332149267196655,-2.8914151191711426,2.3019862174987793,-1.630742073059082,-0.5139801502227783,-0.43858957290649414,0.990761399269104,1.4872958660125732,0.25864654779434204,0.7803785800933838,-0.9611115455627441,-0.0038015246391296387,-0.9933295249938965,0.21384161710739136,-0.24252194166183472,-0.2846078872680664,-0.3050572872161865,-0.5028397440910339,-0.25062066316604614,-0.5682846307754517,0.07677105069160461,-0.9309448003768921,-0.48474180698394775,-1.2750407457351685,0.13575416803359985,0.06802365928888321,0.06499552726745605,0.058379072695970535,0.049758292734622955,0.04353352636098862,0.04593847692012787,0.05494019389152527,0.061439525336027145,0.05788133293390274,0.039563972502946854,0.015524324029684067,0.05265865474939346,0.1022898405790329,0.13943377137184143,0.14595621824264526,0.11647146940231323,0.06533831357955933,0.035759203135967255,0.036612484604120255,0.05617378652095795,0.12326696515083313,0.16020813584327698,0.1328442096710205,0.06834123283624649,0.04351265728473663,0.07509972900152206,0.11564871668815613,0.11447636038064957,0.07276904582977295,0.09385821223258972,0.1679581105709076,0.16713503003120422,0.11178542673587799,0.13141994178295135,0.14056050777435303,0.09860706329345703,0.13110966980457306,0.16660279035568237,0.19805040955543518,0.21707040071487427,0.18723049759864807,0.1352650374174118,0.17052458226680756,0.24732574820518494,0.2669970989227295,0.20752090215682983,0.18958589434623718,0.27437108755111694,0.27625682950019836,0.22818338871002197,0.2609913647174835,0.2650114595890045,0.24203625321388245,0.23662030696868896,0.22298657894134521,0.2036018967628479,0.18467548489570618,0.16323286294937134,0.13713058829307556,0.10834600776433945,N
../data/DWT_NEW/N/New_N_023.wav,41.05016326904297,-25.63270378112793,41.25798797607422,-0.5258536338806152,-27.166656494140625,16.826839447021484,-14.038217544555664,11.036078453063965,-6.862424373626709,5.114141464233398,-3.5091042518615723,1.3970059156417847,2.1457443237304688,-3.271008014678955,1.0542501211166382,-0.26691699028015137,-0.663825273513794,-0.11959975957870483,1.0508363246917725,-1.2781070470809937,1.6494851112365723,-2.2667970657348633,1.420264482498169,-0.3023923635482788,2.4500679969787598,-0.542332649230957,1.1191315650939941,-0.23865032196044922,0.4651925563812256,-0.9024958610534668,0.7522885799407959,-0.590726375579834,-0.746874988079071,-0.48100805282592773,1.4444694519042969,-0.6364458203315735,-3.2037296295166016,-1.66607666015625,5.2465362548828125,11.19874382019043,0.16285070776939392,0.05756823346018791,0.035915639251470566,0.03970517963171005,0.056013770401477814,0.06715996563434601,0.06898632645606995,0.06443703174591064,0.064277783036232,0.07722054421901703,0.09265081584453583,0.09422163665294647,0.0770016610622406,0.06451209634542465,0.10453875362873077,0.14085757732391357,0.13816450536251068,0.09277072548866272,0.0516301728785038,0.07337324321269989,0.06476840376853943,0.1624365597963333,0.27544331550598145,0.2908833622932434,0.2035735845565796,0.10662428289651871,0.09109044075012207,0.15647509694099426,0.17638719081878662,0.1205047070980072,0.06606878340244293,0.05797781050205231,0.1118490919470787,0.16870345175266266,0.1674250066280365,0.19275912642478943,0.2201692759990692,0.19240283966064453,0.14500711858272552,0.10658736526966095,0.11177447438240051,0.16959476470947266,0.212812602519989,0.21543309092521667,0.1787295937538147,0.13415050506591797,0.15723934769630432,0.1983054280281067,0.19715610146522522,0.16346412897109985,0.15702477097511292,0.1737595945596695,0.16324394941329956,0.1443490982055664,0.14119696617126465,0.13088296353816986,0.11877863109111786,0.10769530385732651,0.09487534314393997,0.08739951997995377,0.07861190289258957,N
../data/DWT_NEW/N/New_N_057.wav,33.34536361694336,-6.221886157989502,45.19679260253906,-13.747986793518066,-24.958940505981445,28.51298713684082,-31.888267517089844,18.600360870361328,-5.570147514343262,-6.409849643707275,7.254129409790039,-6.212306976318359,1.979592204093933,-1.3225340843200684,1.9330830574035645,-3.023513078689575,2.7200145721435547,-3.0682551860809326,0.4315608739852905,-1.1201171875,-0.6094786524772644,-0.5239039063453674,-0.5205376148223877,-0.31107091903686523,-0.5231746435165405,0.3523341417312622,-1.2000972032546997,0.2669631540775299,-0.792925238609314,0.00711328350007534,0.5203355550765991,-0.6254103779792786,-0.9302810430526733,-0.8045839667320251,-0.6330615282058716,-1.143441915512085,-0.3081936836242676,-1.0983662605285645,-0.6163455247879028,-1.6597394943237305,0.17367973923683167,0.16454793512821198,0.15507060289382935,0.13394033908843994,0.10302024334669113,0.06678146123886108,0.033157818019390106,0.010278113186359406,0.015467405319213867,0.025778403505682945,0.03402581810951233,0.04243016615509987,0.07862945646047592,0.14680689573287964,0.20813244581222534,0.21873435378074646,0.15775705873966217,0.06938838958740234,0.08853559195995331,0.15868398547172546,0.27942052483558655,0.3391466736793518,0.2631215751171112,0.13053807616233826,0.08722430467605591,0.11883494257926941,0.13445061445236206,0.09342596679925919,0.0868312269449234,0.11455238610506058,0.20181718468666077,0.2221500724554062,0.17147469520568848,0.24818629026412964,0.23622813820838928,0.11025030165910721,0.058640994131565094,0.11087816953659058,0.21083196997642517,0.28351420164108276,0.24303027987480164,0.1678728461265564,0.05340500921010971,0.1975269764661789,0.2913123667240143,0.2438330054283142,0.08860167860984802,0.19013041257858276,0.280235230922699,0.18214601278305054,0.13217659294605255,0.2448083758354187,0.16725671291351318,0.15185591578483582,0.19782894849777222,0.08998143672943115,0.16520895063877106,0.07903441786766052,0.12284167110919952,0.0546332448720932,0.0831623524427414,N
../data/DWT_NEW/N/New_N_043.wav,27.20269775390625,-16.800891876220703,46.64306640625,-18.32773208618164,-26.230348587036133,28.487991333007812,-29.827363967895508,15.07889175415039,-4.479498386383057,-6.561748504638672,5.004648208618164,-5.246157646179199,1.457671880722046,-1.8321263790130615,1.3917402029037476,-2.141641616821289,1.3483625650405884,-0.8554133772850037,-0.46483731269836426,0.10430993139743805,-1.541260004043579,0.5377626419067383,-1.6728384494781494,0.9347447156906128,-2.0263454914093018,1.6020945310592651,-2.1191487312316895,1.1235244274139404,-1.5475836992263794,0.7256284952163696,-1.1274192333221436,-0.6634995341300964,-2.0528550148010254,-0.4278150796890259,-0.6073594093322754,-0.3581874370574951,-0.8357513546943665,-1.1144928932189941,0.09487128257751465,-0.2351410835981369,0.17552593350410461,0.12390035390853882,0.10894975811243057,0.08399683237075806,0.05401139706373215,0.031377505511045456,0.03376656770706177,0.03922288864850998,0.03298444300889969,0.028363913297653198,0.039421871304512024,0.03734540194272995,0.028009066358208656,0.08794863522052765,0.1493791937828064,0.17381520569324493,0.1477048695087433,0.12111035734415054,0.11617755889892578,0.09372401237487793,0.1850314438343048,0.25659364461898804,0.21382096409797668,0.12166716903448105,0.10670202970504761,0.10898201912641525,0.10694645345211029,0.06578046828508377,0.06176095828413963,0.10033266991376877,0.17647315561771393,0.2175743579864502,0.220237135887146,0.24369072914123535,0.22175262868404388,0.12824755907058716,0.06771674007177353,0.13087929785251617,0.23867368698120117,0.31110483407974243,0.2793392241001129,0.1786673367023468,0.08845418691635132,0.24468488991260529,0.337038516998291,0.2728884518146515,0.11420971155166626,0.24137446284294128,0.32522058486938477,0.20282238721847534,0.17746469378471375,0.2867835760116577,0.19005516171455383,0.19204464554786682,0.22732263803482056,0.13839977979660034,0.1925661712884903,0.12544526159763336,0.15037211775779724,0.10187084972858429,0.11280886828899384,N
../data/DWT_NEW/N/New_N_121.wav,33.663734436035156,-15.814266204833984,43.95451354980469,-18.66750717163086,-19.80467987060547,25.731855392456055,-31.94084358215332,18.846717834472656,-4.382950782775879,-6.7445573806762695,9.166101455688477,-5.213063716888428,1.1020011901855469,-0.3602469563484192,0.9694765210151672,-2.652604579925537,3.0180163383483887,-3.1364002227783203,-1.027786374092102,-0.7987532019615173,-1.0444958209991455,-0.7471290230751038,0.034411102533340454,-0.5292947292327881,-0.8911388516426086,0.8216785788536072,-1.8920589685440063,0.32617124915122986,0.17712542414665222,2.102287769317627,1.9442626237869263,1.5701344013214111,-1.5629061460494995,-0.2904999256134033,-0.79296875,0.29935431480407715,-0.3240440785884857,-0.6723449230194092,-1.3547645807266235,-1.0952469110488892,0.1796976774930954,0.10920529067516327,0.09444771707057953,0.07615441828966141,0.05619284510612488,0.03865461051464081,0.031219467520713806,0.034484319388866425,0.03847663104534149,0.03882046043872833,0.03729072958230972,0.03985939174890518,0.05435437336564064,0.08220510184764862,0.11153115332126617,0.13468512892723083,0.14494308829307556,0.14244605600833893,0.1453849971294403,0.17781011760234833,0.22931745648384094,0.2478903979063034,0.2015676200389862,0.11325417459011078,0.057326413691043854,0.10301549732685089,0.11546356230974197,0.0800800770521164,0.05609924718737602,0.07960821688175201,0.1439579725265503,0.11997765302658081,0.07357712835073471,0.17987120151519775,0.17407026886940002,0.07097650319337845,0.04234614968299866,0.038842905312776566,0.15304481983184814,0.2052435278892517,0.20271137356758118,0.1346914917230606,0.045132435858249664,0.16943004727363586,0.25447219610214233,0.21888527274131775,0.09489251673221588,0.18901899456977844,0.2663488984107971,0.1805345118045807,0.15869559347629547,0.2449946254491806,0.18295511603355408,0.18093270063400269,0.20578496158123016,0.16070276498794556,0.17866787314414978,0.15193253755569458,0.1495000422000885,0.1297750025987625,0.11943444609642029,N
../data/DWT_NEW/N/New_N_050.wav,32.145084381103516,-22.893768310546875,40.450775146484375,-17.361209869384766,-20.44583511352539,23.796995162963867,-27.71324920654297,16.584739685058594,-6.363945484161377,-2.6077351570129395,6.414017677307129,-5.8886003494262695,3.598245143890381,-1.3896358013153076,-0.19501075148582458,-0.21039634943008423,0.8760402798652649,-1.6571152210235596,-0.1789911538362503,-0.9578778743743896,-1.3471134901046753,0.32782241702079773,-1.1477283239364624,0.6508811712265015,-0.9758062958717346,0.395118772983551,-1.179012417793274,1.018209457397461,0.15590806305408478,2.333517074584961,1.2641830444335938,0.464791476726532,-0.8614816665649414,-0.4168751835823059,-0.3332623839378357,0.15195029973983765,-0.5003983974456787,-0.6387531161308289,-0.7343866229057312,-1.1668510437011719,0.17717355489730835,0.0886683240532875,0.07333392649888992,0.05436394363641739,0.03380304574966431,0.019483568146824837,0.028227634727954865,0.04338143393397331,0.053870558738708496,0.05850789695978165,0.059138938784599304,0.05809841677546501,0.05807313323020935,0.06464701890945435,0.0771389752626419,0.09446495771408081,0.10737837851047516,0.11198289692401886,0.12193494290113449,0.15084025263786316,0.1883494257926941,0.19895267486572266,0.15898366272449493,0.0851370096206665,0.03952115774154663,0.09212420135736465,0.10683716088533401,0.08063538372516632,0.06387264281511307,0.06957090646028519,0.11309121549129486,0.10069229453802109,0.05428318306803703,0.1516798436641693,0.15903477370738983,0.07743150740861893,0.04773140698671341,0.0287504643201828,0.12195239961147308,0.175114244222641,0.1753501296043396,0.1236128881573677,0.033171147108078,0.1392383575439453,0.21700549125671387,0.19084416329860687,0.08523133397102356,0.16210871934890747,0.23041370511054993,0.160145565867424,0.1427614986896515,0.21386054158210754,0.16751934587955475,0.1669289767742157,0.18944042921066284,0.15438494086265564,0.1717267632484436,0.14902669191360474,0.1501794159412384,0.1334356963634491,0.12877842783927917,N
../data/DWT_NEW/N/New_N_136.wav,15.764719009399414,-9.757837295532227,38.59173583984375,-8.307733535766602,-38.3345947265625,21.757770538330078,-19.10250473022461,17.06640625,-11.793514251708984,-0.5920902490615845,5.868148326873779,-4.776763916015625,1.8614500761032104,-2.678734302520752,2.6428375244140625,-2.4960107803344727,1.6974883079528809,-2.8332700729370117,1.5787750482559204,-1.2766447067260742,-0.1448395550251007,-1.587347388267517,-2.087684154510498,-0.4403192102909088,-0.8219518065452576,1.6180623769760132,-1.7546486854553223,0.38589775562286377,-2.127458095550537,0.7659361362457275,-1.4095200300216675,0.6129420399665833,-1.304880142211914,0.26690176129341125,-1.2267779111862183,0.2226133644580841,-0.6373576521873474,-0.5195246934890747,-0.9541401267051697,-0.6984051465988159,0.12813542783260345,0.08333779871463776,0.10457521677017212,0.12160968035459518,0.13091839849948883,0.12919440865516663,0.11569544672966003,0.09045946598052979,0.056179992854595184,0.020973972976207733,0.0219886414706707,0.039464015513658524,0.03729982674121857,0.019915342330932617,0.06508319079875946,0.1290925294160843,0.17289572954177856,0.16807611286640167,0.11281637847423553,0.05259498953819275,0.04950564354658127,0.05739649757742882,0.1306583136320114,0.18629100918769836,0.16308188438415527,0.09684068709611893,0.0510748028755188,0.08769702911376953,0.12377814948558807,0.11410526186227798,0.07700769603252411,0.11970200389623642,0.17530754208564758,0.15901456773281097,0.14099812507629395,0.15663668513298035,0.13138149678707123,0.11023874580860138,0.13440854847431183,0.17098119854927063,0.2017861008644104,0.19405806064605713,0.1514360010623932,0.12609931826591492,0.18998083472251892,0.23251354694366455,0.2004709541797638,0.11813488602638245,0.20633146166801453,0.23144084215164185,0.1684105098247528,0.18320094048976898,0.20502129197120667,0.16657081246376038,0.16908064484596252,0.16062460839748383,0.14458538591861725,0.13303743302822113,0.1230197623372078,0.11119185388088226,0.10028012841939926,N
../data/DWT_NEW/N/New_N_081.wav,30.81340217590332,-25.63928985595703,42.097660064697266,-13.082221984863281,-44.86245346069336,6.934762954711914,-26.85974884033203,21.222064971923828,-10.481938362121582,-10.093751907348633,5.676716327667236,-2.722144603729248,3.1696128845214844,-5.964761734008789,1.2890379428863525,0.21051812171936035,1.3987178802490234,-2.9231810569763184,0.31812143325805664,0.4394831657409668,1.9514353275299072,-0.44483426213264465,-3.085205078125,0.2792360186576843,-1.2039382457733154,2.271383285522461,-2.210008144378662,0.16724541783332825,-2.9784066677093506,-1.2609388828277588,-4.245187759399414,-1.363044023513794,-1.1842460632324219,0.8036101460456848,-3.107908248901367,-4.059347629547119,-0.6653227210044861,0.733839213848114,0.48103034496307373,-1.123037338256836,0.19244487583637238,0.05815625190734863,0.06427569687366486,0.0649995356798172,0.05911760777235031,0.046647027134895325,0.030211979523301125,0.014104433357715607,0.006709321402013302,0.007445559836924076,0.0036785798147320747,0.01205211691558361,0.01997033692896366,0.022269688546657562,0.0610528290271759,0.1090344488620758,0.1358829140663147,0.11830374598503113,0.06630384176969528,0.03842005506157875,0.040471501648426056,0.08887404203414917,0.15984469652175903,0.16577744483947754,0.10468652844429016,0.04137413203716278,0.03662748634815216,0.046098269522190094,0.04635824263095856,0.04352179914712906,0.0888831838965416,0.18193693459033966,0.19591587781906128,0.15463346242904663,0.1722084879875183,0.14249613881111145,0.04104391485452652,0.12152214348316193,0.1983007788658142,0.2827549874782562,0.2798258066177368,0.19299453496932983,0.11966603994369507,0.2663081884384155,0.3748553395271301,0.31964606046676636,0.19590793550014496,0.32891279458999634,0.4047437608242035,0.28574612736701965,0.30114370584487915,0.3731510639190674,0.28265994787216187,0.29222822189331055,0.28737711906433105,0.23021450638771057,0.2296791970729828,0.1865106225013733,0.16348236799240112,0.1323210895061493,0.1074623093008995,N
../data/DWT_NEW/N/New_N_064.wav,31.943321228027344,-20.821239471435547,42.52280807495117,-12.324542999267578,-24.045494079589844,25.049205780029297,-27.849720001220703,15.412017822265625,-3.97003173828125,-4.813633918762207,7.253268241882324,-5.508632183074951,3.2734084129333496,-3.081831932067871,2.168884754180908,-2.0175628662109375,1.779710292816162,-1.6381300687789917,-0.8784582614898682,-0.7582560777664185,-1.6052460670471191,0.6493397951126099,-1.5613865852355957,1.883195400238037,-2.63316011428833,1.6933908462524414,-2.7937397956848145,2.039886951446533,-1.1560180187225342,3.3709731101989746,0.3400377929210663,1.2420637607574463,-2.305989980697632,-0.04264330863952637,-1.007947325706482,0.3904775083065033,-0.3177219331264496,-0.7397812008857727,-1.1852320432662964,-1.4953525066375732,0.17844273149967194,0.11169248819351196,0.0937429815530777,0.06976573169231415,0.04384120553731918,0.030013248324394226,0.04277776554226875,0.05774964764714241,0.06239176541566849,0.05690532177686691,0.0485859178006649,0.04542906582355499,0.049223847687244415,0.07214375585317612,0.10563035309314728,0.13630887866020203,0.14475232362747192,0.12710395455360413,0.10961829870939255,0.13342535495758057,0.19607654213905334,0.2343098223209381,0.19925835728645325,0.10690933465957642,0.0375807099044323,0.09461279213428497,0.11968962848186493,0.09391064941883087,0.06739284098148346,0.05030551552772522,0.13127532601356506,0.13783863186836243,0.06661836057901382,0.17112745344638824,0.19001317024230957,0.099205881357193,0.06469215452671051,0.04729509353637695,0.14002028107643127,0.20884381234645844,0.21252471208572388,0.15487051010131836,0.0632227286696434,0.15973636507987976,0.2505401372909546,0.22759975492954254,0.11469721049070358,0.18125739693641663,0.2615160048007965,0.18942953646183014,0.16065070033073425,0.23788082599639893,0.18603290617465973,0.17820793390274048,0.19769035279750824,0.15844473242759705,0.1668364703655243,0.1448742151260376,0.1381172239780426,0.12403732538223267,0.1164843887090683,N
../data/DWT_NEW/N/New_N_047.wav,33.41826629638672,-11.105907440185547,48.57680892944336,-18.394207000732422,-18.300447463989258,30.241436004638672,-34.27666473388672,19.019859313964844,-2.955096960067749,-5.957240581512451,5.633346080780029,-1.425891637802124,-1.0784157514572144,0.5872135758399963,0.43759965896606445,-1.0885517597198486,-0.41115647554397583,0.8696094751358032,-2.198779582977295,0.6466350555419922,-1.8944413661956787,0.33471351861953735,-1.4290311336517334,1.7233939170837402,-2.1251180171966553,0.8220089077949524,-1.8333609104156494,1.152032732963562,-0.09325402975082397,2.2381680011749268,0.22677984833717346,0.4045790731906891,-0.8802033066749573,0.3999937176704407,-0.7060083746910095,0.33552414178848267,-0.5691690444946289,-0.7315312623977661,-0.8971679210662842,-0.3492708206176758,0.17941565811634064,0.13163651525974274,0.0944141149520874,0.051260173320770264,0.011394819244742393,0.03702952712774277,0.06666295975446701,0.08176286518573761,0.07854734361171722,0.05662594735622406,0.02195349521934986,0.05253487452864647,0.10657932609319687,0.13589763641357422,0.1136060506105423,0.06605391949415207,0.16552796959877014,0.23592832684516907,0.1991046965122223,0.1371763050556183,0.2667979598045349,0.3017385005950928,0.2106030285358429,0.15925224125385284,0.14634212851524353,0.13533112406730652,0.14536027610301971,0.10466410219669342,0.1080871969461441,0.15114355087280273,0.22477896511554718,0.2553560435771942,0.25446203351020813,0.2877563536167145,0.25607043504714966,0.14132317900657654,0.09970720112323761,0.1616572141647339,0.2662697434425354,0.3221864104270935,0.2879939079284668,0.1796768605709076,0.10952529311180115,0.24794882535934448,0.32259857654571533,0.2560698390007019,0.11668503284454346,0.22868575155735016,0.28983867168426514,0.18895336985588074,0.1782909631729126,0.24597875773906708,0.1781853437423706,0.18106426298618317,0.1889808028936386,0.14977432787418365,0.1566755175590515,0.129216730594635,0.12136495113372803,0.10172735899686813,0.08864467591047287,N
../data/DWT_NEW/N/New_N_192.wav,35.86212158203125,-25.779359817504883,43.044036865234375,-4.602575302124023,-27.759639739990234,18.003271102905273,-17.64987564086914,12.78050422668457,-8.208273887634277,0.9588982462882996,0.7180169820785522,1.0101995468139648,-0.11679217219352722,-3.7159886360168457,2.6325767040252686,-2.6953115463256836,1.260386347770691,-1.625490665435791,2.1267714500427246,-2.092881441116333,2.5081188678741455,-3.7585723400115967,1.8378825187683105,-2.26045560836792,1.69667387008667,0.42231202125549316,2.2694411277770996,-1.4636142253875732,0.7175104022026062,0.10422277450561523,-0.1433890014886856,-1.4374072551727295,0.11423182487487793,1.493234634399414,-0.6439372897148132,-1.5913877487182617,-2.132133960723877,-0.38375163078308105,5.127113342285156,13.184188842773438,0.16694790124893188,0.06714325398206711,0.048573046922683716,0.05018702149391174,0.06401649862527847,0.07428690791130066,0.07374580204486847,0.059820253401994705,0.03474262356758118,0.015064454637467861,0.0377667099237442,0.05230611935257912,0.049419984221458435,0.05163222551345825,0.08747336268424988,0.11328313499689102,0.10295557975769043,0.05867108702659607,0.05467650294303894,0.08311472088098526,0.07389626652002335,0.16942743957042694,0.27342450618743896,0.2833322286605835,0.20124566555023193,0.12099331617355347,0.11206318438053131,0.16876262426376343,0.18753239512443542,0.13894763588905334,0.07011064141988754,0.053589701652526855,0.1266937255859375,0.17643582820892334,0.18397082388401031,0.22814273834228516,0.2599911391735077,0.22488325834274292,0.16395241022109985,0.11068375408649445,0.13204023241996765,0.2086610198020935,0.2579030394554138,0.252435564994812,0.19261357188224792,0.1401999145746231,0.19071409106254578,0.23120301961898804,0.21028649806976318,0.16190901398658752,0.16586391627788544,0.1803014725446701,0.16176101565361023,0.14496679604053497,0.14108224213123322,0.1295887976884842,0.1181786060333252,0.10467469692230225,0.09005791693925858,0.07589907944202423,0.05908801406621933,N
../data/DWT_NEW/N/New_N_175.wav,34.746192932128906,-30.749439239501953,34.05792999267578,-20.336395263671875,-25.42023277282715,14.863683700561523,-23.8836669921875,15.619422912597656,-8.022174835205078,-2.2622010707855225,0.9752683043479919,1.2993861436843872,-3.394394874572754,0.8393754959106445,2.429891586303711,-3.463866710662842,0.37763160467147827,0.18417516350746155,-1.2182080745697021,0.35599806904792786,0.5807476043701172,-2.24743390083313,1.7296509742736816,0.24277114868164062,2.0632987022399902,0.813166618347168,0.703016459941864,-1.5408912897109985,0.658200740814209,-0.07681858539581299,0.09850145876407623,-0.7732951641082764,-0.24885502457618713,-0.857458233833313,1.8308932781219482,-0.284403920173645,-3.567237615585327,-2.768733024597168,5.564091682434082,14.85832405090332,0.17062436044216156,0.05304860696196556,0.035050779581069946,0.016992682591080666,0.007202932611107826,0.018619578331708908,0.026877235621213913,0.02812374383211136,0.022121518850326538,0.014816556125879288,0.023463048040866852,0.03783441707491875,0.047572486102581024,0.053045883774757385,0.05928511545062065,0.06784471869468689,0.06680968403816223,0.0474061593413353,0.02371327206492424,0.030215512961149216,0.030708152800798416,0.0856533944606781,0.16073369979858398,0.1884309947490692,0.14767305552959442,0.08400566875934601,0.053057484328746796,0.09218579530715942,0.12387293577194214,0.10381807386875153,0.056321851909160614,0.031122758984565735,0.08410469442605972,0.12902101874351501,0.13206833600997925,0.1567414104938507,0.19003120064735413,0.17083564400672913,0.12181706726551056,0.07832707464694977,0.10097536444664001,0.1653679609298706,0.20775866508483887,0.20669427514076233,0.16014628112316132,0.11048376560211182,0.1627742052078247,0.20665809512138367,0.19378793239593506,0.14750367403030396,0.15809893608093262,0.17850099503993988,0.158432275056839,0.14257724583148956,0.1408485621213913,0.12705262005329132,0.1144241988658905,0.10289689153432846,0.09039586037397385,0.07704579085111618,0.06371629238128662,N
../data/DWT_NEW/N/New_N_196.wav,55.80796813964844,-60.47367858886719,8.884700775146484,-37.55845642089844,0.23524236679077148,1.5991299152374268,1.5725675821304321,-5.937288284301758,9.226814270019531,-4.977869033813477,4.124000549316406,-2.562755584716797,1.5544233322143555,0.17615008354187012,-0.750196099281311,0.7585433721542358,-1.0606257915496826,0.24518434703350067,0.4336366057395935,-0.8001005053520203,-0.7916804552078247,-0.5214447379112244,0.24081815779209137,0.7434777021408081,0.506037712097168,-0.4364272356033325,-0.9002662897109985,-1.0221099853515625,-0.7412197589874268,0.1253320276737213,0.07686138153076172,-0.5239155292510986,-0.2702970504760742,-0.4825713038444519,-0.1885753870010376,-0.4964836835861206,-0.26685401797294617,-0.2614244818687439,0.2336866557598114,0.7570874691009521,0.25247156620025635,0.024229630827903748,0.0213397815823555,0.019385896623134613,0.021704861894249916,0.029230013489723206,0.038902923464775085,0.046777430921792984,0.04907938092947006,0.04396317899227142,0.0327732115983963,0.026781126856803894,0.040606725960969925,0.05656491219997406,0.06120277941226959,0.053076379001140594,0.03919200599193573,0.03468584641814232,0.039711907505989075,0.04316221922636032,0.049970269203186035,0.05679495632648468,0.05409429222345352,0.04939967766404152,0.059815600514411926,0.05939050391316414,0.044707201421260834,0.037171997129917145,0.033758290112018585,0.04312370717525482,0.054703615605831146,0.05894351005554199,0.041725680232048035,0.0396769754588604,0.04649250581860542,0.04922010749578476,0.06625524163246155,0.07625384628772736,0.075752854347229,0.0740329921245575,0.07046311348676682,0.07743613421916962,0.0938691794872284,0.1055692732334137,0.10159309208393097,0.09342588484287262,0.1093541830778122,0.12391643226146698,0.11823929846286774,0.11710211634635925,0.13859204947948456,0.1372528374195099,0.13751140236854553,0.1556573212146759,0.15495677292346954,0.16532841324806213,0.17065049707889557,0.17536024749279022,0.17679286003112793,0.1736476719379425,0.16819065809249878,N
../data/DWT_NEW/N/New_N_056.wav,31.359439849853516,-21.306270599365234,45.890132904052734,-9.89655876159668,-21.205150604248047,20.93722915649414,-24.536182403564453,15.631507873535156,-4.11322546005249,-6.609438896179199,10.163568496704102,-8.382621765136719,5.643956184387207,-3.7852044105529785,1.0363831520080566,-1.8434243202209473,2.795865535736084,-2.0429141521453857,-0.33044344186782837,-1.2976598739624023,-2.7120866775512695,1.7453532218933105,-2.0081393718719482,1.2372870445251465,-1.943519949913025,1.6033005714416504,-3.0116775035858154,1.2196929454803467,-0.2692566514015198,3.510563850402832,1.371866226196289,-0.27219313383102417,-1.8739882707595825,-1.1752707958221436,0.5185555815696716,0.48304858803749084,-0.40349310636520386,-2.332277297973633,-0.17197185754776,-0.5153076648712158,0.1757846474647522,0.10606048256158829,0.07755909860134125,0.04840908572077751,0.030494924634695053,0.037861354649066925,0.050791263580322266,0.05703453719615936,0.05469633266329765,0.043565813452005386,0.022085007280111313,0.028600219637155533,0.07501257210969925,0.11373165249824524,0.11434981971979141,0.09238220751285553,0.14255870878696442,0.19369931519031525,0.1638099104166031,0.11516696214675903,0.23395299911499023,0.2660546898841858,0.18790213763713837,0.137135311961174,0.12311267852783203,0.11542468518018723,0.12135398387908936,0.08792661875486374,0.08290320634841919,0.10495433211326599,0.18687237799167633,0.21466025710105896,0.20734187960624695,0.24813978374004364,0.236806720495224,0.13511453568935394,0.0746273323893547,0.119931161403656,0.21728742122650146,0.2851294279098511,0.26883190870285034,0.18193767964839935,0.09282800555229187,0.2136932611465454,0.30008575320243835,0.2579006552696228,0.13942675292491913,0.21584689617156982,0.28871750831604004,0.20755477249622345,0.18236494064331055,0.2557263672351837,0.19636380672454834,0.19070973992347717,0.2093200385570526,0.16090859472751617,0.1784009039402008,0.14401070773601532,0.14364519715309143,0.12020879983901978,0.11088021844625473,N
../data/DWT_NEW/N/New_N_051.wav,37.25402069091797,-8.482580184936523,47.395530700683594,-11.625556945800781,-22.862667083740234,26.400876998901367,-28.525096893310547,18.774707794189453,-5.984814167022705,-7.19978141784668,8.764488220214844,-6.5277557373046875,2.799772262573242,-1.10435152053833,1.7554118633270264,-3.423337936401367,3.362311840057373,-2.947441339492798,0.1449117511510849,-0.7803342342376709,-0.969883143901825,0.08933907747268677,-0.9272538423538208,0.03735339641571045,-1.320594310760498,1.8395366668701172,-1.953373908996582,0.9789586067199707,-1.4315927028656006,1.3111764192581177,-0.1526607871055603,0.23041808605194092,-2.044604778289795,0.14006516337394714,-0.015508770942687988,0.18480747938156128,-0.8649584650993347,-1.5123836994171143,-0.17266136407852173,-0.447313517332077,0.17823581397533417,0.16528432071208954,0.13574904203414917,0.09942670166492462,0.06663928180932999,0.056326236575841904,0.06577108055353165,0.06673938035964966,0.04729493334889412,0.017045920714735985,0.054902493953704834,0.09758741408586502,0.13002382218837738,0.15993070602416992,0.1891629546880722,0.19977186620235443,0.16952767968177795,0.10077645629644394,0.09179498255252838,0.2307303249835968,0.3471885919570923,0.3464919924736023,0.22787949442863464,0.08488407731056213,0.10738641023635864,0.18993711471557617,0.1688668429851532,0.08422359079122543,0.07563237100839615,0.1685134917497635,0.21519175171852112,0.1525058150291443,0.24571436643600464,0.30210912227630615,0.2032848298549652,0.16746950149536133,0.09265188872814178,0.13350732624530792,0.24166852235794067,0.30349844694137573,0.30410993099212646,0.19307971000671387,0.10237514227628708,0.23932698369026184,0.33875778317451477,0.2825716733932495,0.1295073926448822,0.23857234418392181,0.3219831585884094,0.20565834641456604,0.17538151144981384,0.2775900363922119,0.17696623504161835,0.17930692434310913,0.2106916308403015,0.09471108019351959,0.17118442058563232,0.07294740527868271,0.12000509351491928,0.0400153286755085,0.07459256798028946,N
../data/DWT_NEW/N/New_N_168.wav,48.13966369628906,-25.183700561523438,47.33783721923828,-6.445741653442383,-26.61422348022461,16.560192108154297,-13.726095199584961,10.308659553527832,-7.880970001220703,2.0794246196746826,3.3156542778015137,-1.3253462314605713,-0.7239348888397217,-2.7877278327941895,2.7581863403320312,-4.798403739929199,1.5794403553009033,-1.4909032583236694,2.549398422241211,-2.3936262130737305,1.7951815128326416,-1.9979150295257568,0.9005600214004517,-1.1849881410598755,2.5220746994018555,2.4376959800720215,3.1929454803466797,0.07168084383010864,-0.0726669430732727,0.345247745513916,0.021356120705604553,-0.20524977147579193,0.14996391534805298,1.2752411365509033,0.45041224360466003,-2.34165096282959,-3.2882254123687744,1.229981780052185,6.744815826416016,10.647628784179688,0.18185126781463623,0.11696476489305496,0.0961991399526596,0.08445736020803452,0.08511169999837875,0.09347732365131378,0.10206250846385956,0.10506804287433624,0.09986434876918793,0.08786620944738388,0.07084029912948608,0.04878382757306099,0.023842906579375267,0.03754006326198578,0.0718345195055008,0.09334211051464081,0.09155760705471039,0.07867364585399628,0.0907646045088768,0.09648438543081284,0.08057200908660889,0.19507166743278503,0.3048098087310791,0.3226161599159241,0.23632214963436127,0.11241396516561508,0.04519500583410263,0.13568295538425446,0.179521843791008,0.14731404185295105,0.10375899076461792,0.1045122817158699,0.1475578248500824,0.17250217497348785,0.15692138671875,0.2051684856414795,0.2454051971435547,0.20838609337806702,0.14049649238586426,0.08567072451114655,0.1298830360174179,0.20159316062927246,0.2422516644001007,0.23242923617362976,0.1709481179714203,0.10368602722883224,0.17389020323753357,0.2095605731010437,0.18427279591560364,0.1285722255706787,0.14008796215057373,0.15141484141349792,0.12741616368293762,0.11083667725324631,0.10650931298732758,0.09507241100072861,0.08596045523881912,0.08005747944116592,0.07578860223293304,0.07461713999509811,0.0715634673833847,N
../data/DWT_NEW/N/New_N_084.wav,34.98287582397461,-21.15835952758789,43.080657958984375,-8.748321533203125,-37.57301330566406,10.69198226928711,-24.51674461364746,18.128765106201172,-5.006553649902344,-6.265076637268066,7.39017391204834,-6.454048156738281,5.483698844909668,-4.040985107421875,2.3898494243621826,-2.836190700531006,1.308704137802124,-1.6067390441894531,2.0691096782684326,-0.4283491373062134,0.5679807662963867,0.06543532013893127,-1.8699052333831787,1.3608795404434204,-2.082117795944214,1.958177089691162,-2.2951574325561523,1.6233556270599365,-2.8159737586975098,-1.1878294944763184,-4.835726261138916,-0.8076744079589844,-0.40726804733276367,0.7698478102684021,-2.2311086654663086,-3.039058208465576,-0.8755725622177124,0.1851085126399994,1.3054587841033936,-2.463240385055542,0.18250678479671478,0.07788687944412231,0.08431366831064224,0.08299946784973145,0.07195108383893967,0.051198676228523254,0.025283385068178177,0.01793341524899006,0.04052747040987015,0.05710020661354065,0.06224130094051361,0.05374154448509216,0.03103085607290268,0.031957611441612244,0.09609657526016235,0.16132351756095886,0.18699009716510773,0.14867836236953735,0.07848089188337326,0.09372422844171524,0.09027990698814392,0.1338166743516922,0.21390008926391602,0.19859907031059265,0.12035846710205078,0.079890176653862,0.053167879581451416,0.03535408526659012,0.0665668472647667,0.06713128089904785,0.13244280219078064,0.2249961942434311,0.22926735877990723,0.1911652386188507,0.19127187132835388,0.14408917725086212,0.046203888952732086,0.13072502613067627,0.22615858912467957,0.30730485916137695,0.29607200622558594,0.1950031816959381,0.10799497365951538,0.27872759103775024,0.38776665925979614,0.3223858177661896,0.17628587782382965,0.3199988603591919,0.40483373403549194,0.278084397315979,0.28721264004707336,0.3776004910469055,0.2765812575817108,0.28577589988708496,0.27880382537841797,0.21101240813732147,0.2111021727323532,0.16213096678256989,0.13927069306373596,0.09579651057720184,0.06164408475160599,N
../data/DWT_NEW/N/New_N_182.wav,38.322425842285156,-30.105796813964844,31.029842376708984,-15.838871002197266,-34.78218078613281,13.73902702331543,-19.680307388305664,11.317867279052734,-11.90192699432373,5.7089433670043945,-3.489298105239868,-0.596143364906311,-0.18071672320365906,1.1572550535202026,-1.3734652996063232,0.5499567985534668,-2.498262643814087,-0.8908143043518066,-1.1988215446472168,-1.0924694538116455,-0.21428942680358887,0.16740363836288452,1.6212694644927979,3.6843197345733643,3.32425594329834,1.0563366413116455,-0.09952959418296814,-1.1788711547851562,-0.543060302734375,-0.5800280570983887,-0.5336642861366272,-2.77614164352417,-1.30122971534729,-2.265420436859131,0.36684173345565796,-2.498695135116577,-3.536672592163086,-4.392745018005371,1.9959183931350708,8.166280746459961,0.16913190484046936,0.05049235746264458,0.039335787296295166,0.027549585327506065,0.0168084017932415,0.012123556807637215,0.017177719622850418,0.023850969970226288,0.028622187674045563,0.031867582350969315,0.0359891913831234,0.04362836107611656,0.05472236126661301,0.06488920748233795,0.07123707234859467,0.0647505521774292,0.04388376325368881,0.0196226816624403,0.03172116354107857,0.03101162426173687,0.04972050338983536,0.11306285858154297,0.16084951162338257,0.15818992257118225,0.11081197112798691,0.07005799561738968,0.05632168427109718,0.060914069414138794,0.07602076232433319,0.06979086995124817,0.04908159747719765,0.04694648087024689,0.10186932981014252,0.1270396113395691,0.11767807602882385,0.13762788474559784,0.16418278217315674,0.14704059064388275,0.10276418924331665,0.06977473199367523,0.09843012690544128,0.15141302347183228,0.1825714409351349,0.1755649745464325,0.13171792030334473,0.09231934696435928,0.13752985000610352,0.16913092136383057,0.14963120222091675,0.09420670568943024,0.11077567934989929,0.11970840394496918,0.09133513271808624,0.0729365199804306,0.06503264605998993,0.048583023250103,0.031603965908288956,0.020174995064735413,0.013877186924219131,0.022092318162322044,0.032225415110588074,N
../data/DWT_NEW/N/New_N_138.wav,17.443477630615234,-13.029512405395508,38.90555953979492,-20.385604858398438,-31.162059783935547,11.376330375671387,-21.820858001708984,19.203153610229492,-8.397392272949219,-11.889768600463867,13.623857498168945,-7.868254661560059,1.4484809637069702,-1.9576717615127563,1.6638696193695068,-3.480691432952881,4.011691093444824,-3.901843547821045,0.3007630705833435,1.5379431247711182,-2.9839532375335693,0.755663275718689,-2.268540382385254,0.30442872643470764,-2.3099899291992188,3.1068849563598633,-2.797206163406372,2.190770149230957,-2.947150945663452,-0.1894238144159317,-0.8192183971405029,0.8606245517730713,-1.0989203453063965,-0.3609619736671448,-0.82499098777771,-0.43835514783859253,0.5937206149101257,-1.7246931791305542,-1.0102683305740356,-0.8661344647407532,0.12894736230373383,0.043935373425483704,0.06159570813179016,0.07617390155792236,0.0849413126707077,0.08531264215707779,0.07635961472988129,0.05788242071866989,0.03259284794330597,0.017880193889141083,0.039530426263809204,0.05423976853489876,0.048929691314697266,0.02254394069314003,0.053648002445697784,0.10682494938373566,0.13504883646965027,0.11775848269462585,0.06571843475103378,0.052993837743997574,0.0707564651966095,0.06064219772815704,0.10178394615650177,0.13974857330322266,0.11857026070356369,0.07317371666431427,0.05501077324151993,0.07437405735254288,0.09920170903205872,0.09423390030860901,0.08179940283298492,0.1294766217470169,0.165194571018219,0.1447198987007141,0.13440844416618347,0.14006926119327545,0.11263597011566162,0.1118994951248169,0.14316126704216003,0.1802006959915161,0.2064378261566162,0.19023731350898743,0.13962890207767487,0.13302753865718842,0.20543214678764343,0.24420806765556335,0.20003743469715118,0.1213429719209671,0.22306883335113525,0.2454720288515091,0.17804992198944092,0.1998109072446823,0.21785417199134827,0.18246766924858093,0.17912840843200684,0.1671719253063202,0.15010489523410797,0.13254569470882416,0.11648446321487427,0.09708082675933838,0.07619842886924744,N
../data/DWT_NEW/N/New_N_139.wav,13.381828308105469,-2.5765678882598877,47.84580993652344,-21.11212730407715,-39.80479431152344,24.39090347290039,-28.552106857299805,18.678619384765625,-10.376819610595703,-7.548835754394531,8.991836547851562,-5.391258239746094,-1.5150307416915894,-0.12713682651519775,0.9487382769584656,-3.793393135070801,3.0080060958862305,-4.212849140167236,1.32368803024292,0.24352894723415375,-2.1499879360198975,-1.2684581279754639,-1.2851001024246216,-0.8602131605148315,-0.629624605178833,1.790995478630066,-2.4056601524353027,0.8316294550895691,-2.2880167961120605,-0.23369133472442627,-0.7480164170265198,0.584683358669281,-1.0872914791107178,-0.08484965562820435,-1.2793965339660645,-0.23248866200447083,0.17663948237895966,-1.3074097633361816,-1.3586626052856445,-0.8400334119796753,0.13996699452400208,0.0606670118868351,0.07062798738479614,0.07709935307502747,0.07816773653030396,0.07278032600879669,0.062337327748537064,0.050044022500514984,0.042884692549705505,0.04694470018148422,0.05474686622619629,0.0544261634349823,0.04324617609381676,0.05788864195346832,0.09802474826574326,0.14143922924995422,0.16294056177139282,0.14246034622192383,0.0862448513507843,0.05091901868581772,0.06606647372245789,0.06286223977804184,0.13176150619983673,0.17349284887313843,0.1436750292778015,0.08046180009841919,0.06056273356080055,0.08490772545337677,0.11395661532878876,0.11033783853054047,0.09569237381219864,0.16077592968940735,0.21166905760765076,0.1862882524728775,0.15907785296440125,0.1664537787437439,0.13839823007583618,0.135650172829628,0.184824138879776,0.22770172357559204,0.253750741481781,0.2255001664161682,0.167005717754364,0.17433157563209534,0.2581896185874939,0.2920284867286682,0.23274679481983185,0.17176614701747894,0.2750551700592041,0.2881918251514435,0.21977317333221436,0.25171220302581787,0.2643413543701172,0.2323351353406906,0.22922730445861816,0.21476666629314423,0.1947128176689148,0.1744082272052765,0.15518847107887268,0.13184136152267456,0.1105317771434784,N
../data/DWT_NEW/N/New_N_029.wav,58.20806121826172,-22.76813316345215,39.349281311035156,-0.01023954153060913,-21.504390716552734,11.034981727600098,-16.045907974243164,13.316978454589844,-9.669236183166504,2.591215133666992,2.653925657272339,-2.302426338195801,1.3474059104919434,-3.5464320182800293,1.2834439277648926,-2.7070090770721436,1.7496684789657593,-1.5527904033660889,2.5968613624572754,-2.324814796447754,1.7375893592834473,-2.511988639831543,0.9246546626091003,-1.184638500213623,2.5895118713378906,0.9294086694717407,2.848522186279297,0.8711663484573364,0.9642356634140015,-1.3493974208831787,-0.3902463912963867,-0.44518232345581055,1.8413634300231934,1.921830177307129,1.5240099430084229,-3.488032341003418,-4.0510454177856445,2.11497163772583,10.149617195129395,10.426719665527344,0.182564839720726,0.10901625454425812,0.07847368717193604,0.06474954634904861,0.07779751718044281,0.10156021267175674,0.12102667987346649,0.12846940755844116,0.11976133286952972,0.09578192234039307,0.060085371136665344,0.022139210253953934,0.043621283024549484,0.0831051841378212,0.1121465265750885,0.11401551961898804,0.08626691997051239,0.06907113641500473,0.11169558763504028,0.12166385352611542,0.08829639106988907,0.20893019437789917,0.32920050621032715,0.34419453144073486,0.24817892909049988,0.13292574882507324,0.08476361632347107,0.16206523776054382,0.21514877676963806,0.19219648838043213,0.15312299132347107,0.1350705623626709,0.1587105393409729,0.17802675068378448,0.16197046637535095,0.21729035675525665,0.2715893089771271,0.25101643800735474,0.19069069623947144,0.13864482939243317,0.13039299845695496,0.19276830554008484,0.2435854971408844,0.25383931398391724,0.20856845378875732,0.1271931380033493,0.15472200512886047,0.2060842514038086,0.20044636726379395,0.14592880010604858,0.1234874427318573,0.1493833065032959,0.134794682264328,0.10337859392166138,0.09481945633888245,0.08404985070228577,0.06802166998386383,0.05763375014066696,0.04623807966709137,0.035728540271520615,0.026989363133907318,N
../data/DWT_NEW/N/New_N_097.wav,38.166717529296875,-23.727216720581055,46.181480407714844,-25.884559631347656,-42.33164596557617,7.9957451820373535,-21.831340789794922,8.311746597290039,-9.897539138793945,-6.434405326843262,7.953741073608398,-8.590059280395508,0.6921428442001343,-5.348132610321045,0.18053710460662842,-1.5692055225372314,-1.6179224252700806,-2.5776522159576416,-0.07857456803321838,-0.6292697191238403,1.1105103492736816,2.8220772743225098,-0.9986483454704285,-0.017753280699253082,-1.2112913131713867,2.032565116882324,-1.1533327102661133,-2.0993518829345703,-5.538898468017578,-3.600067138671875,-2.6218485832214355,-0.8369425535202026,-0.7289480566978455,-1.2949869632720947,-0.4685724377632141,-1.2297582626342773,-0.2668156027793884,-0.45270103216171265,-1.4071550369262695,-2.8947958946228027,0.18531392514705658,0.026135114952921867,0.023327846080064774,0.02201799675822258,0.02297649160027504,0.02418201044201851,0.02255350723862648,0.016100343316793442,0.008601679466664791,0.01810540445148945,0.027262471616268158,0.023819787427783012,0.022302020341157913,0.06576469540596008,0.11500217020511627,0.13984686136245728,0.1191716194152832,0.06403042376041412,0.044599805027246475,0.050701551139354706,0.07063272595405579,0.14388799667358398,0.16735079884529114,0.116092249751091,0.04604355990886688,0.01929301954805851,0.018985627219080925,0.054648011922836304,0.06924653053283691,0.07469935715198517,0.17710287868976593,0.24314448237419128,0.19815096259117126,0.15918785333633423,0.16361427307128906,0.08307056874036789,0.07702135294675827,0.19559891521930695,0.2853003740310669,0.3442378342151642,0.2788908779621124,0.12445811927318573,0.16282880306243896,0.3704330325126648,0.4391647279262543,0.29274457693099976,0.1887562870979309,0.42576661705970764,0.4464261531829834,0.25062620639801025,0.3720485270023346,0.41285863518714905,0.278735876083374,0.3502914607524872,0.3079063296318054,0.2743617296218872,0.2611966133117676,0.21889306604862213,0.19424885511398315,0.1571149379014969,0.11850380897521973,N
../data/DWT_NEW/N/New_N_133.wav,33.430511474609375,-14.500798225402832,36.26347732543945,-23.661869049072266,-39.07880401611328,11.693830490112305,-17.710586547851562,10.658326148986816,-11.742205619812012,-7.405829906463623,10.462181091308594,-9.402507781982422,0.9177385568618774,-3.008540630340576,2.409205913543701,-2.455179452896118,0.0027353502810001373,-2.062309741973877,0.8307327032089233,0.5891656875610352,-2.459555149078369,1.5575803518295288,-3.1736984252929688,0.44260790944099426,-2.5608739852905273,1.8951202630996704,-1.5311119556427002,1.3202770948410034,-1.6494510173797607,0.5881046056747437,0.03696784749627113,-0.14956384897232056,0.05319024622440338,-0.5713251829147339,0.33829206228256226,-0.8209298849105835,0.34564751386642456,-1.032943606376648,0.08304847776889801,-1.229227066040039,0.14568647742271423,0.05047520250082016,0.053149111568927765,0.05469841510057449,0.05447559803724289,0.05227780342102051,0.04932092875242233,0.04693721979856491,0.04589959233999252,0.04577825963497162,0.04452019929885864,0.040461815893650055,0.03579176962375641,0.04804561287164688,0.06544539332389832,0.08286230266094208,0.09323550015687943,0.08868679404258728,0.06848306953907013,0.04357107728719711,0.042252667248249054,0.05455530434846878,0.08643137663602829,0.1103491485118866,0.09706855565309525,0.06101126968860626,0.043876007199287415,0.06257373094558716,0.1005806177854538,0.09834673255681992,0.06376410275697708,0.0748324990272522,0.14181891083717346,0.14234179258346558,0.11391531676054001,0.14078398048877716,0.13587933778762817,0.10847495496273041,0.13824382424354553,0.17143329977989197,0.20827332139015198,0.20789027214050293,0.17490632832050323,0.1481163203716278,0.2160535454750061,0.26679110527038574,0.23905064165592194,0.16033263504505157,0.2492455393075943,0.2809373736381531,0.22428977489471436,0.2376452386379242,0.25974705815315247,0.23023127019405365,0.22640939056873322,0.2159338742494583,0.20075032114982605,0.18390174210071564,0.17015255987644196,0.15222123265266418,0.13317550718784332,N
../data/DWT_NEW/N/New_N_152.wav,34.252716064453125,-4.963374137878418,42.0218505859375,-19.12435531616211,-31.749073028564453,16.9940128326416,-19.939882278442383,16.328903198242188,-10.571725845336914,-3.8095550537109375,9.82180404663086,-8.516706466674805,3.4709513187408447,-2.197737216949463,2.3036084175109863,-2.5879499912261963,2.3088765144348145,-2.9328017234802246,1.7978298664093018,-0.11293604969978333,-1.5800285339355469,0.26398777961730957,-1.3801722526550293,1.7387919425964355,-0.02635735273361206,2.237032651901245,-1.7194187641143799,0.9556767344474792,-1.3540308475494385,0.7870452404022217,-0.22419047355651855,-0.07724511623382568,-0.16957083344459534,-0.33946692943573,-0.09047231823205948,-0.43520164489746094,0.45285964012145996,-1.0081478357315063,-0.18612216413021088,-0.9982226490974426,0.14706961810588837,0.09443388879299164,0.07841715216636658,0.0561947375535965,0.033683110028505325,0.03612211346626282,0.06382326036691666,0.09149967133998871,0.1083545982837677,0.10853379964828491,0.08881200850009918,0.05387633666396141,0.060714006423950195,0.12532421946525574,0.17439064383506775,0.18082118034362793,0.1319088190793991,0.06273806095123291,0.08989587426185608,0.113420769572258,0.08012533187866211,0.13629235327243805,0.18239545822143555,0.14876937866210938,0.10291123390197754,0.09864135086536407,0.09378943592309952,0.13939091563224792,0.15062963962554932,0.12475621700286865,0.11750757694244385,0.192549467086792,0.21924352645874023,0.17827478051185608,0.16433779895305634,0.17473363876342773,0.13892491161823273,0.15561304986476898,0.20475226640701294,0.23940986394882202,0.2530466914176941,0.21513164043426514,0.15992304682731628,0.19729885458946228,0.28060734272003174,0.29389405250549316,0.22487841546535492,0.2032390534877777,0.3001187741756439,0.29737645387649536,0.23898224532604218,0.2793903946876526,0.28474482893943787,0.2575873136520386,0.25571972131729126,0.24268589913845062,0.22414779663085938,0.2037869095802307,0.18323537707328796,0.15867269039154053,0.13316412270069122,N
../data/DWT_NEW/N/New_N_105.wav,26.160400390625,-15.13905143737793,46.24962615966797,-10.052870750427246,-26.357494354248047,28.735595703125,-32.169925689697266,20.050769805908203,-8.632367134094238,-2.3558287620544434,5.878451347351074,-4.680459976196289,1.085544466972351,0.32192865014076233,-0.12223732471466064,-2.009564161300659,2.5341286659240723,-3.022806167602539,1.012612223625183,-1.7155027389526367,-0.8513599634170532,-1.2729449272155762,0.5530216097831726,-0.459384948015213,-0.024959340691566467,-0.881391704082489,-1.2708594799041748,1.0671263933181763,0.7120189666748047,1.7997069358825684,1.1871215105056763,0.39732521772384644,-0.9714308381080627,0.10981887578964233,-0.42629414796829224,0.3034554719924927,-0.6851697564125061,-0.5812422037124634,-0.7324366569519043,-0.6450406312942505,0.1807423233985901,0.10696697235107422,0.0778137594461441,0.04595474526286125,0.02034084126353264,0.02961290255188942,0.04813811555504799,0.05855502560734749,0.057587094604969025,0.044353924691677094,0.021062009036540985,0.03941673785448074,0.0831519141793251,0.11453612893819809,0.10362361371517181,0.06824582815170288,0.1276465654373169,0.1780819594860077,0.15272337198257446,0.12853750586509705,0.239902526140213,0.2611059546470642,0.17975223064422607,0.11255302280187607,0.09689006209373474,0.11450822651386261,0.13387025892734528,0.0974137932062149,0.08038903772830963,0.10741683840751648,0.18754419684410095,0.2001936435699463,0.1767054796218872,0.23201984167099,0.22039072215557098,0.11128027737140656,0.0816739946603775,0.11786296963691711,0.20637217164039612,0.2618769705295563,0.23475074768066406,0.1517757624387741,0.07983790338039398,0.19795039296150208,0.26739075779914856,0.215076744556427,0.09337861090898514,0.19059880077838898,0.24706634879112244,0.15477320551872253,0.1477133333683014,0.21273154020309448,0.143313929438591,0.15374216437339783,0.16103218495845795,0.11505372822284698,0.13397131860256195,0.09601838141679764,0.10183461755514145,0.08704039454460144,0.09249350428581238,N
../data/DWT_NEW/N/New_N_075.wav,38.82975769042969,-19.281970977783203,45.68080139160156,-12.161371231079102,-35.699920654296875,13.01864242553711,-27.21929359436035,19.34320068359375,-3.8459653854370117,-7.62774658203125,6.177267074584961,-5.024091720581055,4.207510948181152,-4.686790943145752,3.0197629928588867,-1.6458470821380615,2.0206732749938965,-2.5541229248046875,1.9597030878067017,-0.7391496896743774,4.034661293029785,0.6016510725021362,-1.752370834350586,-0.3570643961429596,0.1899193823337555,1.1339236497879028,-1.0413761138916016,-0.2706611752510071,-5.495182991027832,-2.6236166954040527,-3.148784637451172,-2.224506139755249,-0.8788392543792725,0.7810332179069519,-4.369478702545166,-2.7901530265808105,-0.9417305588722229,-0.4722748398780823,1.6283273696899414,-0.7801921367645264,0.19423823058605194,0.07198423892259598,0.0837622880935669,0.09017099440097809,0.08963179588317871,0.08215057104825974,0.07091925293207169,0.06003422662615776,0.05295692756772041,0.04947558045387268,0.0451018363237381,0.03526592254638672,0.028029734268784523,0.06649605929851532,0.13067427277565002,0.1901334822177887,0.20929963886737823,0.16448426246643066,0.08305887132883072,0.06849642843008041,0.07198578864336014,0.13017500936985016,0.2355034202337265,0.2482459992170334,0.16162842512130737,0.06947793811559677,0.04260711371898651,0.021488435566425323,0.03741458058357239,0.05647308751940727,0.13903996348381042,0.24779245257377625,0.2542949914932251,0.19762298464775085,0.19849540293216705,0.14850351214408875,0.01597176305949688,0.13622558116912842,0.24055764079093933,0.3292429745197296,0.31013667583465576,0.18378208577632904,0.08853035420179367,0.29418307542800903,0.4082159996032715,0.3240809440612793,0.1602625548839569,0.34559565782546997,0.4251662492752075,0.2714489996433258,0.30805814266204834,0.3886357545852661,0.2767578959465027,0.30755364894866943,0.2931450605392456,0.24047067761421204,0.23840078711509705,0.1884080469608307,0.16293472051620483,0.11744680255651474,0.07906945049762726,N
../data/DWT_NEW/N/New_N_114.wav,28.7928466796875,-20.022369384765625,45.78601837158203,-13.432405471801758,-25.907756805419922,23.25084686279297,-26.79977035522461,16.356218338012695,-6.3053131103515625,-5.231100082397461,9.265552520751953,-7.774895191192627,3.8810455799102783,-1.958794116973877,0.8698192834854126,-1.9353965520858765,2.530383586883545,-3.001182794570923,-0.1189877986907959,-0.25257959961891174,-2.1460647583007812,0.9322964549064636,-1.8191726207733154,1.2715221643447876,-1.964874029159546,1.4782285690307617,-2.770049571990967,2.178060293197632,-1.424843430519104,2.5780489444732666,0.6919082403182983,0.945587694644928,-1.5381468534469604,0.2029421329498291,-1.1600955724716187,-0.3388000726699829,-0.07769039273262024,-0.8986523151397705,-0.9842575788497925,-1.348520278930664,0.17770826816558838,0.09163843095302582,0.07832705229520798,0.06345632672309875,0.04818196967244148,0.034127868711948395,0.02578672021627426,0.0289728045463562,0.03872467577457428,0.04633403941988945,0.04759654775261879,0.046788863837718964,0.059986356645822525,0.08503066003322601,0.10408027470111847,0.1147613376379013,0.12494470924139023,0.13120914995670319,0.12215110659599304,0.13753028213977814,0.20195043087005615,0.22550025582313538,0.17927348613739014,0.10776133835315704,0.06573010236024857,0.09269808232784271,0.0976426899433136,0.0529935359954834,0.04235543683171272,0.09200593829154968,0.15185660123825073,0.12292395532131195,0.1192779541015625,0.18471229076385498,0.15616263449192047,0.055748384445905685,0.037430234253406525,0.0707683116197586,0.1793680638074875,0.21498233079910278,0.1983005851507187,0.11467541754245758,0.059432126581668854,0.18987801671028137,0.2560407221317291,0.20254722237586975,0.09119182080030441,0.2015576809644699,0.2585487961769104,0.16802293062210083,0.1705527901649475,0.2389029562473297,0.1757945716381073,0.18482491374015808,0.19706474244594574,0.16207173466682434,0.17355062067508698,0.14984573423862457,0.14444582164287567,0.12646669149398804,0.11539527773857117,N
../data/DWT_NEW/N/New_N_071.wav,22.36604881286621,-20.166702270507812,52.196876525878906,-17.48605728149414,-48.483642578125,12.609819412231445,-26.44369125366211,14.431249618530273,-6.748456001281738,-8.785089492797852,3.6574788093566895,-1.9392189979553223,1.335279941558838,-5.785368919372559,2.6692192554473877,-0.1314551681280136,-0.167618066072464,-0.652991533279419,-0.38854891061782837,1.772586703300476,1.9788672924041748,1.376855731010437,-3.1898131370544434,2.0561599731445312,-2.370122194290161,3.137960910797119,-2.401191473007202,0.3748980760574341,-6.167665481567383,-1.9088325500488281,-4.615850925445557,-0.8919481039047241,-1.7712016105651855,-0.5913265943527222,-4.344383239746094,-2.184833526611328,-0.9310057759284973,-0.830251157283783,0.18462806940078735,-2.0069775581359863,0.17527253925800323,0.02438824623823166,0.029690302908420563,0.03434481844305992,0.037744760513305664,0.03959811106324196,0.04072312265634537,0.04246274381875992,0.04621899127960205,0.05241388455033302,0.05871046334505081,0.06030534207820892,0.05387129634618759,0.04326291009783745,0.058649420738220215,0.09727559983730316,0.12468190491199493,0.11762253940105438,0.07633569836616516,0.03235756978392601,0.03192926198244095,0.06431019306182861,0.1395597755908966,0.16977277398109436,0.12930051982402802,0.05657094344496727,0.027598462998867035,0.025369513779878616,0.033653538674116135,0.054394904524087906,0.11125249415636063,0.19939443469047546,0.20094643533229828,0.13649624586105347,0.14641250669956207,0.11755603551864624,0.039699800312519073,0.1331542283296585,0.20650553703308105,0.28183841705322266,0.26465123891830444,0.15980443358421326,0.08033119887113571,0.263755738735199,0.3699158728122711,0.30122697353363037,0.15069948136806488,0.31323814392089844,0.3989565968513489,0.26279523968696594,0.2792959213256836,0.36379557847976685,0.2594321668148041,0.2760143578052521,0.2677191197872162,0.20825861394405365,0.20602351427078247,0.15836188197135925,0.1325404942035675,0.09289619326591492,0.06008570268750191,N
../data/DWT_NEW/N/New_N_098.wav,37.00360870361328,-24.911449432373047,45.45271301269531,-7.202913284301758,-42.62220764160156,10.887857437133789,-18.772167205810547,12.115421295166016,-4.081242561340332,-6.940924167633057,8.274202346801758,-4.911845684051514,4.206732749938965,-7.7074785232543945,3.612387180328369,-2.7765703201293945,1.6835105419158936,-2.7585694789886475,-0.5174376964569092,0.34691962599754333,2.0548810958862305,2.741367816925049,-1.3168964385986328,2.6428699493408203,-1.9820640087127686,3.808788776397705,-3.5296149253845215,-1.4301801919937134,-6.375209808349609,-1.701599359512329,-3.5505356788635254,-0.18091970682144165,-1.2215542793273926,-1.087557077407837,-0.12332563102245331,-1.2099239826202393,0.1335914134979248,-1.2049459218978882,0.5310606956481934,-3.375993490219116,0.1847825050354004,0.07079513370990753,0.07527288794517517,0.07360351085662842,0.06591638922691345,0.05381956696510315,0.041138701140880585,0.03139842674136162,0.026743218302726746,0.026082489639520645,0.023280657827854156,0.011211498640477657,0.03788375481963158,0.09586094319820404,0.1562296748161316,0.191044881939888,0.17122882604599,0.0997968465089798,0.05406906455755234,0.06551598757505417,0.07923530042171478,0.17608758807182312,0.23017618060112,0.18218448758125305,0.08855077624320984,0.031594108790159225,0.019020847976207733,0.04129805043339729,0.06072200462222099,0.07887561619281769,0.1907040774822235,0.25631529092788696,0.2055680751800537,0.16768920421600342,0.166609525680542,0.07941465824842453,0.07511855661869049,0.18169370293617249,0.2679242193698883,0.31516778469085693,0.24588263034820557,0.10760567337274551,0.15732961893081665,0.33092883229255676,0.3777941167354584,0.24826185405254364,0.18748271465301514,0.3705953359603882,0.3745618462562561,0.23203839361667633,0.32571351528167725,0.3492969274520874,0.24719665944576263,0.29221415519714355,0.25588613748550415,0.21688449382781982,0.2046412229537964,0.15767720341682434,0.13304272294044495,0.09366695582866669,0.06494978070259094,N
../data/DWT_NEW/N/New_N_031.wav,22.894607543945312,-35.53604507446289,38.4080696105957,-19.266691207885742,-38.99589538574219,11.929977416992188,-17.148502349853516,10.198465347290039,-12.7396240234375,1.927074670791626,0.04956433176994324,-2.081543207168579,0.2360484004020691,-2.5056233406066895,0.9265995025634766,-2.7253193855285645,-3.2399299144744873,-3.153627872467041,1.3105515241622925,-3.4428906440734863,0.2873202860355377,-2.992406129837036,1.3708243370056152,0.48980677127838135,3.4464309215545654,1.1459698677062988,0.08941102027893066,-2.843992233276367,-2.7891454696655273,-1.6175254583358765,-1.5447180271148682,-2.792346477508545,-3.715318202972412,-1.7530882358551025,-0.4530879855155945,-3.25238037109375,-5.981696128845215,-1.8526917695999146,6.031116962432861,13.406991004943848,0.16252228617668152,0.011026138439774513,0.0037891974207013845,0.015137877315282822,0.02622077986598015,0.03455239534378052,0.038838960230350494,0.03821558877825737,0.03267316892743111,0.024012014269828796,0.015045392327010632,0.009688813239336014,0.013667664490640163,0.028781212866306305,0.04148973524570465,0.046436406672000885,0.038178451359272,0.030265243723988533,0.053832001984119415,0.06395766139030457,0.04812481999397278,0.0769156962633133,0.1307743638753891,0.137949600815773,0.0965389832854271,0.07910683751106262,0.08201417326927185,0.07689274847507477,0.07525156438350677,0.054221853613853455,0.023608271032571793,0.022777456790208817,0.08356206119060516,0.11835994571447372,0.12205588817596436,0.15476924180984497,0.17242436110973358,0.14210593700408936,0.09092170000076294,0.04972891882061958,0.07983829081058502,0.147099107503891,0.18548892438411713,0.18064507842063904,0.13519710302352905,0.08502194285392761,0.1283748894929886,0.16600531339645386,0.15589216351509094,0.11588004976511002,0.10668660700321198,0.12668493390083313,0.1150716245174408,0.09340273588895798,0.09120705723762512,0.08258466422557831,0.07156563550233841,0.06170443817973137,0.05097418278455734,0.04134710133075714,0.03220485895872116,N
../data/DWT_NEW/N/New_N_024.wav,44.47018051147461,-29.804290771484375,49.65940856933594,-2.3680496215820312,-32.061336517333984,17.681852340698242,-12.057928085327148,11.846318244934082,-6.4213480949401855,2.7511234283447266,-0.9794479608535767,0.9268255829811096,1.307678461074829,-3.8487155437469482,2.408891201019287,-3.3007142543792725,-1.1773834228515625,-2.9684901237487793,2.640429735183716,-1.0930790901184082,1.8388381004333496,-4.579347610473633,1.020995855331421,0.3352459669113159,6.289645195007324,1.8904330730438232,1.856010913848877,-1.5548200607299805,0.2916901111602783,-0.1230001449584961,0.4385793209075928,-1.304563283920288,-1.1287579536437988,-0.20293882489204407,0.5855696201324463,-0.593612790107727,-4.158685684204102,-1.0853004455566406,4.459712028503418,14.68970775604248,0.19052718579769135,0.1202617734670639,0.10204509645700455,0.08986610919237137,0.08620554953813553,0.08867713063955307,0.09197998046875,0.09033666551113129,0.08020779490470886,0.06201484799385071,0.038002826273441315,0.013167346827685833,0.024813193827867508,0.05891103297472,0.08863150328397751,0.10525890439748764,0.10066358745098114,0.075898677110672,0.05492624640464783,0.07149132341146469,0.12008459866046906,0.2132272571325302,0.29854410886764526,0.30875667929649353,0.23074984550476074,0.11136895418167114,0.04748009890317917,0.12259647250175476,0.1686188280582428,0.14551733434200287,0.10318920761346817,0.07544693350791931,0.11453354358673096,0.14550921320915222,0.12226218730211258,0.15871980786323547,0.21105948090553284,0.19203968346118927,0.13394960761070251,0.07938923686742783,0.08255788683891296,0.14960607886314392,0.19830569624900818,0.20376449823379517,0.15814721584320068,0.0856017991900444,0.13386957347393036,0.18305106461048126,0.17256686091423035,0.12381067872047424,0.12913833558559418,0.1499563306570053,0.13141107559204102,0.11656992137432098,0.1126866489648819,0.10148178786039352,0.09254834055900574,0.0790441706776619,0.06924101710319519,0.06029670685529709,0.04936380684375763,N
../data/DWT_NEW/N/New_N_140.wav,47.74787902832031,-4.570008277893066,35.885887145996094,-12.917609214782715,-34.51795196533203,22.121978759765625,-20.65267562866211,14.677473068237305,-8.649643898010254,-2.4954018592834473,6.440973281860352,-5.8280134201049805,2.590514659881592,-2.9571585655212402,2.663552761077881,-3.3001699447631836,2.109771490097046,-2.659688949584961,1.001464605331421,-1.1741576194763184,-1.6923823356628418,-0.5600317716598511,-2.5709762573242188,1.0359370708465576,-2.0931265354156494,2.48492169380188,-2.4301347732543945,1.936617136001587,-2.9888038635253906,1.2783019542694092,-2.0965895652770996,1.0967336893081665,-1.4703164100646973,0.3766438663005829,-1.2779276371002197,0.06944017112255096,-0.5083376169204712,-0.8299407362937927,-0.527445912361145,-0.6877508163452148,0.16127994656562805,0.12419365346431732,0.15125787258148193,0.1711578667163849,0.1791994869709015,0.17124268412590027,0.14706578850746155,0.10790574550628662,0.059178777039051056,0.016981812193989754,0.03885231167078018,0.054592303931713104,0.04248040169477463,0.029011636972427368,0.09763764590024948,0.18220734596252441,0.23783835768699646,0.22668656706809998,0.1480920910835266,0.07273584604263306,0.07663601636886597,0.08683785051107407,0.1888165920972824,0.2617085874080658,0.2229645848274231,0.12068723887205124,0.0728117972612381,0.13339917361736298,0.1766771376132965,0.15423248708248138,0.11298122256994247,0.18998661637306213,0.25655028223991394,0.2247159481048584,0.2068038284778595,0.22959139943122864,0.18814057111740112,0.17415207624435425,0.21488748490810394,0.26293322443962097,0.3025360107421875,0.28682395815849304,0.23204605281352997,0.21188877522945404,0.29935088753700256,0.34688419103622437,0.2994842827320099,0.21342268586158752,0.32101336121559143,0.3417612910270691,0.2751656174659729,0.29667025804519653,0.30894094705581665,0.27696532011032104,0.2709217071533203,0.2561090588569641,0.2366519421339035,0.21637973189353943,0.19891424477100372,0.1819847822189331,0.16727979481220245,N
../data/DWT_NEW/N/New_N_063.wav,46.28827667236328,-11.720165252685547,39.06761932373047,-9.835134506225586,-19.683441162109375,23.503585815429688,-26.93408203125,16.470775604248047,-4.222426414489746,-6.374502658843994,9.602877616882324,-7.916419982910156,5.640831470489502,-4.748996734619141,3.2098803520202637,-3.7221436500549316,3.8473079204559326,-3.908115863800049,0.8253751397132874,-2.4497435092926025,-0.006044358015060425,0.02666167914867401,-1.1503558158874512,0.7127095460891724,-1.661116600036621,1.5416526794433594,-2.739973306655884,1.3709043264389038,-1.7708173990249634,3.1428613662719727,0.7255162000656128,1.6629693508148193,-2.137866973876953,0.0660664439201355,-0.6847923398017883,0.6198386549949646,-0.3027055263519287,-1.3232970237731934,-0.697160005569458,-1.4009631872177124,0.18280036747455597,0.1135239377617836,0.0691438615322113,0.02461044117808342,0.020159922540187836,0.04586757719516754,0.05677516758441925,0.05559881776571274,0.052147552371025085,0.048067159950733185,0.028993427753448486,0.03531636670231819,0.10235752165317535,0.15736959874629974,0.1434890180826187,0.07651358842849731,0.16092228889465332,0.25953853130340576,0.2284379005432129,0.16463680565357208,0.3089156746864319,0.33579713106155396,0.2279071807861328,0.18758702278137207,0.17122283577919006,0.1559199094772339,0.14713722467422485,0.07812891900539398,0.08802960067987442,0.1629980355501175,0.2562018632888794,0.29308533668518066,0.29959502816200256,0.34041494131088257,0.2948800027370453,0.15928073227405548,0.07508688420057297,0.16612809896469116,0.3061574101448059,0.37908846139907837,0.34468352794647217,0.21593700349330902,0.11680271476507187,0.2843482494354248,0.38217130303382874,0.31399428844451904,0.1664012223482132,0.27370384335517883,0.35239356756210327,0.24852189421653748,0.22768180072307587,0.3080807328224182,0.23695749044418335,0.23463471233844757,0.25281059741973877,0.19773441553115845,0.21926304697990417,0.17737369239330292,0.1794830858707428,0.1491619050502777,0.14227645099163055,N
../data/DWT_NEW/N/New_N_120.wav,36.14949417114258,-9.100120544433594,43.13822937011719,-10.724113464355469,-22.424579620361328,24.618587493896484,-26.752273559570312,15.907963752746582,-4.924904823303223,-6.045778274536133,8.085419654846191,-7.133326053619385,3.9431209564208984,-1.9788761138916016,1.7810022830963135,-1.9957215785980225,1.6800916194915771,-1.8064448833465576,-0.6404468417167664,0.4826538562774658,-2.127040386199951,1.0078322887420654,-1.9581561088562012,1.5372681617736816,-2.2547173500061035,1.8242099285125732,-2.0951857566833496,1.512824296951294,-1.2851449251174927,0.6617813110351562,-0.32949382066726685,-0.020620252937078476,-0.5146051645278931,-0.2707650363445282,-0.13168877363204956,-0.6940118670463562,-0.1441705822944641,-0.698248565196991,-0.16291449964046478,-1.3991426229476929,0.1642380952835083,0.14909511804580688,0.1183457225561142,0.0796980932354927,0.04541093111038208,0.04785555601119995,0.06982529163360596,0.0770162045955658,0.062359198927879333,0.04450780898332596,0.07141204178333282,0.1071358174085617,0.12497147917747498,0.13580113649368286,0.15069405734539032,0.16843785345554352,0.15377743542194366,0.0950709730386734,0.0877191424369812,0.21320345997810364,0.31156814098358154,0.30651959776878357,0.2003064900636673,0.0728118047118187,0.09600988030433655,0.17995834350585938,0.16656088829040527,0.08913055807352066,0.08209407329559326,0.1572260856628418,0.18144582211971283,0.13179364800453186,0.21948882937431335,0.279055655002594,0.2018675059080124,0.16741043329238892,0.10141067206859589,0.11599951237440109,0.21250906586647034,0.28229254484176636,0.2908385097980499,0.20183932781219482,0.11098727583885193,0.2153322994709015,0.3229493498802185,0.2849740982055664,0.14731089770793915,0.22717733681201935,0.320328027009964,0.22011443972587585,0.18750017881393433,0.2850007116794586,0.1980360746383667,0.20119695365428925,0.22741276025772095,0.147822305560112,0.19546222686767578,0.1275600790977478,0.15199926495552063,0.10037348419427872,0.11150461435317993,N
../data/DWT_NEW/N/New_N_181.wav,34.273929595947266,-32.534149169921875,42.159698486328125,-13.396320343017578,-37.866641998291016,18.671852111816406,-14.213642120361328,8.078559875488281,-9.980205535888672,6.27877140045166,-2.7097983360290527,-0.20395493507385254,-0.4298001527786255,-1.4539076089859009,1.6765897274017334,-3.781993865966797,-3.074775218963623,-1.9504531621932983,1.3778237104415894,-0.20450153946876526,0.9355712532997131,-4.921346664428711,-0.8240651488304138,1.083458662033081,6.14266300201416,3.6349127292633057,0.8435569405555725,-2.0607662200927734,-1.4184870719909668,0.284456729888916,0.2596495747566223,-1.3920713663101196,-2.15750789642334,-1.2103488445281982,0.035719871520996094,-0.955216109752655,-4.877147674560547,-3.5979561805725098,4.2470197677612305,14.172736167907715,0.17779628932476044,0.051300935447216034,0.03995991498231888,0.037816114723682404,0.0437336191534996,0.050234027206897736,0.052312206476926804,0.04781397432088852,0.037379395216703415,0.02544550970196724,0.018239449709653854,0.013951824977993965,0.007015431299805641,0.027793703600764275,0.053890157490968704,0.06618443131446838,0.05163951590657234,0.03182376176118851,0.0716143399477005,0.09616931527853012,0.07551782578229904,0.10285558551549911,0.18679922819137573,0.20899581909179688,0.15391805768013,0.09721050411462784,0.09222386032342911,0.1019614040851593,0.11011986434459686,0.07459656149148941,0.026425939053297043,0.051515672355890274,0.11736246943473816,0.15864232182502747,0.16612276434898376,0.19722792506217957,0.20913921296596527,0.161762997508049,0.09429840743541718,0.06532467901706696,0.11999508738517761,0.18874987959861755,0.2182449996471405,0.19280409812927246,0.12410524487495422,0.10020412504673004,0.16244404017925262,0.18774941563606262,0.15404394268989563,0.10959651321172714,0.12861427664756775,0.13418148458003998,0.11074315011501312,0.0985865592956543,0.09486887603998184,0.08246417343616486,0.07024487853050232,0.05631571263074875,0.04463743790984154,0.035684384405612946,0.026660289615392685,N
../data/DWT_NEW/N/New_N_022.wav,18.422924041748047,-28.3082275390625,58.32148361206055,-17.337875366210938,-26.02202606201172,17.749862670898438,-15.654393196105957,13.436925888061523,-6.723736763000488,-3.3782730102539062,5.099016189575195,-0.218711256980896,-3.1991662979125977,-0.6263402104377747,4.304965019226074,-5.77072811126709,1.0336112976074219,-0.760375440120697,1.7495100498199463,-0.13456940650939941,1.3796842098236084,-5.355891227722168,0.8672885894775391,1.034664273262024,2.846926212310791,1.9634579420089722,1.913417100906372,-1.3005439043045044,0.40084582567214966,1.0269157886505127,0.1578584909439087,-0.16368913650512695,-0.4969005286693573,-1.082675814628601,1.2271182537078857,1.060454249382019,-2.615557909011841,-2.9461469650268555,3.946499824523926,14.204445838928223,0.15859800577163696,0.07356011867523193,0.05516692250967026,0.045230597257614136,0.045650459825992584,0.0497392937541008,0.05086611211299896,0.046737752854824066,0.039797261357307434,0.03690849244594574,0.04021676629781723,0.042801693081855774,0.043783050030469894,0.059220291674137115,0.08315038681030273,0.09511924535036087,0.08128531277179718,0.04718240350484848,0.04329252243041992,0.053637489676475525,0.05620889365673065,0.1509643793106079,0.23459091782569885,0.2409660965204239,0.1690310537815094,0.09005547314882278,0.07242977619171143,0.11497960984706879,0.13960744440555573,0.10349491238594055,0.038049932569265366,0.014282699674367905,0.07387424260377884,0.12232153117656708,0.12997499108314514,0.15917940437793732,0.18687579035758972,0.1626308262348175,0.11456770449876785,0.06411010026931763,0.06697080284357071,0.13255122303962708,0.1772756725549698,0.18033906817436218,0.13949930667877197,0.0889129489660263,0.1216745376586914,0.16405028104782104,0.15754228830337524,0.11696206778287888,0.11590403318405151,0.13955630362033844,0.1234726533293724,0.10322047024965286,0.10714942216873169,0.09867154061794281,0.08891326189041138,0.08245870471000671,0.07599137723445892,0.06893801689147949,0.0615834966301918,N
../data/DWT_NEW/N/New_N_089.wav,37.368408203125,-19.631568908691406,46.69523239135742,-9.524250030517578,-47.224308013916016,6.484149932861328,-22.865684509277344,14.869595527648926,-10.590642929077148,-7.261774063110352,4.951940059661865,-4.59475040435791,1.8749089241027832,-6.40793514251709,1.138960838317871,-1.0934128761291504,-0.02262263000011444,-2.1173441410064697,0.29148924350738525,0.8036956787109375,1.50478196144104,0.479047954082489,-2.159221649169922,1.1024452447891235,-1.9367283582687378,2.260195255279541,-2.8748109340667725,0.21749666333198547,-3.5845606327056885,-2.5111851692199707,-5.214816093444824,-0.616990327835083,-1.200198769569397,-0.8646448850631714,-0.8512157201766968,-2.191153049468994,-1.0699570178985596,0.5776552557945251,0.5566483736038208,-2.9835314750671387,0.18432484567165375,0.0557679757475853,0.0604744628071785,0.05939818173646927,0.05248964577913284,0.04130525887012482,0.029717762023210526,0.020931672304868698,0.014112493023276329,0.007197351660579443,0.010764464735984802,0.012739140540361404,0.011425088159739971,0.05342056229710579,0.11257176101207733,0.16323970258235931,0.17122238874435425,0.12130868434906006,0.057700544595718384,0.06473211944103241,0.06472858041524887,0.13656467199325562,0.2090279757976532,0.18465739488601685,0.10094884037971497,0.044200047850608826,0.015178716741502285,0.039699897170066833,0.07090125977993011,0.06921549886465073,0.1683836579322815,0.27507781982421875,0.2606625258922577,0.20605361461639404,0.2087278515100479,0.13567841053009033,0.05157782882452011,0.20437169075012207,0.31038373708724976,0.3884375989437103,0.3350706696510315,0.18043023347854614,0.15919342637062073,0.3787999153137207,0.47501134872436523,0.3531055450439453,0.20980548858642578,0.4224807024002075,0.48338544368743896,0.31120163202285767,0.36240828037261963,0.4359387755393982,0.30745795369148254,0.3356505334377289,0.328421950340271,0.2570910155773163,0.2636496424674988,0.204402893781662,0.18453603982925415,0.1464700996875763,0.11932171881198883,N
../data/DWT_NEW/N/New_N_049.wav,38.95785903930664,-6.008062362670898,44.41507339477539,-10.712345123291016,-24.374662399291992,30.653043746948242,-31.182708740234375,18.195491790771484,-5.039927959442139,-3.9444961547851562,6.173261642456055,-4.499604225158691,2.632631301879883,-2.2574708461761475,2.4732422828674316,-3.46830677986145,3.4710819721221924,-3.0298972129821777,0.8317567110061646,-1.9309117794036865,0.17014741897583008,-1.1941213607788086,0.3247641623020172,-0.11331766098737717,-1.0624128580093384,0.8589745163917542,-1.9186244010925293,0.7761142253875732,-0.6769002676010132,2.2993314266204834,0.5911399126052856,1.4519131183624268,-2.3313958644866943,0.34260451793670654,-0.9528260231018066,0.3099329471588135,-0.9662595987319946,-0.5020602941513062,-0.9984887838363647,-0.7701395153999329,0.18114018440246582,0.12553291022777557,0.07947894930839539,0.031063467264175415,0.022623974829912186,0.05774560570716858,0.08052866160869598,0.08861713111400604,0.08267664909362793,0.062217891216278076,0.027069931849837303,0.05889381468296051,0.13187304139137268,0.17924852669239044,0.15282167494297028,0.07990983128547668,0.17676684260368347,0.27400028705596924,0.23152121901512146,0.17542405426502228,0.31482812762260437,0.3432191014289856,0.23256883025169373,0.19364312291145325,0.18018826842308044,0.16117113828659058,0.14920972287654877,0.08988258242607117,0.11552903801202774,0.19356998801231384,0.2767120599746704,0.3037993311882019,0.31359416246414185,0.3479037880897522,0.2874114513397217,0.15791171789169312,0.10786241292953491,0.1925046741962433,0.32726189494132996,0.38379645347595215,0.33797115087509155,0.20134791731834412,0.1292475163936615,0.30198559165000916,0.38391509652137756,0.2984967827796936,0.15146559476852417,0.28370219469070435,0.34733307361602783,0.2283353954553604,0.22860491275787354,0.30426961183547974,0.22170975804328918,0.2358224242925644,0.244307279586792,0.19306546449661255,0.21522943675518036,0.1703905612230301,0.17507682740688324,0.14447925984859467,0.1380784809589386,N
../data/DWT_NEW/N/New_N_085.wav,36.16678237915039,-19.40333366394043,45.82817840576172,-20.44245147705078,-42.739501953125,8.794854164123535,-23.0634708404541,16.306245803833008,-6.840731143951416,-11.770276069641113,7.192967414855957,-3.319098949432373,0.9041140079498291,-7.249760627746582,1.9784266948699951,-0.8608127236366272,-0.5335074663162231,-1.661073088645935,-1.0446226596832275,1.6520882844924927,0.31056928634643555,1.2391691207885742,-2.774977445602417,2.0066299438476562,-2.782304286956787,2.8808035850524902,-1.9317549467086792,0.07885634899139404,-4.156490325927734,-1.2533187866210938,-2.662069320678711,-0.9515548348426819,-0.7828450202941895,0.19526199996471405,0.10533371567726135,-1.9033540487289429,-0.6043877601623535,-0.006751269102096558,2.1961331367492676,-0.8835019469261169,0.18128792941570282,0.06130404770374298,0.062257155776023865,0.0558403879404068,0.04277881234884262,0.027841903269290924,0.02469014748930931,0.03297174349427223,0.03458563983440399,0.0233148243278265,0.009270120412111282,0.027337834239006042,0.03546556457877159,0.03082309290766716,0.07394532114267349,0.13130047917366028,0.1552364081144333,0.11954809725284576,0.06219930201768875,0.08267909288406372,0.08062800019979477,0.10134416818618774,0.16051432490348816,0.14579087495803833,0.08607202023267746,0.05872194096446037,0.04330518841743469,0.04237134009599686,0.07941219955682755,0.08122904598712921,0.13919836282730103,0.23473656177520752,0.23948462307453156,0.19900302588939667,0.18877291679382324,0.130001962184906,0.04636454954743385,0.17442956566810608,0.27730754017829895,0.35345274209976196,0.32205915451049805,0.19240853190422058,0.14189819991588593,0.3497481942176819,0.46086397767066956,0.363625168800354,0.21055331826210022,0.4144386947154999,0.4982141852378845,0.33582258224487305,0.38189226388931274,0.48203063011169434,0.35885685682296753,0.39457830786705017,0.3826875686645508,0.3121795058250427,0.3193889558315277,0.26171746850013733,0.23772749304771423,0.18318019807338715,0.1407352089881897,N
../data/DWT_NEW/N/New_N_052.wav,33.660274505615234,-10.157940864562988,50.42702865600586,-14.044090270996094,-23.50168800354004,26.655838012695312,-27.991914749145508,16.518339157104492,-4.901544570922852,-5.233183860778809,8.98995590209961,-6.974247932434082,3.697810649871826,-2.285670280456543,1.7399954795837402,-2.9212512969970703,3.4881949424743652,-3.2851152420043945,0.7039689421653748,-1.5332744121551514,-0.3775908350944519,-0.25527364015579224,-0.3795570135116577,-0.04659274220466614,-0.8697397112846375,0.789815366268158,-1.9060763120651245,0.8521256446838379,-0.6186976432800293,2.119072914123535,0.6267493963241577,0.676256537437439,-1.8239741325378418,-0.03020620346069336,-0.5738834142684937,0.35619866847991943,-0.6510987281799316,-0.9935985207557678,-0.7793254852294922,-0.9435884952545166,0.1766454577445984,0.13050386309623718,0.0996926873922348,0.06815087050199509,0.04815863072872162,0.051677167415618896,0.06364140659570694,0.06841670721769333,0.06084280461072922,0.04056530073285103,0.02274186722934246,0.07008470594882965,0.1257624626159668,0.1545296311378479,0.13025081157684326,0.06485085934400558,0.160969078540802,0.23774364590644836,0.20022797584533691,0.15050335228443146,0.2769946753978729,0.31780993938446045,0.22090616822242737,0.1805395931005478,0.17655518651008606,0.1419740915298462,0.1289845108985901,0.07145632803440094,0.0850062146782875,0.1718493402004242,0.2497076392173767,0.2716878056526184,0.29045575857162476,0.3258547782897949,0.26872748136520386,0.14544685184955597,0.08382769674062729,0.1625373363494873,0.3033192753791809,0.3639932870864868,0.32938700914382935,0.1944868266582489,0.10082068294286728,0.2823062241077423,0.3772575259208679,0.30104219913482666,0.13449274003505707,0.2676558792591095,0.34880465269088745,0.23242688179016113,0.2150086611509323,0.3060149848461151,0.23016515374183655,0.23169952630996704,0.25234031677246094,0.20352080464363098,0.22071629762649536,0.18839626014232635,0.18687355518341064,0.16532959043979645,0.15469303727149963,N
../data/DWT_NEW/N/New_N_125.wav,33.85969161987305,-21.926895141601562,39.07334899902344,-15.40063190460205,-23.17490005493164,24.83348846435547,-26.338470458984375,13.287861824035645,-2.3596673011779785,-6.253275394439697,8.863354682922363,-7.089648723602295,4.8967976570129395,-3.8104209899902344,2.7878241539001465,-2.5014076232910156,2.174698829650879,-3.0046138763427734,-0.5414860248565674,-1.1066336631774902,-1.588477611541748,0.275230348110199,-1.280381441116333,0.9862311482429504,-1.791567325592041,1.2253286838531494,-2.0149965286254883,1.377936601638794,-0.13491380214691162,2.4914989471435547,2.017394542694092,1.0933243036270142,-0.8939575552940369,-0.8003671169281006,-0.5210815668106079,-0.6094980835914612,0.48276466131210327,-1.0425630807876587,-0.8531415462493896,-1.8001580238342285,0.17646215856075287,0.1086021289229393,0.08712641149759293,0.05884617567062378,0.02772357314825058,0.018668562173843384,0.04232904314994812,0.05787159502506256,0.058447085320949554,0.0453551784157753,0.028192656114697456,0.03143168240785599,0.04809311777353287,0.06732204556465149,0.08682486414909363,0.1081186830997467,0.12459415197372437,0.12637247145175934,0.11052197217941284,0.12023948132991791,0.19523882865905762,0.23101851344108582,0.18405921757221222,0.08974514156579971,0.0529644638299942,0.091093048453331,0.11815856397151947,0.09543579816818237,0.07219492644071579,0.054571546614170074,0.13196751475334167,0.1372477114200592,0.09949053823947906,0.18115487694740295,0.19614776968955994,0.10989587008953094,0.06684968620538712,0.05887556076049805,0.1478586494922638,0.21575814485549927,0.21861758828163147,0.15692466497421265,0.058527640998363495,0.16368255019187927,0.2545778751373291,0.22722533345222473,0.10771089792251587,0.1827704906463623,0.2616514563560486,0.18080522119998932,0.15879365801811218,0.23796787858009338,0.1774546056985855,0.18061548471450806,0.19675470888614655,0.15993395447731018,0.1730593889951706,0.1491931676864624,0.14652873575687408,0.13019868731498718,0.12100834399461746,N
../data/DWT_NEW/MR/New_MR_025.wav,58.28598403930664,-36.9786491394043,27.915605545043945,-25.238380432128906,8.622179985046387,3.9689602851867676,-7.29916524887085,6.696277618408203,-0.43061256408691406,-1.090819239616394,4.240921974182129,-0.9605900645256042,0.6867828369140625,2.1655325889587402,-1.227172613143921,-2.227203607559204,-1.61061429977417,-0.11299291253089905,-0.14045080542564392,-0.578869104385376,-0.8384197950363159,1.9116209745407104,1.6579992771148682,-3.942902088165283,-1.6475965976715088,-0.1516994833946228,3.44966197013855,-0.37935394048690796,-3.0031206607818604,-1.644221305847168,1.523674726486206,-0.20286136865615845,0.15909457206726074,2.7306675910949707,1.7022950649261475,-2.473714828491211,0.5617451071739197,2.14245867729187,-1.6406155824661255,-3.217512607574463,0.1985705941915512,0.0953763872385025,0.09569257497787476,0.09292224794626236,0.08520537614822388,0.07088345289230347,0.04974892735481262,0.02145007997751236,0.013798386789858341,0.052059538662433624,0.09072660654783249,0.12353406846523285,0.14648978412151337,0.1573701649904251,0.15871010720729828,0.1600809246301651,0.16230203211307526,0.15113197267055511,0.11357709020376205,0.06321446597576141,0.08010559529066086,0.13091978430747986,0.15880733728408813,0.1702258437871933,0.16542530059814453,0.12728969752788544,0.08736585825681686,0.10457775741815567,0.13495665788650513,0.14485099911689758,0.12409447878599167,0.10151918977499008,0.12108282744884491,0.138701930642128,0.12436974048614502,0.10116353631019592,0.09227509051561356,0.0983276292681694,0.11718498170375824,0.12322375923395157,0.10865630209445953,0.08426114171743393,0.06718651950359344,0.053918637335300446,0.0551832839846611,0.07781366258859634,0.07384540885686874,0.025968831032514572,0.03434758633375168,0.058618441224098206,0.04656064882874489,0.03549883887171745,0.038462650030851364,0.030921118333935738,0.025722764432430267,0.025933697819709778,0.03070051595568657,0.03669014573097229,0.038577884435653687,0.03565768152475357,0.03383076190948486,MR
../data/DWT_NEW/MR/New_MR_087.wav,62.51594543457031,-20.221149444580078,10.401257514953613,-13.648513793945312,-13.608633995056152,14.527231216430664,-15.175605773925781,18.348003387451172,-6.940235137939453,0.44569408893585205,0.36702680587768555,-1.9219727516174316,1.2871640920639038,-3.874443769454956,-0.07283461093902588,-2.773211717605591,6.860836505889893,-3.4753520488739014,-0.6848637461662292,5.348964691162109,9.183914184570312,2.4253017902374268,8.804204940795898,5.6129302978515625,-4.136575222015381,-5.453324317932129,2.2462234497070312,3.7204599380493164,-2.9979400634765625,-6.097759246826172,-1.3207993507385254,1.9648958444595337,-3.741002082824707,-1.3773736953735352,-0.2746179401874542,2.4495913982391357,4.730280876159668,4.317688941955566,-0.44728732109069824,5.216565132141113,0.1566917896270752,0.1874707192182541,0.17782455682754517,0.16106584668159485,0.13660293817520142,0.10546249896287918,0.07325248420238495,0.0486922562122345,0.04202352836728096,0.042917799204587936,0.033712729811668396,0.014149227179586887,0.04188493639230728,0.08063874393701553,0.10872800648212433,0.11502549052238464,0.09799456596374512,0.07006244361400604,0.06408151984214783,0.09603390842676163,0.1353573501110077,0.15742328763008118,0.1367505043745041,0.08159282803535461,0.050805363804101944,0.07191246002912521,0.13623230159282684,0.15585803985595703,0.10947868227958679,0.04496574401855469,0.05839463323354721,0.10316342860460281,0.14013713598251343,0.1508556455373764,0.23459124565124512,0.30390241742134094,0.3043224811553955,0.29619038105010986,0.26465922594070435,0.18396207690238953,0.09911315143108368,0.07998078316450119,0.16633203625679016,0.2129511535167694,0.2196032851934433,0.2171557992696762,0.23507720232009888,0.2532961964607239,0.2523826062679291,0.25064367055892944,0.24318133294582367,0.2357044517993927,0.178440123796463,0.14752615988254547,0.2289126217365265,0.2525331377983093,0.2017790675163269,0.1185949444770813,0.11578474193811417,0.09338916838169098,0.017343685030937195,MR
../data/DWT_NEW/MR/New_MR_014.wav,121.79425048828125,-21.913803100585938,-8.635546684265137,3.1991238594055176,1.3073022365570068,3.7243518829345703,0.26792705059051514,-2.6876981258392334,-2.669811487197876,-2.918609857559204,-4.2772016525268555,-4.893672943115234,-3.698380708694458,-2.742410182952881,-4.256829261779785,-3.386753559112549,-1.2050914764404297,3.8118393421173096,8.352739334106445,4.307466983795166,-11.439645767211914,1.8187307119369507,4.0486931800842285,-4.395414352416992,0.48654529452323914,3.2977800369262695,5.2001848220825195,-2.5062828063964844,-0.7941022515296936,-7.206304550170898,-5.655072212219238,4.343786239624023,0.20232081413269043,-0.6727386713027954,-0.9095885753631592,-0.36486178636550903,-3.293170928955078,-6.083075523376465,-2.1120808124542236,-0.5335996150970459,0.21906761825084686,0.08325603604316711,0.11366069316864014,0.14877432584762573,0.18233823776245117,0.20719803869724274,0.21897006034851074,0.2144812047481537,0.1934310495853424,0.16035118699073792,0.11814334243535995,0.07740367203950882,0.10346471518278122,0.1817506104707718,0.262372761964798,0.3180975317955017,0.33525270223617554,0.3020642399787903,0.21828725934028625,0.10877832770347595,0.1085224449634552,0.17256852984428406,0.21162071824073792,0.21791166067123413,0.16325154900550842,0.1590174436569214,0.19534841179847717,0.1460018903017044,0.1425521969795227,0.30244648456573486,0.372400164604187,0.28542643785476685,0.26565927267074585,0.38397538661956787,0.36915212869644165,0.30119115114212036,0.30617815256118774,0.3205249011516571,0.30580341815948486,0.3076114058494568,0.3070245385169983,0.2973535358905792,0.2601148188114166,0.1871708482503891,0.17589175701141357,0.24601542949676514,0.2801348567008972,0.23748567700386047,0.23270080983638763,0.3365877866744995,0.43663308024406433,0.4262866973876953,0.3546954095363617,0.3254702091217041,0.41528522968292236,0.47172868251800537,0.4950580894947052,0.4837753474712372,0.34675872325897217,0.20939457416534424,0.24671430885791779,MR
../data/DWT_NEW/MR/New_MR_098.wav,147.0106964111328,-23.673587799072266,10.287252426147461,-5.564657211303711,-4.8512115478515625,-1.7254703044891357,3.2926864624023438,2.294145107269287,1.8036457300186157,3.3149466514587402,15.077052116394043,0.42026394605636597,2.5598182678222656,3.4256341457366943,1.0804133415222168,8.13101577758789,1.520033836364746,0.47581565380096436,3.7050366401672363,0.5415472388267517,0.12692466378211975,-7.711915016174316,-0.7706099152565002,0.30784642696380615,8.20522689819336,-0.9651302099227905,-2.590669631958008,13.242029190063477,5.1078410148620605,-6.85526180267334,-7.463183403015137,-0.40790486335754395,1.0793161392211914,-2.0526845455169678,-4.335165023803711,-2.5290067195892334,-0.23686614632606506,-4.494311332702637,-0.11707794666290283,-3.6561408042907715,0.33161410689353943,0.2983199954032898,0.4207124710083008,0.5510852336883545,0.6399982571601868,0.6440895795822144,0.5449695587158203,0.37433284521102905,0.3497674763202667,0.5833724737167358,0.7783342599868774,0.7779580950737,0.584850549697876,0.4414985179901123,0.6161248683929443,0.6614771485328674,0.4451451301574707,0.36075982451438904,0.5667920112609863,0.5167111754417419,0.30889812111854553,0.23104378581047058,0.1471095234155655,0.038573008030653,0.09979155659675598,0.12500837445259094,0.16586601734161377,0.2220079004764557,0.32773518562316895,0.2727527618408203,0.1649312525987625,0.22064127027988434,0.2390046864748001,0.19695046544075012,0.2611871063709259,0.26025518774986267,0.2533111870288849,0.2551862597465515,0.26964449882507324,0.31476277112960815,0.4429130554199219,0.5477594137191772,0.6151517033576965,0.6446256041526794,0.6157690286636353,0.5177111625671387,0.31669798493385315,0.2698929011821747,0.508886456489563,0.6743993759155273,0.5112643241882324,0.24200770258903503,0.3595506548881531,0.5054727792739868,0.5974081158638,0.6315772533416748,0.5216954350471497,0.3308531641960144,0.2663942277431488,0.38247907161712646,0.5670506358146667,MR
../data/DWT_NEW/MR/New_MR_063.wav,138.0233917236328,-31.94293212890625,-9.916973114013672,1.592879295349121,1.483003854751587,5.905859470367432,13.713406562805176,6.283176422119141,-0.22440874576568604,-4.340638160705566,5.0456671714782715,0.5459557771682739,7.152071952819824,5.342702388763428,-0.2594153881072998,-1.7430083751678467,-4.658862590789795,-3.3007991313934326,-1.8279904127120972,1.7579107284545898,-5.225032329559326,2.958573818206787,-0.6225396394729614,2.8507747650146484,2.782320261001587,1.5553594827651978,3.320126533508301,2.8384110927581787,1.45836341381073,-1.89793062210083,-0.15144914388656616,-3.2844619750976562,-1.011366844177246,-0.45466846227645874,0.29923105239868164,2.716531276702881,-4.066276550292969,0.6737916469573975,2.836479663848877,-0.15609857439994812,0.2745759189128876,0.3998037576675415,0.3811461329460144,0.3324410021305084,0.2526232600212097,0.14962129294872284,0.08452300727367401,0.17688781023025513,0.2828007936477661,0.3461453318595886,0.3398311138153076,0.24998372793197632,0.11036540567874908,0.18462461233139038,0.353977233171463,0.4414089024066925,0.3938361406326294,0.23231996595859528,0.14955127239227295,0.25961118936538696,0.2663380801677704,0.17634078860282898,0.29687362909317017,0.33122700452804565,0.2436133176088333,0.16304323077201843,0.15393628180027008,0.28531980514526367,0.34586629271507263,0.29495903849601746,0.2210754007101059,0.2630525231361389,0.2975195050239563,0.2524597644805908,0.20145076513290405,0.15844465792179108,0.09385594725608826,0.049443673342466354,0.05848514661192894,0.10011012852191925,0.1206391304731369,0.1284821480512619,0.1425195038318634,0.14920182526111603,0.13535989820957184,0.1594621241092682,0.20899268984794617,0.22357311844825745,0.17954619228839874,0.08598105609416962,0.12884433567523956,0.2418033927679062,0.2864915728569031,0.24144680798053741,0.271623432636261,0.3165973424911499,0.2725997865200043,0.2575494050979614,0.21164767444133759,0.17986559867858887,0.11667929589748383,MR
../data/DWT_NEW/MR/New_MR_003.wav,122.01400756835938,-45.75624084472656,9.613279342651367,-16.534719467163086,-4.1494293212890625,-2.7933592796325684,-0.9991397261619568,-0.5082821249961853,-2.5636649131774902,1.0790619850158691,-0.25572073459625244,3.0483551025390625,0.4333157539367676,1.6524854898452759,3.513190984725952,4.087465286254883,4.296179294586182,3.278670072555542,0.521621584892273,6.012140274047852,3.9812889099121094,2.9002225399017334,1.7473177909851074,2.7340035438537598,-0.09332358837127686,0.9117878675460815,-2.846505880355835,1.2895804643630981,-0.4005894362926483,3.004701614379883,-4.605471611022949,-4.412508964538574,0.39291951060295105,-3.132521629333496,-3.304269313812256,-6.601302623748779,-2.1722357273101807,0.5722336769104004,2.6637187004089355,-1.4468424320220947,0.31781163811683655,0.17162944376468658,0.15862394869327545,0.14120832085609436,0.12008292973041534,0.09745634347200394,0.07919162511825562,0.0709284096956253,0.07478393614292145,0.08925214409828186,0.11482828855514526,0.15167468786239624,0.19459138810634613,0.23492813110351562,0.24737145006656647,0.22569438815116882,0.17219817638397217,0.10259851813316345,0.05548563227057457,0.09716541320085526,0.14372552931308746,0.16510994732379913,0.14235669374465942,0.09151051193475723,0.06516238301992416,0.06198618561029434,0.054804254323244095,0.05225375294685364,0.05094284191727638,0.07256905734539032,0.042290687561035156,0.04357009753584862,0.10161671042442322,0.09239377826452255,0.08634206652641296,0.1207205206155777,0.12687546014785767,0.11332839727401733,0.10121507197618484,0.0930413082242012,0.09820940345525742,0.12656532227993011,0.1459742933511734,0.14426225423812866,0.11708573251962662,0.07280317693948746,0.06885670870542526,0.1288049817085266,0.1603102684020996,0.1328955590724945,0.07104624807834625,0.04552099108695984,0.06359001994132996,0.049620214849710464,0.04948912933468819,0.0652962327003479,0.07096237689256668,0.08278801292181015,0.0672639012336731,0.052552323788404465,0.038896288722753525,MR
../data/DWT_NEW/MR/New_MR_104.wav,131.89561462402344,-48.565738677978516,-20.1391658782959,-11.867780685424805,-8.3277587890625,-0.9937863945960999,11.504878997802734,-0.6106635332107544,-0.11697819828987122,-7.311163902282715,7.080733299255371,-5.106127738952637,5.861502647399902,3.6421947479248047,1.2119789123535156,-1.8567636013031006,-6.4650115966796875,-2.6617345809936523,-2.968975067138672,-4.069248199462891,-10.048517227172852,-1.9340795278549194,-1.527359127998352,2.2789435386657715,1.9330251216888428,2.2181849479675293,3.5195631980895996,0.45313242077827454,0.4697471857070923,1.9427826404571533,3.2230112552642822,-4.202094078063965,-0.08730202913284302,0.09181606769561768,2.3000357151031494,-0.7686912417411804,-4.02745246887207,0.7840571999549866,3.8456218242645264,-1.2654041051864624,0.3029822111129761,0.08039477467536926,0.0679984763264656,0.048297178000211716,0.02417483925819397,0.023182235658168793,0.05264998972415924,0.08057443797588348,0.09744032472372055,0.09764324128627777,0.07826237380504608,0.04235508292913437,0.037975095212459564,0.0911913812160492,0.13367094099521637,0.15058434009552002,0.13692143559455872,0.10277879983186722,0.07883111387491226,0.08162781596183777,0.06998896598815918,0.08340701460838318,0.15684053301811218,0.2010599672794342,0.18452277779579163,0.13048239052295685,0.09707004576921463,0.11746285855770111,0.1449207216501236,0.11822918802499771,0.1123402938246727,0.11866053938865662,0.10519348084926605,0.07547035813331604,0.0869457945227623,0.09813614189624786,0.08930943161249161,0.07036027312278748,0.059023454785346985,0.0807918980717659,0.12141650170087814,0.17060111463069916,0.23480242490768433,0.2818312346935272,0.2940060496330261,0.25729915499687195,0.1849859654903412,0.10471415519714355,0.11469841748476028,0.12263277918100357,0.12029269337654114,0.15195254981517792,0.10932210087776184,0.0854053646326065,0.21748866140842438,0.19946642220020294,0.03615948185324669,0.135248064994812,0.1783878207206726,0.22363199293613434,0.2327280342578888,MR
../data/DWT_NEW/MR/New_MR_168.wav,139.03884887695312,-32.834571838378906,-6.989491939544678,3.127185821533203,4.672233581542969,2.7248127460479736,13.269630432128906,2.5745770931243896,0.46132388710975647,-4.084836483001709,4.514917373657227,-1.7508469820022583,2.522984504699707,1.4820187091827393,-1.032311201095581,-2.7803406715393066,-3.2501673698425293,-1.6712862253189087,2.308785915374756,-0.35208314657211304,-4.214862823486328,-1.1584930419921875,-1.9244729280471802,2.2383623123168945,0.44344568252563477,1.5147125720977783,3.1860995292663574,0.31129947304725647,-0.20300918817520142,-0.8657352924346924,1.9794797897338867,-4.117635726928711,-0.25502997636795044,-1.8376938104629517,-0.4834224283695221,-0.2824892997741699,-4.488893985748291,1.6645832061767578,2.790891170501709,-0.2808178663253784,0.2865200340747833,0.2291700541973114,0.265400230884552,0.2987669110298157,0.32586437463760376,0.34345099329948425,0.35306960344314575,0.35492610931396484,0.3493361175060272,0.3407946527004242,0.3278956711292267,0.29848170280456543,0.24068313837051392,0.1460939347743988,0.08008656650781631,0.21793591976165771,0.35389500856399536,0.40680938959121704,0.3571993112564087,0.2821383774280548,0.3272002637386322,0.3261698782444,0.23297545313835144,0.2442137748003006,0.2820283770561218,0.2706364393234253,0.3481747508049011,0.34912821650505066,0.2664285898208618,0.23846718668937683,0.32050657272338867,0.3296612799167633,0.24870513379573822,0.25859129428863525,0.276432603597641,0.23161613941192627,0.20911410450935364,0.20358906686306,0.1861129254102707,0.17525742948055267,0.1877732276916504,0.21284204721450806,0.23243758082389832,0.23637118935585022,0.2208453118801117,0.19071730971336365,0.13619446754455566,0.10663977265357971,0.17351174354553223,0.2163899540901184,0.22567783296108246,0.20493122935295105,0.1723034679889679,0.12199084460735321,0.09053633362054825,0.1786278933286667,0.21855294704437256,0.1645936667919159,0.05860122665762901,0.11112567782402039,0.15857760608196259,MR
../data/DWT_NEW/MR/New_MR_011.wav,143.65234375,-22.993675231933594,-21.548540115356445,-2.275800943374634,2.962822675704956,2.9908668994903564,-0.1850166618824005,1.463519811630249,3.161757469177246,-0.4052978456020355,-2.373100757598877,-4.645715713500977,0.2005893886089325,-1.543930172920227,1.3639718294143677,-0.22114259004592896,4.739405155181885,1.3318318128585815,-0.7614414691925049,-5.138842582702637,6.746587753295898,0.2957674562931061,-0.8116887211799622,2.957190990447998,0.7320667505264282,0.18161925673484802,-2.3679776191711426,1.3770787715911865,5.446669578552246,5.47377347946167,5.0173845291137695,0.34101319313049316,-0.9112519025802612,-1.1234561204910278,-2.100989580154419,0.4333430230617523,-2.9164199829101562,-2.2121472358703613,-1.111641526222229,2.1223161220550537,0.2670638859272003,0.21367964148521423,0.1739463210105896,0.10982774198055267,0.031156279146671295,0.09055649489164352,0.19535711407661438,0.28805601596832275,0.3462952971458435,0.3552567660808563,0.3067900836467743,0.20395903289318085,0.0817084014415741,0.09368203580379486,0.16264232993125916,0.159214049577713,0.08922425657510757,0.15251922607421875,0.2703965902328491,0.3032289743423462,0.22789070010185242,0.11753302812576294,0.08549545705318451,0.10442913323640823,0.21609234809875488,0.278032511472702,0.2295258790254593,0.14946505427360535,0.2307608425617218,0.352534681558609,0.34001994132995605,0.23623573780059814,0.2926463186740875,0.3601333498954773,0.290609210729599,0.20621077716350555,0.1689084768295288,0.11418119072914124,0.15678197145462036,0.21295329928398132,0.23775485157966614,0.23259827494621277,0.19875390827655792,0.12863965332508087,0.07432372868061066,0.04134887456893921,0.10603269189596176,0.19668498635292053,0.27610838413238525,0.32858139276504517,0.3457377851009369,0.3885502517223358,0.4583708941936493,0.4776700437068939,0.44036608934402466,0.4387284219264984,0.42490580677986145,0.4708940386772156,0.5311340689659119,0.5425408482551575,0.5159296989440918,MR
../data/DWT_NEW/MR/New_MR_196.wav,84.45357513427734,-25.441781997680664,4.296931266784668,-7.278652191162109,-2.4876351356506348,20.02155113220215,-7.8762407302856445,11.181683540344238,-1.3338372707366943,-4.6579670906066895,0.7159635424613953,-5.362977981567383,7.391117095947266,-6.157552242279053,4.173386573791504,0.6249202489852905,1.3520395755767822,2.5564122200012207,-8.442543983459473,-6.889626502990723,-2.8518409729003906,-0.09107232093811035,-5.578020095825195,-0.2697228193283081,1.3361330032348633,4.005463600158691,-3.107666015625,0.47878342866897583,0.6373709440231323,0.33707791566848755,1.1294288635253906,-0.058980584144592285,-4.964422225952148,-3.4145913124084473,-0.07408750057220459,-1.2291181087493896,-1.6633307933807373,-2.304060459136963,1.909362554550171,2.7411980628967285,0.18245156109333038,0.1289607137441635,0.11540050804615021,0.09635967016220093,0.07074881345033646,0.03884819522500038,0.02210712432861328,0.0638391375541687,0.11392229050397873,0.1600005030632019,0.19070854783058167,0.191586434841156,0.15644113719463348,0.08931606262922287,0.0925578773021698,0.16211380064487457,0.18513047695159912,0.1314815878868103,0.11570261418819427,0.26222777366638184,0.36370688676834106,0.3469088673591614,0.2499532252550125,0.21479201316833496,0.17791911959648132,0.12400731444358826,0.16910074651241302,0.12709185481071472,0.06646222621202469,0.11267775297164917,0.17309251427650452,0.19633713364601135,0.18691329658031464,0.17476297914981842,0.18516995012760162,0.1617628037929535,0.09989524632692337,0.05646318942308426,0.060295507311820984,0.12267537415027618,0.1741696298122406,0.19448409974575043,0.2011270374059677,0.20233875513076782,0.1973491609096527,0.1696159690618515,0.11024768650531769,0.03766966611146927,0.08028127253055573,0.11734416335821152,0.1211245208978653,0.14874139428138733,0.15637461841106415,0.11296805739402771,0.14959871768951416,0.12871748208999634,0.09518186748027802,0.11866913735866547,0.1316681057214737,0.13187769055366516,0.11144693195819855,MR
../data/DWT_NEW/MR/New_MR_158.wav,140.09756469726562,-32.233184814453125,-7.412270545959473,7.325360298156738,11.514898300170898,8.00454044342041,13.10301685333252,3.215439796447754,-2.757012367248535,-7.349063873291016,-0.7486177682876587,-1.829331398010254,5.879992485046387,6.221371650695801,2.193474292755127,-3.184631109237671,-2.6109185218811035,-6.869546890258789,1.26337468624115,-1.7328822612762451,-3.022268533706665,1.6768338680267334,3.503504514694214,3.6068549156188965,3.205436944961548,1.2738887071609497,1.4662082195281982,0.41192564368247986,-0.6467476487159729,-2.962498664855957,0.8986090421676636,-2.9355721473693848,0.9464568495750427,0.3288097679615021,2.6506242752075195,1.0544002056121826,-4.813655376434326,0.37916621565818787,2.810995101928711,-0.6952666640281677,0.2880217134952545,0.4377628266811371,0.41735950112342834,0.3635888993740082,0.27365177869796753,0.15066668391227722,0.039227232336997986,0.15822431445121765,0.2833898067474365,0.3583928942680359,0.35871031880378723,0.275178462266922,0.16316592693328857,0.25213831663131714,0.42432543635368347,0.5163458585739136,0.46543335914611816,0.28778475522994995,0.15756216645240784,0.259890079498291,0.2848260998725891,0.24693867564201355,0.3745173215866089,0.40258562564849854,0.29722946882247925,0.18730342388153076,0.2003207504749298,0.3665269911289215,0.42456552386283875,0.33799153566360474,0.22277118265628815,0.33088308572769165,0.3887319564819336,0.2911497950553894,0.22297537326812744,0.2245127111673355,0.15447090566158295,0.09778416901826859,0.09855970740318298,0.13130244612693787,0.15901798009872437,0.16893386840820312,0.1431131809949875,0.14198775589466095,0.1140824556350708,0.07880303263664246,0.14905020594596863,0.17938260734081268,0.14796029031276703,0.07159677147865295,0.12481217831373215,0.2237497866153717,0.25075703859329224,0.19308030605316162,0.2662113308906555,0.3146499991416931,0.26790356636047363,0.26265573501586914,0.22000572085380554,0.18485935032367706,0.12470479309558868,MR
../data/DWT_NEW/MR/New_MR_189.wav,106.07247924804688,1.8737045526504517,-4.365011692047119,12.982812881469727,-3.970242977142334,5.487303733825684,-5.162260055541992,0.6187800168991089,-0.3158515691757202,11.160321235656738,-1.959951400756836,3.031869888305664,-1.0565166473388672,-5.822653293609619,-5.62408447265625,-1.9185110330581665,3.5852675437927246,-1.1790764331817627,0.3797175884246826,3.0325560569763184,2.4961323738098145,1.073133111000061,1.6813989877700806,-3.3536787033081055,4.6814680099487305,-0.44355064630508423,-10.229220390319824,-2.448793649673462,-2.4608898162841797,1.4711108207702637,2.5855093002319336,-0.7903697490692139,2.8820276260375977,1.3972225189208984,-2.451366662979126,3.2431654930114746,4.388822555541992,1.2807801961898804,-3.2487692832946777,0.16730889678001404,0.16703368723392487,0.1742657870054245,0.25436097383499146,0.3188278079032898,0.3505728840827942,0.3336496949195862,0.26094841957092285,0.13529902696609497,0.0776616781949997,0.24738089740276337,0.39514607191085815,0.4522118866443634,0.3856942057609558,0.20915398001670837,0.14007309079170227,0.3089289367198944,0.3510192632675171,0.2288103699684143,0.2580986022949219,0.42695021629333496,0.39755165576934814,0.2648634910583496,0.3286336362361908,0.3094456195831299,0.32276463508605957,0.36189430952072144,0.3712114691734314,0.4149169325828552,0.3722307085990906,0.3135133385658264,0.3430442214012146,0.37252455949783325,0.2911375164985657,0.21082764863967896,0.2158171534538269,0.19862040877342224,0.23314376175403595,0.2900818884372711,0.31466126441955566,0.31220588088035583,0.24498403072357178,0.1481146216392517,0.057518377900123596,0.10301803797483444,0.16153393685817719,0.2066642940044403,0.3172496557235718,0.46646201610565186,0.5127589106559753,0.43818509578704834,0.35855358839035034,0.3527318835258484,0.2999333441257477,0.25615590810775757,0.23521292209625244,0.26311424374580383,0.31752336025238037,0.283245325088501,0.20360928773880005,0.2187296450138092,0.27911072969436646,MR
../data/DWT_NEW/MR/New_MR_093.wav,138.26986694335938,-17.764076232910156,11.458111763000488,-3.481362819671631,-10.655431747436523,-5.737842082977295,-6.759483814239502,9.13945198059082,1.4379428625106812,-1.2924883365631104,-2.344651222229004,-13.609472274780273,4.673717498779297,1.0200448036193848,3.9054954051971436,-3.063235282897949,-6.181396007537842,4.389248847961426,-0.9818947315216064,-11.993219375610352,1.0984808206558228,5.979952335357666,-1.895282506942749,-3.9947266578674316,9.01244068145752,9.824311256408691,-2.865992546081543,7.914486885070801,-2.6312203407287598,-6.330709457397461,-2.6247870922088623,0.6073564887046814,2.4030909538269043,3.280608654022217,-2.6250381469726562,-5.031342506408691,1.9879517555236816,-1.8358228206634521,7.581656455993652,4.2322540283203125,0.30082327127456665,0.15066814422607422,0.11390896141529083,0.14284956455230713,0.2058437168598175,0.2550533413887024,0.27075374126434326,0.2517973482608795,0.2186991572380066,0.20466512441635132,0.20372018218040466,0.17930537462234497,0.13502845168113708,0.10935230553150177,0.11986486613750458,0.15576758980751038,0.219253271818161,0.2245161235332489,0.136262908577919,0.24054419994354248,0.3475577235221863,0.28998830914497375,0.19748103618621826,0.23698469996452332,0.23586662113666534,0.35104548931121826,0.3570067286491394,0.3152164816856384,0.24919378757476807,0.3459668457508087,0.3926798403263092,0.28574198484420776,0.43646878004074097,0.41632184386253357,0.36366528272628784,0.45954492688179016,0.3337511420249939,0.37135767936706543,0.34380751848220825,0.3025630712509155,0.3978443145751953,0.47520241141319275,0.6081394553184509,0.6927032470703125,0.7267771363258362,0.6060117483139038,0.3289318084716797,0.20148131251335144,0.41685742139816284,0.5291340351104736,0.648276686668396,0.8071471452713013,0.7955189347267151,0.7424944639205933,0.7595410346984863,0.5798962116241455,0.286068320274353,0.3063860535621643,0.3437192440032959,0.26576799154281616,0.2741940915584564,MR
../data/DWT_NEW/MR/New_MR_148.wav,115.83588409423828,-36.209171295166016,-14.408651351928711,-5.418288707733154,-5.301440715789795,-4.65593147277832,9.480072975158691,-0.29546624422073364,-3.6091980934143066,-8.854037284851074,3.884951114654541,-3.727374315261841,0.3019859194755554,1.1743489503860474,-2.8537511825561523,-2.391505718231201,-3.4739480018615723,-1.9232877492904663,-0.8406975269317627,-1.2433314323425293,-5.712606430053711,-0.8902345299720764,-0.42315346002578735,2.5428566932678223,2.3220181465148926,4.134389877319336,5.290731430053711,0.700838565826416,1.979475498199463,1.2442047595977783,2.8356573581695557,-3.121968984603882,0.012145400047302246,0.9931556582450867,0.666130006313324,-1.0957125425338745,-4.214615821838379,1.3523294925689697,3.49997615814209,-1.2277264595031738,0.22934406995773315,0.08221996575593948,0.0982915461063385,0.10776519775390625,0.1082775816321373,0.10031125694513321,0.09124401211738586,0.09295393526554108,0.10823522508144379,0.12368026375770569,0.12294290959835052,0.09609697759151459,0.05487625300884247,0.0746486485004425,0.12839195132255554,0.15576991438865662,0.13488787412643433,0.07609479874372482,0.046734441071748734,0.06542497873306274,0.05399995669722557,0.0938323512673378,0.14459000527858734,0.14284825325012207,0.14066995680332184,0.15648230910301208,0.12019529938697815,0.10773466527462006,0.13730570673942566,0.22476351261138916,0.2528022229671478,0.19510866701602936,0.16075727343559265,0.20332369208335876,0.2008523941040039,0.15521353483200073,0.1281905621290207,0.11393356323242188,0.11379589140415192,0.1460312008857727,0.18276624381542206,0.2225545048713684,0.25200316309928894,0.2512103319168091,0.20799317955970764,0.17379111051559448,0.20722109079360962,0.2263602316379547,0.18986403942108154,0.07426666468381882,0.09952303022146225,0.21139101684093475,0.25101661682128906,0.21167723834514618,0.16847126185894012,0.18588271737098694,0.21073788404464722,0.2601200342178345,0.2327376902103424,0.19997727870941162,0.1345069408416748,MR
../data/DWT_NEW/MR/New_MR_152.wav,133.0667266845703,-35.28230285644531,-15.570664405822754,-0.366593599319458,6.671304702758789,3.1848182678222656,12.471664428710938,2.692167282104492,3.9015231132507324,-6.590864658355713,2.2164525985717773,-1.4434458017349243,7.744442462921143,2.6619486808776855,0.7338913679122925,0.20854416489601135,-2.955778121948242,-1.1499398946762085,-1.925675630569458,-0.728999137878418,-6.226641654968262,2.2807705402374268,1.538560390472412,3.51081919670105,2.6892588138580322,3.1732256412506104,3.9788618087768555,3.3464720249176025,0.24665327370166779,-2.0880842208862305,-0.7204397916793823,-2.741800308227539,-0.830512523651123,-0.2075708508491516,-1.155113697052002,0.3870593309402466,-4.2812395095825195,-0.297413170337677,1.7023619413375854,-1.255394697189331,0.27023860812187195,0.1925990879535675,0.25325509905815125,0.31073200702667236,0.3568708300590515,0.38317185640335083,0.3862219452857971,0.3627360761165619,0.31421470642089844,0.25515300035476685,0.20620018243789673,0.18001317977905273,0.15905198454856873,0.10912658274173737,0.051014769822359085,0.1569114625453949,0.27558279037475586,0.34454280138015747,0.32985720038414,0.2375769466161728,0.1259211301803589,0.13575106859207153,0.12145310640335083,0.16396699845790863,0.24910816550254822,0.2440260946750641,0.21473106741905212,0.2324712872505188,0.2254592478275299,0.2168855369091034,0.22346419095993042,0.2539689540863037,0.2606942057609558,0.24298712611198425,0.23050881922245026,0.22712741792201996,0.21458524465560913,0.18237948417663574,0.1431140899658203,0.10460406541824341,0.13909414410591125,0.2136995792388916,0.2724601626396179,0.2979002594947815,0.2854415476322174,0.24573273956775665,0.1693558245897293,0.08480620384216309,0.1388450264930725,0.19209140539169312,0.1798233836889267,0.11939745396375656,0.08166716992855072,0.12341964244842529,0.10797931253910065,0.13243335485458374,0.17867691814899445,0.1303943693637848,0.030975215137004852,0.1044541448354721,0.14414995908737183,MR
../data/DWT_NEW/MR/New_MR_077.wav,139.95867919921875,-28.904024124145508,-8.755500793457031,1.959104299545288,-4.8306565284729,0.6530826091766357,11.59593677520752,3.303463935852051,-3.0088632106781006,-4.410682678222656,0.9516460299491882,-1.6789207458496094,2.715884208679199,7.7017998695373535,1.0421833992004395,-2.1180641651153564,-1.9146685600280762,-5.075096130371094,3.0887017250061035,-4.454327583312988,-5.929868698120117,-2.9231550693511963,0.39813268184661865,2.6203033924102783,1.2641433477401733,2.544806480407715,0.26850274205207825,0.11239814758300781,-1.9723131656646729,-0.17216002941131592,1.575701355934143,-3.362264633178711,1.128953218460083,1.6775782108306885,2.26121187210083,-0.9176459908485413,-5.4026947021484375,2.229297637939453,2.861764907836914,-1.0784127712249756,0.2728358209133148,0.17290499806404114,0.18486188352108002,0.19700461626052856,0.20606300234794617,0.20904967188835144,0.20686587691307068,0.2013300657272339,0.19712799787521362,0.20206588506698608,0.2170495092868805,0.233470618724823,0.24492856860160828,0.2545897960662842,0.267712265253067,0.2865130305290222,0.29630839824676514,0.27212563157081604,0.2141123116016388,0.15474355220794678,0.1718427836894989,0.24892021715641022,0.3177214562892914,0.32070624828338623,0.23929783701896667,0.12294784188270569,0.12135329842567444,0.2506537139415741,0.28295472264289856,0.177044078707695,0.0763949602842331,0.18241746723651886,0.1829015016555786,0.07335555553436279,0.10962165147066116,0.1409226357936859,0.17092211544513702,0.21125532686710358,0.23397746682167053,0.2302105873823166,0.22641430795192719,0.22254061698913574,0.2566608190536499,0.3263067603111267,0.365638792514801,0.3426641821861267,0.2607451379299164,0.1459657847881317,0.12470266222953796,0.19699826836585999,0.2567179799079895,0.26676222681999207,0.1726379096508026,0.09374433755874634,0.23070377111434937,0.2066127508878708,0.053932271897792816,0.13985425233840942,0.17621365189552307,0.20121076703071594,0.2054687887430191,MR
../data/DWT_NEW/MR/New_MR_174.wav,141.81088256835938,-32.493831634521484,-11.907018661499023,4.362954139709473,4.861148834228516,6.757368087768555,14.897285461425781,10.243871688842773,2.2059953212738037,-2.1572484970092773,2.158256769180298,0.7550109624862671,6.902588844299316,4.562411308288574,-0.8614662885665894,-4.284814357757568,-1.831327199935913,-4.116615295410156,0.21445733308792114,-3.034166097640991,-4.420614242553711,-0.7610815763473511,1.5073187351226807,-0.4124317169189453,2.638077735900879,2.9188380241394043,6.18343448638916,3.9258487224578857,2.3919920921325684,-2.1696367263793945,-0.47200384736061096,-4.652665615081787,-1.0318655967712402,-3.5483310222625732,-0.31816303730010986,-1.1940927505493164,-4.152873992919922,-0.5471588969230652,2.901186943054199,-1.7201623916625977,0.2877548933029175,0.3038501441478729,0.37006568908691406,0.4286883473396301,0.47109317779541016,0.4894369840621948,0.48465415835380554,0.45989516377449036,0.4253031611442566,0.4005907475948334,0.3904007375240326,0.36966753005981445,0.3086233139038086,0.19569751620292664,0.13681766390800476,0.2972005605697632,0.4378405809402466,0.47657960653305054,0.4132835566997528,0.3453633189201355,0.36418551206588745,0.3266371190547943,0.2146582305431366,0.22797302901744843,0.2794783413410187,0.2413790225982666,0.32821333408355713,0.3302924931049347,0.24572232365608215,0.19272656738758087,0.21799784898757935,0.2452615201473236,0.25696468353271484,0.23958507180213928,0.21085228025913239,0.18433332443237305,0.17302781343460083,0.13357490301132202,0.09498262405395508,0.10637446492910385,0.170915886759758,0.23578274250030518,0.2796960771083832,0.2886858284473419,0.2580089867115021,0.20301683247089386,0.11440087854862213,0.057542584836483,0.1428995132446289,0.19509810209274292,0.1942022144794464,0.1376764178276062,0.053103942424058914,0.12548524141311646,0.15256184339523315,0.1822792887687683,0.2023804783821106,0.13750222325325012,0.02277759090065956,0.08156245946884155,0.11508627980947495,MR
../data/DWT_NEW/MR/New_MR_179.wav,122.92547607421875,-37.56585693359375,-15.945304870605469,-2.4258060455322266,3.868711471557617,4.50862979888916,9.543588638305664,1.1817760467529297,-0.6506404876708984,-6.587428092956543,-3.8408026695251465,-1.2196224927902222,4.9831318855285645,6.618974685668945,0.12612426280975342,-1.3335788249969482,-3.133012056350708,-7.462225914001465,0.16179218888282776,-5.766489028930664,-4.54332160949707,1.2456713914871216,6.595943450927734,6.199245452880859,7.33438777923584,3.0757808685302734,2.469943046569824,-1.0044676065444946,0.042242348194122314,-3.534269332885742,1.7208346128463745,-4.7909393310546875,3.0813841819763184,2.29288387298584,2.8851914405822754,-0.00480729341506958,-4.493806838989258,-1.0697300434112549,3.045712947845459,0.03642165660858154,0.24845275282859802,0.17589855194091797,0.20387838780879974,0.22652015089988708,0.2383677363395691,0.23451362550258636,0.21473732590675354,0.18010343611240387,0.13682374358177185,0.10092313587665558,0.09082772582769394,0.0987575352191925,0.10438589751720428,0.11340151727199554,0.1430947184562683,0.1843940168619156,0.21317735314369202,0.20930740237236023,0.16940699517726898,0.10400605201721191,0.05948401987552643,0.08118688315153122,0.07977902889251709,0.142669677734375,0.21522414684295654,0.21069295704364777,0.21116012334823608,0.23673474788665771,0.23217523097991943,0.21974293887615204,0.24015259742736816,0.26954197883605957,0.2567659020423889,0.22216372191905975,0.20823824405670166,0.20595113933086395,0.19425390660762787,0.17246133089065552,0.15086552500724792,0.1256811022758484,0.08604303747415543,0.11667388677597046,0.18599510192871094,0.23512336611747742,0.25512364506721497,0.25911372900009155,0.205210879445076,0.12020071595907211,0.06627649068832397,0.112709641456604,0.13416948914527893,0.14184066653251648,0.1350356936454773,0.13255777955055237,0.0890122503042221,0.08278662711381912,0.14917610585689545,0.14216798543930054,0.08045298606157303,0.08056776970624924,0.11413262784481049,MR
../data/DWT_NEW/MR/New_MR_124.wav,118.94886016845703,-28.68307113647461,-1.6251559257507324,3.518218994140625,1.0093317031860352,1.013660192489624,15.433987617492676,4.573099136352539,0.33237913250923157,-5.864380836486816,4.770846366882324,0.4053809642791748,3.1788315773010254,1.4736403226852417,-1.884418249130249,-1.6167066097259521,-3.4109818935394287,-3.102680206298828,0.18355247378349304,-3.1117308139801025,-3.7422547340393066,-2.170011043548584,-1.5006645917892456,1.3751921653747559,1.7214946746826172,1.8866328001022339,2.746504068374634,0.36173737049102783,0.8593308925628662,1.7255613803863525,3.257333993911743,-3.924342632293701,0.10137629508972168,-0.8363410234451294,-0.48583656549453735,-1.445471167564392,-5.502790451049805,1.8595284223556519,3.882568597793579,-1.2894259691238403,0.23014946281909943,0.20035171508789062,0.2233991026878357,0.2483706921339035,0.2739737629890442,0.2971882224082947,0.31657299399375916,0.3275461494922638,0.3252140283584595,0.3118150234222412,0.2909198999404907,0.2623124122619629,0.22401447594165802,0.16699433326721191,0.11887418478727341,0.17970332503318787,0.2731500267982483,0.31513869762420654,0.28976234793663025,0.2793712317943573,0.3403979241847992,0.33007529377937317,0.2268449366092682,0.2046145647764206,0.22133490443229675,0.2569780647754669,0.3516385555267334,0.3364619314670563,0.25157374143600464,0.2508745491504669,0.3090117573738098,0.31079602241516113,0.25633013248443604,0.24182569980621338,0.23409518599510193,0.20146742463111877,0.16238364577293396,0.14256958663463593,0.14323124289512634,0.1575416922569275,0.1774456799030304,0.2004198133945465,0.21405422687530518,0.2168799340724945,0.2070477306842804,0.18936026096343994,0.15241487324237823,0.0912247747182846,0.1131506934762001,0.14818036556243896,0.1629471778869629,0.15931078791618347,0.14400236308574677,0.10803394019603729,0.08415298163890839,0.15372394025325775,0.18814972043037415,0.12629586458206177,0.015408557839691639,0.10408753156661987,0.13103188574314117,MR
../data/DWT_NEW/MR/New_MR_199.wav,90.31918334960938,-17.097640991210938,7.41063117980957,-3.1949167251586914,-8.696982383728027,25.527978897094727,-10.38394832611084,9.235296249389648,1.6328647136688232,7.374300003051758,2.7808914184570312,-7.507034778594971,5.8263397216796875,-10.208808898925781,-0.7999014854431152,0.4521506428718567,1.4485135078430176,1.448816180229187,1.192405104637146,6.781558990478516,6.027963638305664,8.422670364379883,-1.4889345169067383,2.0358076095581055,-1.7756381034851074,3.4792747497558594,-5.999959945678711,1.3404415845870972,1.7418298721313477,2.0625243186950684,1.7815985679626465,6.344506740570068,1.4818458557128906,0.3133911192417145,-0.47786545753479004,-0.07023859024047852,1.5548007488250732,-4.208252906799316,-1.9261276721954346,3.768281936645508,0.1934158354997635,0.2071278691291809,0.14253349602222443,0.10985980927944183,0.15820272266864777,0.23282022774219513,0.2881959080696106,0.29995810985565186,0.2570936977863312,0.1870644986629486,0.21290704607963562,0.3514289855957031,0.4735722541809082,0.5095107555389404,0.4302310645580292,0.2566070556640625,0.10338449478149414,0.1619328260421753,0.18291564285755157,0.1315128654241562,0.15615642070770264,0.1534157544374466,0.09186473488807678,0.04552769288420677,0.08370184153318405,0.1296234279870987,0.16343563795089722,0.2707321047782898,0.29502323269844055,0.27907252311706543,0.2468799501657486,0.24949949979782104,0.2371027171611786,0.18148432672023773,0.16833040118217468,0.16800066828727722,0.20614701509475708,0.2953639030456543,0.322856068611145,0.2824864387512207,0.2088201344013214,0.12064458429813385,0.10543572902679443,0.1416880041360855,0.1472082883119583,0.13849639892578125,0.17095482349395752,0.24133513867855072,0.2943982481956482,0.308782696723938,0.31127893924713135,0.3348306119441986,0.3270009458065033,0.2445961833000183,0.13577955961227417,0.12393935024738312,0.16629324853420258,0.14145229756832123,0.07962104678153992,0.04589778929948807,0.05562383681535721,MR
../data/DWT_NEW/MR/New_MR_032.wav,130.92161560058594,-37.873191833496094,-16.8377685546875,-2.0560967922210693,1.6934951543807983,3.7811203002929688,12.160432815551758,3.037818431854248,-2.1047515869140625,-11.386102676391602,-0.6926116943359375,-3.2301220893859863,3.134655714035034,0.7605202198028564,-1.1462931632995605,0.6583329439163208,-3.8654112815856934,-2.8506431579589844,-1.0039293766021729,-5.537113189697266,-5.826305866241455,0.5986543297767639,-0.22014492750167847,2.79531192779541,5.6424560546875,3.3047003746032715,3.568024158477783,1.4996402263641357,-0.9652937054634094,0.800406277179718,4.817730903625488,-3.855217933654785,1.549494743347168,2.6885225772857666,2.6419618129730225,1.4958646297454834,-2.280376434326172,1.1542706489562988,4.867376327514648,0.3051716685295105,0.2679043710231781,0.13850536942481995,0.1360323429107666,0.13009057939052582,0.11707361787557602,0.09370221197605133,0.059687547385692596,0.0192841999232769,0.04221935570240021,0.09333266317844391,0.13788071274757385,0.16517221927642822,0.1698053479194641,0.15278677642345428,0.11747894436120987,0.08801515400409698,0.07982144504785538,0.06780534237623215,0.04088299348950386,0.09374895691871643,0.17718076705932617,0.22621625661849976,0.2181658148765564,0.1976359784603119,0.20483997464179993,0.15901416540145874,0.16957513988018036,0.21644923090934753,0.18799486756324768,0.23283612728118896,0.20076647400856018,0.15043406188488007,0.16485491394996643,0.1549164056777954,0.1437882035970688,0.14965039491653442,0.14744850993156433,0.13361048698425293,0.13622257113456726,0.16195595264434814,0.1927129626274109,0.22610339522361755,0.24715599417686462,0.23878902196884155,0.19942252337932587,0.19549690186977386,0.19760537147521973,0.1726188212633133,0.1106228232383728,0.07447215169668198,0.18697723746299744,0.28218820691108704,0.30826878547668457,0.2775069773197174,0.29402536153793335,0.3354509174823761,0.3526862561702728,0.3589214086532593,0.30839523673057556,0.24557988345623016,0.13904714584350586,MR
../data/DWT_NEW/MR/New_MR_123.wav,126.13916015625,-35.73080825805664,-17.226940155029297,-1.4079281091690063,5.468408107757568,5.581993103027344,11.626080513000488,1.3340280055999756,1.2615599632263184,-8.832630157470703,1.7614827156066895,-3.3664231300354004,7.446300506591797,2.2038261890411377,-0.2560119330883026,0.36230605840682983,-4.097618103027344,-3.0828261375427246,-2.31013822555542,-1.047619342803955,-7.104012489318848,3.0343174934387207,2.967451572418213,3.4165096282958984,3.515920639038086,3.097296953201294,2.289106845855713,1.5802429914474487,-0.44950082898139954,-0.30135756731033325,1.4285751581192017,-2.5310654640197754,-0.2039507031440735,0.7577895522117615,-0.3235620856285095,-0.05696427822113037,-3.521055221557617,-0.29039400815963745,2.9864227771759033,0.11521178483963013,0.2511543333530426,0.1443062126636505,0.19087934494018555,0.2330891340970993,0.2642492651939392,0.27828696370124817,0.2741421163082123,0.252306193113327,0.21814487874507904,0.18567997217178345,0.16682511568069458,0.15773959457874298,0.1436186134815216,0.12171053141355515,0.1111624613404274,0.15855933725833893,0.2253868579864502,0.26253390312194824,0.2442820817232132,0.16999110579490662,0.08590291440486908,0.10380809754133224,0.10010639578104019,0.1524347960948944,0.23020082712173462,0.22602783143520355,0.2377428561449051,0.2726641893386841,0.24963587522506714,0.2080501914024353,0.23433178663253784,0.28459322452545166,0.2688562870025635,0.21821165084838867,0.20319847762584686,0.20390096306800842,0.18788696825504303,0.16091398894786835,0.12456393241882324,0.09028105437755585,0.08800554275512695,0.15276603400707245,0.20890924334526062,0.2323540449142456,0.21303655207157135,0.17486026883125305,0.1070035994052887,0.09773288667201996,0.14597247540950775,0.14016278088092804,0.11206664144992828,0.15128789842128754,0.18835195899009705,0.1729031801223755,0.07425252348184586,0.12725533545017242,0.1891355812549591,0.15432900190353394,0.0985170230269432,0.11412124335765839,0.12561266124248505,MR
../data/DWT_NEW/MR/New_MR_007.wav,99.01488494873047,-52.94481658935547,2.6262030601501465,-7.1027140617370605,-1.4394737482070923,2.084679126739502,-7.7874298095703125,-1.9411203861236572,1.0361782312393188,5.9467010498046875,6.894928932189941,0.33712244033813477,14.137399673461914,3.2563979625701904,2.2858333587646484,-0.03406262397766113,2.993941307067871,5.705469131469727,-2.984403371810913,0.1262519359588623,-0.1918010711669922,1.0946192741394043,6.806212425231934,1.4180338382720947,-0.41175270080566406,8.332796096801758,7.544992446899414,1.1365132331848145,0.0688597559928894,2.4603075981140137,1.1867985725402832,0.7448409795761108,-2.0977025032043457,1.4464062452316284,1.4890292882919312,-2.695479154586792,2.6361165046691895,2.1265945434570312,-2.1165225505828857,1.7811317443847656,0.23319852352142334,0.2575327455997467,0.2552511692047119,0.24879011511802673,0.2359810620546341,0.2165045291185379,0.1927487999200821,0.16629855334758759,0.13866160809993744,0.11389284580945969,0.09458575397729874,0.07996206730604172,0.0693960040807724,0.057504668831825256,0.03879785165190697,0.015538913197815418,0.041727107018232346,0.0901011973619461,0.1323562115430832,0.14863301813602448,0.12618853151798248,0.077314592897892,0.053530286997556686,0.06069035455584526,0.04423242434859276,0.04508091136813164,0.056437090039253235,0.07661733776330948,0.1321735680103302,0.1518629640340805,0.11221760511398315,0.05424342304468155,0.095674529671669,0.1394699215888977,0.11614518612623215,0.052282869815826416,0.03569110110402107,0.06955627351999283,0.09373954683542252,0.10141456127166748,0.06656552851200104,0.11754169315099716,0.21712391078472137,0.2114952653646469,0.1968202143907547,0.2637542486190796,0.2686137855052948,0.20785869657993317,0.1890043318271637,0.19428792595863342,0.13230696320533752,0.02853984571993351,0.07708820700645447,0.15130220353603363,0.1868768185377121,0.16014692187309265,0.08729594200849533,0.111306332051754,0.12811514735221863,0.02910306490957737,0.17780563235282898,MR
../data/DWT_NEW/MR/New_MR_009.wav,82.0726547241211,-44.93547821044922,5.773615837097168,-7.4001970291137695,3.9440531730651855,5.200485706329346,-5.752629280090332,3.2499866485595703,-4.575572967529297,3.1386921405792236,-4.001643657684326,-5.285314559936523,7.079984664916992,-2.101925849914551,-3.258335828781128,-7.257969856262207,4.735413551330566,6.265048027038574,0.49056169390678406,3.3543882369995117,0.5166376233100891,-7.74130916595459,-1.3742451667785645,-4.292210578918457,-3.864901065826416,2.2027792930603027,-1.7264580726623535,-1.957092523574829,-1.4760503768920898,-5.360223770141602,-1.4994616508483887,-1.7980306148529053,-1.6479277610778809,-3.112637758255005,0.8143022060394287,-0.3297201693058014,1.8613799810409546,0.9865569472312927,-1.9677566289901733,3.4646406173706055,0.18226777017116547,0.07585986703634262,0.08358369022607803,0.09225679934024811,0.10081388801336288,0.10958699136972427,0.11904339492321014,0.12961933016777039,0.13974826037883759,0.14908966422080994,0.15511175990104675,0.15167276561260223,0.13578669726848602,0.10375708341598511,0.05651259794831276,0.03570973128080368,0.08779300004243851,0.13254766166210175,0.15028445422649384,0.15439681708812714,0.18028131127357483,0.22120064496994019,0.2243357002735138,0.16713814437389374,0.10306846350431442,0.09608606994152069,0.1050238311290741,0.1746906340122223,0.22630180418491364,0.19806385040283203,0.13121478259563446,0.06220025569200516,0.011602341197431087,0.0763080045580864,0.154868021607399,0.21732506155967712,0.23024176061153412,0.17292308807373047,0.15221643447875977,0.20303522050380707,0.2148439735174179,0.20690669119358063,0.17989018559455872,0.10702410340309143,0.06888385862112045,0.11752276122570038,0.17315766215324402,0.2184796780347824,0.25433099269866943,0.26624640822410583,0.22468294203281403,0.1364135593175888,0.09529121220111847,0.20661668479442596,0.3228805363178253,0.35882577300071716,0.27452439069747925,0.19701343774795532,0.15200763940811157,0.11739616096019745,0.2542892396450043,MR
../data/DWT_NEW/MR/New_MR_164.wav,132.78073120117188,-32.14134979248047,-12.92994213104248,6.0674729347229,10.837247848510742,9.395475387573242,15.85180377960205,5.550069808959961,-3.1675617694854736,-10.784807205200195,-1.266785740852356,-2.1736900806427,5.687760353088379,4.438426971435547,0.14081037044525146,1.220458745956421,-2.07712721824646,-3.7928643226623535,-0.3892783522605896,-1.1812560558319092,-5.931934356689453,2.944298267364502,0.5366926193237305,3.760106086730957,3.4748916625976562,2.2876687049865723,1.0190180540084839,1.7977415323257446,-0.7822027206420898,-2.2216532230377197,1.5368330478668213,-1.8939549922943115,0.12775814533233643,1.7652819156646729,2.3944218158721924,3.4531538486480713,-3.0324161052703857,-0.09098473191261292,2.8488450050354004,-1.6148531436920166,0.25988245010375977,0.3980180621147156,0.37964481115341187,0.3338744044303894,0.25908565521240234,0.15924926102161407,0.0611879825592041,0.11632872372865677,0.21234673261642456,0.2712852954864502,0.2697902321815491,0.198309987783432,0.09784781187772751,0.20558205246925354,0.3563963770866394,0.4368118643760681,0.39897555112838745,0.2526301145553589,0.1257026642560959,0.20094023644924164,0.2305210828781128,0.18816080689430237,0.30591607093811035,0.35475289821624756,0.275259792804718,0.15374158322811127,0.15996751189231873,0.31515392661094666,0.37832891941070557,0.2913416028022766,0.14938437938690186,0.26718729734420776,0.33318740129470825,0.2509651780128479,0.18529406189918518,0.18449227511882782,0.12566721439361572,0.08402909338474274,0.10118217766284943,0.13795676827430725,0.16319341957569122,0.16499094665050507,0.13275037705898285,0.10273326933383942,0.10099828988313675,0.1251400113105774,0.14303535223007202,0.12231947481632233,0.07099562883377075,0.06698209047317505,0.1668766438961029,0.23829177021980286,0.25742459297180176,0.22696122527122498,0.26773762702941895,0.3033638596534729,0.28656017780303955,0.28330281376838684,0.23500248789787292,0.18822163343429565,0.1160244345664978,MR
../data/DWT_NEW/MR/New_MR_046.wav,68.85991668701172,-57.91703414916992,-0.2929419279098511,-36.011871337890625,0.981998860836029,-3.738156318664551,-2.767822027206421,0.10905963182449341,1.0401713848114014,-0.6991552114486694,1.3060288429260254,-0.3178114891052246,0.5453540086746216,1.4798773527145386,-0.3274994492530823,1.2661728858947754,0.21761450171470642,0.6511122584342957,2.3601107597351074,0.055226266384124756,1.769930362701416,1.3446300029754639,2.1362218856811523,3.8022027015686035,1.4197826385498047,0.09973340481519699,-2.5157105922698975,-2.8086063861846924,-2.5369696617126465,-1.9274449348449707,-2.1962783336639404,-1.9727613925933838,-0.8881704807281494,0.2244219183921814,0.25696292519569397,-0.5967404842376709,0.09210595488548279,-0.6963140964508057,-1.9179606437683105,-0.9921484589576721,0.22780472040176392,0.04968343675136566,0.04905659332871437,0.04351102560758591,0.03216499090194702,0.015178120695054531,0.010040327906608582,0.032971739768981934,0.05408088490366936,0.06722952425479889,0.06785426288843155,0.05455926060676575,0.03702612593770027,0.03976494073867798,0.05594480782747269,0.05785626173019409,0.044218190014362335,0.047857724130153656,0.06904072314500809,0.07079703360795975,0.05352817475795746,0.04520174115896225,0.04036638140678406,0.031867627054452896,0.03406676650047302,0.022968927398324013,0.02715463563799858,0.03069370612502098,0.04275313764810562,0.05959160998463631,0.06342960894107819,0.05455844849348068,0.06630702316761017,0.08218833804130554,0.07836978882551193,0.07407914847135544,0.09011721611022949,0.09145976603031158,0.09145358204841614,0.08951982855796814,0.0640854462981224,0.03840860351920128,0.05311425402760506,0.09796860069036484,0.13249650597572327,0.1408376395702362,0.12810704112052917,0.10712098330259323,0.0791439339518547,0.09097304940223694,0.14120838046073914,0.16452232003211975,0.15555381774902344,0.149590402841568,0.14608675241470337,0.16948828101158142,0.1955469846725464,0.1999060958623886,0.19101712107658386,0.19545377790927887,0.20827852189540863,MR
../data/DWT_NEW/MR/New_MR_054.wav,132.00823974609375,-38.706268310546875,-19.87343978881836,-4.07897424697876,-10.598101615905762,-3.4424076080322266,6.30319881439209,4.577846050262451,-4.619267463684082,-3.9647936820983887,1.5670058727264404,-2.8836448192596436,-0.16234245896339417,4.42769193649292,-1.8226706981658936,-4.662192344665527,-3.7674546241760254,-6.651820182800293,1.8322291374206543,-6.89825439453125,-6.71376895904541,-4.859713554382324,-0.4487205147743225,1.2383801937103271,2.326183319091797,2.0451064109802246,1.8723170757293701,0.22774314880371094,-0.8395973443984985,0.7950171232223511,1.9984732866287231,-7.186385154724121,-3.1179933547973633,-2.0648953914642334,-0.7282472252845764,-1.8754503726959229,-7.485788822174072,1.4025309085845947,3.225605010986328,0.8800568580627441,0.26816269755363464,0.07294880598783493,0.08796023577451706,0.10250157117843628,0.11428505182266235,0.12085136026144028,0.12131419777870178,0.11474601924419403,0.1018601804971695,0.08793964236974716,0.08089954406023026,0.08593887835741043,0.1000307947397232,0.12244237959384918,0.1442529559135437,0.16567668318748474,0.1802699863910675,0.17560002207756042,0.1462235003709793,0.09635289013385773,0.0790712907910347,0.1531222015619278,0.2022692859172821,0.19340750575065613,0.1447252780199051,0.14319446682929993,0.13436397910118103,0.14064525067806244,0.15475088357925415,0.11694273352622986,0.1596059799194336,0.18171411752700806,0.1428736001253128,0.10859030485153198,0.14982926845550537,0.1496725082397461,0.11652664840221405,0.10315904021263123,0.10025560110807419,0.11901234090328217,0.1664436310529709,0.23587894439697266,0.3103834390640259,0.35231584310531616,0.3439909517765045,0.27503451704978943,0.16998235881328583,0.11664248257875443,0.18162445724010468,0.19123119115829468,0.19340842962265015,0.19139881432056427,0.10640917718410492,0.09766112267971039,0.21271969377994537,0.16406603157520294,0.05922031030058861,0.17455105483531952,0.21996544301509857,0.24672667682170868,0.24309851229190826,MR
../data/DWT_NEW/MR/New_MR_178.wav,121.62840270996094,-47.141265869140625,-20.07828140258789,-7.442812442779541,0.22853702306747437,-0.5013722777366638,11.964034080505371,5.554056644439697,9.109187126159668,-2.4159393310546875,3.697279930114746,-2.827364444732666,7.953710079193115,2.0746099948883057,-1.589318871498108,-3.3903512954711914,-8.182090759277344,-4.145390033721924,-4.338767051696777,-3.711984395980835,-7.202206611633301,3.076625347137451,4.3476057052612305,8.705962181091309,7.795083999633789,4.863236904144287,2.948770046234131,-0.31409263610839844,-0.6510218977928162,-1.0536456108093262,0.8171693086624146,-4.295083999633789,1.1451584100723267,0.9881640672683716,0.3147995173931122,-0.7262555360794067,-4.059476852416992,1.0344020128250122,3.0465540885925293,0.7867757081985474,0.2651548683643341,0.1318061649799347,0.14390528202056885,0.15330755710601807,0.16042986512184143,0.16578269004821777,0.17103958129882812,0.17439284920692444,0.17091456055641174,0.1567755788564682,0.12865674495697021,0.08715899288654327,0.050285037606954575,0.07255235314369202,0.10503946244716644,0.11259342730045319,0.08637203276157379,0.046345099806785583,0.09809302538633347,0.14391860365867615,0.1474694162607193,0.11822587251663208,0.14259012043476105,0.17319485545158386,0.14773955941200256,0.10685677081346512,0.11469589173793793,0.1360115110874176,0.15740680694580078,0.13316673040390015,0.09772567451000214,0.12043530493974686,0.13487176597118378,0.09533455222845078,0.07965362071990967,0.07490576803684235,0.040670931339263916,0.018423739820718765,0.03831334412097931,0.04051633179187775,0.047570232301950455,0.04954677075147629,0.11661633104085922,0.18585222959518433,0.23858176171779633,0.24901840090751648,0.2110162377357483,0.13933777809143066,0.0728335827589035,0.04497501626610756,0.06783276796340942,0.09542257338762283,0.08046059310436249,0.07873570919036865,0.16655710339546204,0.1609313040971756,0.053688935935497284,0.08174709230661392,0.11591546982526779,0.13494299352169037,0.13709180057048798,MR
../data/DWT_NEW/MR/New_MR_129.wav,125.67501068115234,-35.037315368652344,-7.741251468658447,-4.409951210021973,0.07569839060306549,-1.4288303852081299,8.420153617858887,-0.6958881616592407,-4.523939609527588,-11.53200912475586,-1.5398797988891602,-8.59384536743164,1.8997459411621094,-1.5773614645004272,-2.5648226737976074,-2.1354684829711914,-5.17581033706665,-5.808032035827637,-3.7185072898864746,-2.3168282508850098,-8.420530319213867,-1.2547799348831177,0.37238776683807373,2.8630788326263428,3.2068352699279785,0.8609333038330078,0.04822337627410889,0.823633074760437,-2.0715785026550293,1.6961544752120972,3.6600897312164307,-2.9689278602600098,-1.5554981231689453,1.1138797998428345,0.02236306667327881,-0.8999517560005188,-4.184178829193115,0.6645151972770691,5.185514450073242,0.752199113368988,0.2564043700695038,0.0802670493721962,0.06744139641523361,0.0474073588848114,0.026687506586313248,0.03827490657567978,0.07307715713977814,0.10858424752950668,0.13557001948356628,0.14873065054416656,0.14457568526268005,0.12131929397583008,0.08405610918998718,0.04626354202628136,0.06561382114887238,0.1189287006855011,0.15700370073318481,0.1504386067390442,0.09610822051763535,0.13264349102973938,0.22479137778282166,0.22935988008975983,0.17143428325653076,0.22123856842517853,0.26125097274780273,0.2579135596752167,0.3181383013725281,0.3334314823150635,0.32369619607925415,0.3275300860404968,0.3676524758338928,0.38149988651275635,0.3474183678627014,0.3158600926399231,0.30538463592529297,0.2805679440498352,0.24121391773223877,0.21537286043167114,0.20697471499443054,0.19839391112327576,0.18114209175109863,0.19881118834018707,0.23438020050525665,0.2565751373767853,0.2519223392009735,0.22046008706092834,0.1605813205242157,0.1027052029967308,0.12840646505355835,0.13021855056285858,0.1286570280790329,0.1696779727935791,0.195051372051239,0.16443079710006714,0.07276761531829834,0.15618212521076202,0.22812119126319885,0.16575652360916138,0.023447783663868904,0.10710721462965012,0.15065406262874603,MR
../data/DWT_NEW/MR/New_MR_001.wav,85.02326202392578,-51.68778610229492,24.34912109375,-19.055513381958008,3.102992057800293,-8.402327537536621,6.3030266761779785,-1.182934284210205,-0.7417540550231934,4.953359603881836,-0.21349741518497467,-0.5718852877616882,1.4444555044174194,4.055707931518555,-4.753714561462402,-1.2686471939086914,1.2837355136871338,1.383404016494751,-4.745944023132324,0.9455440044403076,-1.4751241207122803,1.4962152242660522,2.7809391021728516,1.9826488494873047,0.8911563158035278,-0.8611552119255066,2.445303201675415,3.084116220474243,0.7035212516784668,3.8304505348205566,2.820509433746338,-1.4230170249938965,-4.705644607543945,1.1201882362365723,-0.5705806016921997,1.5678927898406982,-0.8790791034698486,-2.199519157409668,-0.21051716804504395,0.5596041679382324,0.3003487288951874,0.11120748519897461,0.1235552430152893,0.1403186172246933,0.15660174190998077,0.1666320413351059,0.16712717711925507,0.1555984765291214,0.1327483057975769,0.10577405989170074,0.08450552821159363,0.07436532527208328,0.06875501573085785,0.060184597969055176,0.04495842009782791,0.036482229828834534,0.05444316565990448,0.08175386488437653,0.10889570415019989,0.13561567664146423,0.1533154845237732,0.1396934539079666,0.09414610266685486,0.09716644883155823,0.10454823076725006,0.08212804049253464,0.09245248138904572,0.1050773486495018,0.10168436169624329,0.10935473442077637,0.1363924741744995,0.14648765325546265,0.13197600841522217,0.11690017580986023,0.12944582104682922,0.1223323792219162,0.09358673542737961,0.0728311762213707,0.07203394919633865,0.09294198453426361,0.12051121890544891,0.14033827185630798,0.14923354983329773,0.15620459616184235,0.16151201725006104,0.15004862844944,0.11661229282617569,0.13457050919532776,0.16884514689445496,0.14277970790863037,0.11091072857379913,0.06511908769607544,0.05725625529885292,0.079983189702034,0.10958164930343628,0.12052376568317413,0.1262957751750946,0.07200369238853455,0.035418685525655746,0.06317289918661118,0.10796564072370529,MR
../data/DWT_NEW/MR/New_MR_112.wav,133.15798950195312,-35.99520492553711,-11.994516372680664,-4.469438552856445,-0.3940976858139038,3.0294628143310547,13.21897029876709,2.296844244003296,-3.882613182067871,-11.097729682922363,1.218687891960144,-7.0034499168396,2.633657455444336,-0.6205422878265381,-2.4751596450805664,-2.164821147918701,-4.787629127502441,-4.818784236907959,-3.293208599090576,-1.7750158309936523,-8.49412727355957,3.0804333686828613,3.327355146408081,3.7092013359069824,4.0563883781433105,1.0591206550598145,2.050233840942383,-0.31984850764274597,-2.18953537940979,0.7632405757904053,2.3312888145446777,-2.183528184890747,-0.5237619876861572,1.9994783401489258,-0.794344961643219,-0.006600856781005859,-4.268376350402832,0.43077564239501953,4.900013446807861,0.619825541973114,0.2753145694732666,0.12932491302490234,0.11915378272533417,0.10460805892944336,0.08997369557619095,0.08384757488965988,0.09379307180643082,0.11318890750408173,0.12900085747241974,0.13271388411521912,0.12097048759460449,0.10018730163574219,0.10084052383899689,0.1433606594800949,0.1947624385356903,0.22812797129154205,0.22474557161331177,0.17387807369232178,0.09324998408555984,0.1010781079530716,0.1614190936088562,0.149419903755188,0.1530287265777588,0.26544177532196045,0.3023006319999695,0.25988489389419556,0.27009865641593933,0.2834952473640442,0.30864062905311584,0.3271125853061676,0.3590277433395386,0.37082934379577637,0.3407326936721802,0.30976933240890503,0.30500805377960205,0.28243377804756165,0.2368171662092209,0.20307743549346924,0.18766871094703674,0.17513293027877808,0.15240709483623505,0.15018756687641144,0.18438372015953064,0.20598815381526947,0.2016420215368271,0.17868460714817047,0.12852336466312408,0.0825810357928276,0.12733328342437744,0.12470151484012604,0.1092437356710434,0.15496990084648132,0.18281809985637665,0.1577824056148529,0.08711621910333633,0.17183661460876465,0.22525861859321594,0.15772782266139984,0.044238388538360596,0.0933150127530098,0.11746634542942047,MR
../data/DWT_NEW/MR/New_MR_118.wav,138.31967163085938,-31.40119743347168,-7.912049770355225,5.8506999015808105,1.5644365549087524,2.3763058185577393,11.039981842041016,7.299909591674805,-0.15412801504135132,-2.2654175758361816,1.8603730201721191,-2.6874990463256836,3.391230583190918,3.747117280960083,1.1272315979003906,-3.0429177284240723,-2.258150100708008,-2.5829966068267822,1.9743094444274902,-1.8675397634506226,-5.011391639709473,-2.171724557876587,-2.0328187942504883,0.9794340133666992,2.8918683528900146,2.2844533920288086,3.5543570518493652,0.71354079246521,0.14947232604026794,-1.4839321374893188,-0.7971234321594238,-4.429681301116943,0.6917352080345154,0.2034190148115158,1.4205719232559204,-0.6017346382141113,-4.450068473815918,0.44403254985809326,4.2408671379089355,-1.8261171579360962,0.27461108565330505,0.20044904947280884,0.2500718832015991,0.30127209424972534,0.34795883297920227,0.3831391930580139,0.40386831760406494,0.40603911876678467,0.3880249261856079,0.35892754793167114,0.3287220597267151,0.29695749282836914,0.2508862018585205,0.17254383862018585,0.07827180624008179,0.20307190716266632,0.36284828186035156,0.4354130029678345,0.38594403862953186,0.278721421957016,0.30656832456588745,0.31708240509033203,0.23142558336257935,0.24650129675865173,0.2807621359825134,0.27464157342910767,0.3455842137336731,0.3395874500274658,0.24691209197044373,0.24697914719581604,0.30803218483924866,0.30318328738212585,0.23171140253543854,0.2584151327610016,0.2508423626422882,0.19743146002292633,0.18758916854858398,0.17283734679222107,0.14523449540138245,0.13097214698791504,0.15762318670749664,0.20856130123138428,0.25270214676856995,0.2737819254398346,0.2645985186100006,0.22924311459064484,0.15934181213378906,0.05893509089946747,0.14480766654014587,0.20327043533325195,0.2157171368598938,0.1836269199848175,0.13154453039169312,0.09223868697881699,0.12255194783210754,0.17884944379329681,0.1918468326330185,0.13772183656692505,0.06937415897846222,0.12226871401071548,0.14763443171977997,MR
../data/DWT_NEW/MR/New_MR_169.wav,138.1060791015625,-34.80513000488281,-13.23409652709961,-0.21167421340942383,7.3527326583862305,7.067458152770996,10.744560241699219,3.183204412460327,-0.3807084560394287,-6.569015979766846,-2.376193046569824,-3.169260025024414,2.509510040283203,-1.071223258972168,-1.793135404586792,-2.7591733932495117,-3.5241780281066895,-3.3926148414611816,-1.4111288785934448,-2.4518611431121826,-4.714407920837402,1.9682613611221313,2.482426166534424,3.7512004375457764,5.640992164611816,2.683454990386963,2.8932793140411377,1.2632477283477783,-0.03972440958023071,-0.7722476720809937,3.5056076049804688,-3.2768442630767822,0.5063501596450806,0.9316558837890625,0.9887456297874451,3.36995267868042,-0.8847520351409912,1.2354048490524292,2.4386610984802246,0.1867312788963318,0.2809349596500397,0.23798343539237976,0.22636482119560242,0.20769686996936798,0.18190719187259674,0.1510109156370163,0.123305544257164,0.11001066863536835,0.11759363859891891,0.13787493109703064,0.15847383439540863,0.17211084067821503,0.1812928318977356,0.19470030069351196,0.20346608757972717,0.2030440717935562,0.1818196177482605,0.13755321502685547,0.0902106836438179,0.1364600956439972,0.21944358944892883,0.28750869631767273,0.31072670221328735,0.27819573879241943,0.2073616087436676,0.1326484978199005,0.21739938855171204,0.3380216956138611,0.3480537533760071,0.23939143121242523,0.19374792277812958,0.23217904567718506,0.2864360511302948,0.2416457235813141,0.21486255526542664,0.21065491437911987,0.1801190972328186,0.14172057807445526,0.11705497652292252,0.10899768769741058,0.13707973062992096,0.1766580045223236,0.20742082595825195,0.22490397095680237,0.23164361715316772,0.236844003200531,0.23270660638809204,0.20428285002708435,0.14492973685264587,0.13778361678123474,0.22249352931976318,0.286423921585083,0.30416518449783325,0.28139856457710266,0.2778732478618622,0.2865535020828247,0.2869889438152313,0.31112536787986755,0.27034011483192444,0.22087468206882477,0.11885030567646027,MR
../data/DWT_NEW/MR/New_MR_080.wav,64.6348876953125,-85.65145111083984,35.049720764160156,-11.531839370727539,11.677261352539062,-4.065756797790527,0.20866358280181885,-1.849994421005249,-4.896820068359375,-5.364051342010498,8.291889190673828,3.7779147624969482,4.845145225524902,-1.6804932355880737,5.070248126983643,6.307257652282715,-6.431145668029785,-1.314361572265625,0.7067505121231079,5.783485412597656,-0.667003333568573,4.152289867401123,7.858534812927246,-0.0304335355758667,-6.8916449546813965,-4.213486671447754,-1.1914550065994263,-0.9269607663154602,0.39275920391082764,0.5041197538375854,-3.749899387359619,0.7413679361343384,-0.32089537382125854,1.2823771238327026,0.14663676917552948,0.09085200726985931,0.32559967041015625,-1.9386581182479858,-0.3050745129585266,3.5687360763549805,0.43430596590042114,0.039725422859191895,0.052209872752428055,0.07022954523563385,0.09222599118947983,0.11570177972316742,0.13788536190986633,0.15401124954223633,0.15773430466651917,0.1451345980167389,0.11390135437250137,0.06598879396915436,0.021984539926052094,0.04819049686193466,0.07324390858411789,0.06789945065975189,0.037291307002305984,0.053142327815294266,0.09463435411453247,0.10528787225484848,0.07791768014431,0.05744599550962448,0.08611267805099487,0.09072698652744293,0.06685145944356918,0.07010632753372192,0.07487189024686813,0.06490977108478546,0.05614837631583214,0.05534691363573074,0.06692222505807877,0.05876799672842026,0.028938228264451027,0.04468223825097084,0.05002940818667412,0.02124004438519478,0.047332461923360825,0.037300046533346176,0.052121780812740326,0.06950753927230835,0.06793548911809921,0.0754365473985672,0.08238350600004196,0.07843387126922607,0.07039464265108109,0.06309610605239868,0.05155497044324875,0.025047296658158302,0.031947486102581024,0.04120936244726181,0.04982355609536171,0.07141100615262985,0.0772174522280693,0.0768783688545227,0.05033551901578903,0.02419026754796505,0.017129212617874146,0.048310521990060806,0.08746708184480667,0.10443343967199326,0.09645857661962509,MR
../data/DWT_NEW/MR/New_MR_115.wav,149.92599487304688,-28.802139282226562,-5.770431995391846,6.9839887619018555,7.046858787536621,5.391716480255127,12.771181106567383,3.7505924701690674,0.8809093832969666,-6.906895637512207,-1.237058162689209,-1.9770262241363525,7.606213569641113,2.830040693283081,-0.11328786611557007,-5.08375358581543,-4.525546073913574,-4.454599857330322,1.6597943305969238,-1.8277568817138672,-3.0311224460601807,2.144836187362671,1.9145163297653198,1.9260907173156738,3.225543260574341,1.2549259662628174,3.992187261581421,1.3573827743530273,0.49362996220588684,-2.9019765853881836,0.38447752594947815,-1.9684514999389648,0.9510806798934937,0.08150520920753479,0.8043848276138306,2.7591540813446045,-2.3876233100891113,1.3373658657073975,3.157721757888794,-2.504361629486084,0.30969151854515076,0.3891178369522095,0.42592567205429077,0.44761884212493896,0.4480653405189514,0.4238862097263336,0.38329362869262695,0.34003016352653503,0.315166711807251,0.3219117224216461,0.3380608856678009,0.3235527575016022,0.2601318061351776,0.17254531383514404,0.20816612243652344,0.34297871589660645,0.43527722358703613,0.42937469482421875,0.3437073528766632,0.2785647213459015,0.3124094605445862,0.32699501514434814,0.3184392750263214,0.34483829140663147,0.3298107981681824,0.24703167378902435,0.3247707486152649,0.44851189851760864,0.4085899591445923,0.27556273341178894,0.3332592248916626,0.4152190685272217,0.3884386420249939,0.2876345217227936,0.30370745062828064,0.29499101638793945,0.26115769147872925,0.2633509039878845,0.2550494074821472,0.21209436655044556,0.16271932423114777,0.1562814861536026,0.2248668372631073,0.296474814414978,0.32102614641189575,0.2789459824562073,0.20480355620384216,0.180588036775589,0.20791107416152954,0.2177228182554245,0.2139308750629425,0.17260439693927765,0.0578339621424675,0.19534993171691895,0.31146809458732605,0.25933074951171875,0.10205574333667755,0.07798026502132416,0.08044171333312988,0.09370191395282745,0.11562585085630417,MR
../data/DWT_NEW/MR/New_MR_173.wav,137.37423706054688,-30.099990844726562,-12.897886276245117,-1.5728390216827393,2.818711757659912,3.5250940322875977,13.23994255065918,6.037931442260742,-0.22093987464904785,-5.455271244049072,-4.7093586921691895,-1.7013431787490845,3.319654703140259,2.0539698600769043,-0.2886740565299988,-1.8156187534332275,-0.9624026417732239,-4.953540325164795,1.740304708480835,-2.8374810218811035,-2.6517391204833984,1.6538095474243164,5.257299423217773,1.859483242034912,4.429008483886719,1.5870128870010376,3.577096462249756,0.4693860709667206,0.6833102703094482,-3.3863911628723145,2.123192548751831,-3.8901357650756836,1.2724881172180176,-0.409909725189209,0.4578346014022827,0.49231427907943726,-3.149444103240967,-0.33439743518829346,3.781566858291626,-0.8071799278259277,0.27320703864097595,0.24041640758514404,0.29024404287338257,0.33551326394081116,0.36835309863090515,0.380562961101532,0.3692249655723572,0.330985963344574,0.2666302025318146,0.18789467215538025,0.1131206825375557,0.06912610679864883,0.05613698065280914,0.030344335362315178,0.09570172429084778,0.20783047378063202,0.30933913588523865,0.34648117423057556,0.292008638381958,0.17144720256328583,0.11013363301753998,0.14221391081809998,0.13129359483718872,0.22317802906036377,0.30990493297576904,0.2835102081298828,0.2536185085773468,0.2645462155342102,0.2914665937423706,0.3253212869167328,0.33302566409111023,0.3334672749042511,0.3394773006439209,0.3428804874420166,0.33075249195098877,0.3167760670185089,0.2985842227935791,0.26394322514533997,0.22480304539203644,0.17556455731391907,0.12870420515537262,0.19397994875907898,0.2505227327346802,0.27495241165161133,0.2647656798362732,0.22588273882865906,0.1567653864622116,0.10563279688358307,0.14999286830425262,0.15762478113174438,0.13950872421264648,0.15214674174785614,0.1773720532655716,0.18230664730072021,0.1417868733406067,0.13889265060424805,0.15664558112621307,0.10217226296663284,0.022597432136535645,0.07874485850334167,0.10027995705604553,MR
../data/DWT_NEW/MR/New_MR_138.wav,129.52780151367188,-38.0497932434082,-20.142881393432617,-4.834410667419434,-9.245296478271484,-0.25043410062789917,7.271225452423096,4.5751166343688965,-0.8310214877128601,-2.3714218139648438,1.7602916955947876,-3.532198667526245,0.9693138599395752,1.7721011638641357,-1.7746151685714722,-4.523314952850342,-3.236694574356079,-6.864786624908447,-0.12145756185054779,-7.800831317901611,-5.5515923500061035,-5.224164009094238,0.5362588167190552,1.4157007932662964,3.1654093265533447,0.13229846954345703,2.9370884895324707,-0.5460454225540161,-0.5774827003479004,1.1526650190353394,1.49985933303833,-4.153570175170898,-1.6473109722137451,1.1875004768371582,0.9037213325500488,-0.8021275997161865,-5.649681568145752,1.2089927196502686,2.452812433242798,-0.7776432633399963,0.25931572914123535,0.07195673882961273,0.06291680783033371,0.051226042211055756,0.04344252869486809,0.05060999095439911,0.07104745507240295,0.09353680908679962,0.10891800373792648,0.11157801747322083,0.09836836159229279,0.07256224751472473,0.06570306420326233,0.11356337368488312,0.16812962293624878,0.20370420813560486,0.20572932064533234,0.1738276183605194,0.13256730139255524,0.10931558907032013,0.08012359589338303,0.09380379319190979,0.19403353333473206,0.25438129901885986,0.22731620073318481,0.14850150048732758,0.1368466317653656,0.16251108050346375,0.21102717518806458,0.18456700444221497,0.14944174885749817,0.16359207034111023,0.1483088731765747,0.0979287400841713,0.10299181938171387,0.08516398817300797,0.06003079563379288,0.0660237967967987,0.07516689598560333,0.07520754635334015,0.08617690950632095,0.13857538998126984,0.21338117122650146,0.2743259072303772,0.29786157608032227,0.2635437250137329,0.1869225651025772,0.1000446081161499,0.12282541394233704,0.137325257062912,0.14454731345176697,0.15793606638908386,0.10957806557416916,0.0897979736328125,0.16630131006240845,0.12629251182079315,0.061847057193517685,0.15903474390506744,0.18874889612197876,0.2181302309036255,0.20348186790943146,MR
../data/DWT_NEW/MR/New_MR_060.wav,125.25401306152344,-41.930580139160156,-15.652761459350586,-8.43030071258545,-7.2615766525268555,-3.6218628883361816,9.702936172485352,-0.8797490000724792,-0.8896999955177307,-11.786162376403809,-1.386825442314148,-7.671614170074463,1.7091922760009766,-1.252515196800232,-2.148818016052246,-1.000317096710205,-4.550769805908203,-1.0788490772247314,-1.4567666053771973,-2.2147817611694336,-7.041728973388672,-0.539939284324646,-0.11706531047821045,4.314120769500732,3.4566359519958496,1.8849611282348633,2.6755623817443848,1.8002583980560303,0.9943140149116516,2.8813412189483643,4.035618782043457,-2.049859046936035,1.751589059829712,2.5762383937835693,0.9296571016311646,0.42136889696121216,-2.9213242530822754,1.4401936531066895,4.905158519744873,-0.33735391497612,0.2656027376651764,0.08178667724132538,0.0873837023973465,0.08946287631988525,0.08812471479177475,0.08398124575614929,0.07897588610649109,0.07359697669744492,0.0667172372341156,0.057586975395679474,0.04747774451971054,0.04451335221529007,0.0577935054898262,0.08262191712856293,0.09626950323581696,0.09428856521844864,0.07402932643890381,0.0416998527944088,0.02112581580877304,0.034907978028059006,0.05831458792090416,0.11616706848144531,0.1824200451374054,0.2120968997478485,0.18290287256240845,0.11965814977884293,0.08941612392663956,0.14792002737522125,0.21101394295692444,0.19635161757469177,0.13371875882148743,0.169859379529953,0.19130009412765503,0.15965881943702698,0.1473296731710434,0.14526523649692535,0.11511944234371185,0.08399038016796112,0.061071865260601044,0.0533699132502079,0.06930956244468689,0.10507307946681976,0.1576947569847107,0.20475538074970245,0.2318287193775177,0.22287994623184204,0.18058696389198303,0.13247326016426086,0.1272333413362503,0.10282069444656372,0.09285030514001846,0.1507074236869812,0.13538047671318054,0.07818125188350677,0.17599625885486603,0.1836957484483719,0.0571911484003067,0.12603048980236053,0.16555078327655792,0.17614427208900452,0.17907503247261047,MR
../data/DWT_NEW/MR/New_MR_142.wav,129.4157257080078,-26.701065063476562,-2.256415367126465,1.3671733140945435,-2.8706860542297363,-3.547590732574463,11.852319717407227,4.750742435455322,2.5114943981170654,-5.827917575836182,3.224287986755371,-0.8636113405227661,4.756597995758057,3.9157702922821045,-0.5066726207733154,-1.7207765579223633,-3.509126663208008,-0.9855632781982422,0.5573996305465698,-1.6327040195465088,-5.376093864440918,0.7275059819221497,-1.2133023738861084,2.0958149433135986,-0.10784238576889038,1.6253070831298828,2.551305055618286,0.4555457830429077,-0.1605973243713379,1.6854031085968018,1.6973072290420532,-2.458329677581787,0.261849969625473,0.5576316118240356,1.3272061347961426,-0.005799472332000732,-4.783050060272217,0.5826689004898071,2.967099189758301,-1.861189603805542,0.24816037714481354,0.3216240704059601,0.310281902551651,0.2742055058479309,0.21077248454093933,0.1218487024307251,0.03127484396100044,0.11386984586715698,0.2085667997598648,0.26549404859542847,0.2621706426143646,0.18615001440048218,0.07364200055599213,0.1855100691318512,0.34261786937713623,0.42678865790367126,0.39111045002937317,0.251190185546875,0.1270858496427536,0.20165440440177917,0.18262827396392822,0.1641315072774887,0.2733694314956665,0.3076914846897125,0.24380597472190857,0.25083112716674805,0.23375925421714783,0.25799158215522766,0.28210365772247314,0.3091692626476288,0.31670135259628296,0.2904146909713745,0.2697729766368866,0.26105308532714844,0.22742930054664612,0.182017982006073,0.17522823810577393,0.18795379996299744,0.2055131047964096,0.23569416999816895,0.2620369791984558,0.2898772954940796,0.3124537169933319,0.3101945221424103,0.2643711566925049,0.2250697761774063,0.2634440064430237,0.2940536439418793,0.2595100998878479,0.13455387949943542,0.07057196646928787,0.22615571320056915,0.3079463243484497,0.29527801275253296,0.22898954153060913,0.21136239171028137,0.19678717851638794,0.2197825014591217,0.21009674668312073,0.1865064799785614,0.10808002948760986,MR
../data/DWT_NEW/MR/New_MR_111.wav,137.904052734375,-32.55320739746094,-13.0293607711792,-9.526527404785156,-1.5024796724319458,-1.5367965698242188,6.853686332702637,-0.024601101875305176,-3.2474560737609863,-9.920808792114258,-0.39343369007110596,-5.2806854248046875,3.3222222328186035,-1.796002984046936,-2.6550841331481934,-1.2971575260162354,-3.0897443294525146,-3.87142276763916,-1.0402616262435913,-0.9867579936981201,-7.660440921783447,2.4909090995788574,1.8270366191864014,2.2012224197387695,2.317009449005127,1.0478293895721436,1.2523341178894043,2.0489697456359863,0.42992597818374634,2.5578646659851074,3.530902862548828,-0.18394224345684052,0.0839000940322876,2.563601016998291,-0.009996771812438965,0.5438258647918701,-4.186586856842041,0.5273933410644531,4.191708087921143,-0.37360185384750366,0.27901893854141235,0.13933463394641876,0.15309348702430725,0.163471519947052,0.16748708486557007,0.16247496008872986,0.14887623488903046,0.12718361616134644,0.09921734035015106,0.06897451728582382,0.03940575569868088,0.0241557564586401,0.05696030706167221,0.10205428302288055,0.14242106676101685,0.1668999046087265,0.16680532693862915,0.13674521446228027,0.08172143995761871,0.06680568307638168,0.12283821403980255,0.13257403671741486,0.12305668741464615,0.21530473232269287,0.2690521478652954,0.24502436816692352,0.2711386978626251,0.2930990159511566,0.30242103338241577,0.30963394045829773,0.3405160903930664,0.35668137669563293,0.3239930272102356,0.28973594307899475,0.2885464131832123,0.27450108528137207,0.24618709087371826,0.2332603931427002,0.22869707643985748,0.21586939692497253,0.18981778621673584,0.23117172718048096,0.28237074613571167,0.31131017208099365,0.30770039558410645,0.2704501748085022,0.19591107964515686,0.14357233047485352,0.18937981128692627,0.1805436909198761,0.14907997846603394,0.208529531955719,0.24281847476959229,0.21615874767303467,0.0991627499461174,0.18729040026664734,0.2737427055835724,0.20463556051254272,0.06354891508817673,0.10529276728630066,0.15444721281528473,MR
../data/DWT_NEW/MR/New_MR_172.wav,148.63218688964844,-31.057876586914062,-3.1546430587768555,4.102863788604736,9.352479934692383,6.319327354431152,15.298784255981445,2.1029858589172363,-1.5072307586669922,-6.07834529876709,0.6419062614440918,-1.4447380304336548,7.0082573890686035,4.6751813888549805,-0.3566524386405945,-4.078920841217041,-4.3567585945129395,-4.421984672546387,1.2956383228302002,1.9926109313964844,-4.002811908721924,-0.022040605545043945,-0.47392627596855164,0.3052102327346802,1.6120829582214355,0.6153218150138855,4.107065200805664,2.56076717376709,1.6103323698043823,-1.404740333557129,1.0949687957763672,-3.021721839904785,-1.9238958358764648,-1.1609824895858765,0.1663399189710617,1.7951436042785645,-2.8469035625457764,-0.25770115852355957,4.14236307144165,-1.2106842994689941,0.3176666498184204,0.3394845128059387,0.3772127032279968,0.40693193674087524,0.4243512749671936,0.4271445870399475,0.42143771052360535,0.4128755033016205,0.40598613023757935,0.40410226583480835,0.39778923988342285,0.36802929639816284,0.3087412714958191,0.24472829699516296,0.2482588291168213,0.3399888873100281,0.4228001534938812,0.4360136389732361,0.3875866234302521,0.3443225026130676,0.3624947667121887,0.3795629143714905,0.35574543476104736,0.31410542130470276,0.27497053146362305,0.22168967127799988,0.28745314478874207,0.4151364862918854,0.376062273979187,0.19242821633815765,0.22431425750255585,0.3597284257411957,0.3488975763320923,0.22683162987232208,0.2501511573791504,0.2507777214050293,0.2103623002767563,0.21466735005378723,0.20575734972953796,0.17077559232711792,0.14478394389152527,0.16707521677017212,0.23579099774360657,0.2974497973918915,0.31012821197509766,0.2545625567436218,0.1613456904888153,0.15958386659622192,0.22371038794517517,0.24907279014587402,0.23437698185443878,0.17092518508434296,0.0538521483540535,0.19957716763019562,0.31683656573295593,0.2550392150878906,0.09393873065710068,0.11946958303451538,0.11909064650535583,0.14649422466754913,0.17288675904273987,MR
../data/DWT_NEW/MR/New_MR_184.wav,126.73696899414062,-35.74571228027344,-18.39081573486328,-8.225349426269531,-9.991363525390625,-4.695305824279785,5.50852632522583,3.511841058731079,-7.861422538757324,-7.588489532470703,1.172261118888855,-3.1416454315185547,1.0278640985488892,1.7342486381530762,-2.1263554096221924,-3.5547828674316406,-3.63669490814209,-7.108673572540283,1.9600605964660645,-5.595345497131348,-4.07642936706543,-3.780118465423584,0.5788577198982239,1.0821387767791748,2.076876640319824,1.001645803451538,1.0932261943817139,0.38839808106422424,-1.7911529541015625,1.4054651260375977,3.533115863800049,-2.886058807373047,0.27992504835128784,0.6296958923339844,1.4064581394195557,0.48538774251937866,-4.2622904777526855,1.8168225288391113,3.305328845977783,-0.45030713081359863,0.2505870759487152,0.043348170816898346,0.03798776492476463,0.03736043721437454,0.044279828667640686,0.055853091180324554,0.06730244308710098,0.07402372360229492,0.07214491069316864,0.06101284548640251,0.04529745876789093,0.046912405639886856,0.07730405777692795,0.1179572343826294,0.14450055360794067,0.14987963438034058,0.12857535481452942,0.08507047593593597,0.04840685427188873,0.0735328271985054,0.07032499462366104,0.0801096111536026,0.17413011193275452,0.2398081123828888,0.21870680153369904,0.13714876770973206,0.1167600080370903,0.14515863358974457,0.20495253801345825,0.2023719847202301,0.12557196617126465,0.14872992038726807,0.14011982083320618,0.09725390374660492,0.13280802965164185,0.12494291365146637,0.11481799185276031,0.12407001852989197,0.13354407250881195,0.13652008771896362,0.1333259642124176,0.1570587456226349,0.21799705922603607,0.2800789773464203,0.31439194083213806,0.2954518795013428,0.22798439860343933,0.13436532020568848,0.1083391010761261,0.13879206776618958,0.1406722515821457,0.14254130423069,0.09805397689342499,0.11522354185581207,0.1948007196187973,0.1615283340215683,0.04322667419910431,0.12200875580310822,0.14609557390213013,0.17273525893688202,0.17909196019172668,MR
../data/DWT_NEW/MR/New_MR_166.wav,138.96438598632812,-30.605838775634766,-5.0521321296691895,-0.7607311606407166,-0.4982697069644928,-2.0422661304473877,11.945159912109375,4.960770606994629,1.6095765829086304,-5.099290370941162,8.591898918151855,-3.5972766876220703,4.302758693695068,4.324521541595459,-0.6823858022689819,-3.0530638694763184,-3.2059247493743896,-3.322932720184326,1.1978719234466553,0.13200892508029938,-6.960710525512695,0.7076084613800049,0.6488542556762695,2.2062301635742188,2.822174072265625,1.6835812330245972,2.7931714057922363,-0.7029358744621277,-0.5321686863899231,-0.7770550847053528,1.866854190826416,-4.016210556030273,-1.9475977420806885,-0.3332539200782776,0.3741154968738556,-1.599064588546753,-6.063642501831055,1.613777756690979,4.990973472595215,-2.0990076065063477,0.28904086351394653,0.26019909977912903,0.2986236810684204,0.32968711853027344,0.3473712205886841,0.3464125096797943,0.32841572165489197,0.29718661308288574,0.2633035182952881,0.24511107802391052,0.2462647557258606,0.24381016194820404,0.2148790806531906,0.16688500344753265,0.1673220992088318,0.2659853994846344,0.3634270429611206,0.3943752348423004,0.3480130732059479,0.26515817642211914,0.22887805104255676,0.23645469546318054,0.2265019416809082,0.20982518792152405,0.1937125027179718,0.16999265551567078,0.18392810225486755,0.26678144931793213,0.2430504560470581,0.14281313121318817,0.1762036383152008,0.28635793924331665,0.27208611369132996,0.19716566801071167,0.22962844371795654,0.24369055032730103,0.21040159463882446,0.19647839665412903,0.19046710431575775,0.1670256406068802,0.1546456664800644,0.1984141618013382,0.27730247378349304,0.3340012729167938,0.33885279297828674,0.2770898938179016,0.16770797967910767,0.14610813558101654,0.2208837866783142,0.23560112714767456,0.21440128982067108,0.20277756452560425,0.14830811321735382,0.12404779344797134,0.23353829979896545,0.21139873564243317,0.06492483615875244,0.10061001032590866,0.13175204396247864,0.17029660940170288,0.19354213774204254,MR
../data/DWT_NEW/MR/New_MR_136.wav,136.28033447265625,-33.269317626953125,-5.360708713531494,0.24582529067993164,-2.5335776805877686,-0.8798744678497314,10.845734596252441,1.920595407485962,-0.5987196564674377,-1.593576431274414,5.692902088165283,-0.6665101051330566,4.10051155090332,4.910613059997559,-0.3360256850719452,-3.440886974334717,-3.5226054191589355,-1.7039570808410645,1.1270195245742798,-0.10152566432952881,-4.344204902648926,0.4664044678211212,-2.0404927730560303,2.766491651535034,-0.030765563249588013,0.958368182182312,2.626458168029785,0.6700085401535034,-0.09120327979326248,1.3674312829971313,3.1737160682678223,-2.6990737915039062,-0.8388893008232117,0.19217462837696075,1.618253231048584,-1.4939005374908447,-4.555708885192871,1.7291350364685059,3.378566265106201,-2.289978265762329,0.27575328946113586,0.3093132972717285,0.30948126316070557,0.2884266972541809,0.2437184453010559,0.17849721014499664,0.11600981652736664,0.12107803672552109,0.18507015705108643,0.23534944653511047,0.23693764209747314,0.17167887091636658,0.0685834214091301,0.1666441261768341,0.31744545698165894,0.3980276584625244,0.3618895411491394,0.22248801589012146,0.11408186703920364,0.17127099633216858,0.16045741736888885,0.1755145788192749,0.29617130756378174,0.3052279055118561,0.22280405461788177,0.214043989777565,0.21938395500183105,0.2646671533584595,0.28674620389938354,0.2922925651073456,0.28630882501602173,0.26785600185394287,0.24133270978927612,0.22354461252689362,0.19391492009162903,0.13820476830005646,0.11132214963436127,0.12668120861053467,0.1601925790309906,0.20241199433803558,0.23262572288513184,0.2593630254268646,0.26727020740509033,0.24483387172222137,0.18442265689373016,0.23870313167572021,0.3073537349700928,0.337191641330719,0.29587221145629883,0.1596549153327942,0.06811050325632095,0.19351588189601898,0.27557802200317383,0.2734881341457367,0.2234487235546112,0.2449541538953781,0.25641629099845886,0.2707594037055969,0.2506752610206604,0.22100812196731567,0.15010692179203033,MR
../data/DWT_NEW/MR/New_MR_002.wav,111.54640197753906,-55.57658386230469,0.11455416679382324,-17.518131256103516,-1.371998906135559,-8.699103355407715,3.2415897846221924,-4.153041362762451,1.4813108444213867,-3.0384137630462646,1.6034607887268066,-0.3243425488471985,-1.135074257850647,-3.8286468982696533,-5.030365943908691,-1.695583462715149,-2.6849756240844727,0.6820378303527832,2.920595645904541,2.205216884613037,3.47109317779541,-4.069715976715088,-0.7145703434944153,-3.932323455810547,-4.816897392272949,1.5259199142456055,1.8538892269134521,-0.619589626789093,-3.1933062076568604,0.688958466053009,5.541975975036621,0.6297755837440491,1.3469078540802002,3.110192060470581,2.1125259399414062,2.392913341522217,0.2606775760650635,1.4380946159362793,2.681561231613159,0.7093126177787781,0.31510722637176514,0.03010900318622589,0.03606952726840973,0.05367789417505264,0.07280009984970093,0.08786007761955261,0.09601154923439026,0.0954364761710167,0.08620425313711166,0.07248663902282715,0.06022867187857628,0.05281780660152435,0.0466548353433609,0.034642837941646576,0.017566431313753128,0.007534812204539776,0.01729808747768402,0.039823953062295914,0.07959286868572235,0.12008503079414368,0.132927805185318,0.10289599001407623,0.09624804556369781,0.15437354147434235,0.1703813374042511,0.13891002535820007,0.1289607286453247,0.1241144984960556,0.12461549788713455,0.12874621152877808,0.14311592280864716,0.1391029953956604,0.11015845835208893,0.057552143931388855,0.08546488732099533,0.0875982940196991,0.09145770967006683,0.14185772836208344,0.1632775366306305,0.17484921216964722,0.17470258474349976,0.15603967010974884,0.14519530534744263,0.1316254734992981,0.10206045210361481,0.06952386349439621,0.09059133380651474,0.13490332663059235,0.16264396905899048,0.1553918868303299,0.11094596982002258,0.08999958634376526,0.12267807126045227,0.12410444021224976,0.11852093040943146,0.11800982058048248,0.09061839431524277,0.056288667023181915,0.04474383592605591,0.06665872782468796,0.09025821089744568,MR
../data/DWT_NEW/MR/New_MR_097.wav,141.99688720703125,-26.77447509765625,13.468328475952148,-3.582534074783325,-2.9906363487243652,-2.9778499603271484,0.9471256732940674,5.279112815856934,4.465545654296875,9.305974006652832,0.7021827697753906,7.700851917266846,0.9640315771102905,0.4378887414932251,12.937601089477539,0.8991091251373291,2.9766910076141357,5.763453483581543,3.814276933670044,1.5337378978729248,-4.887847900390625,-2.710817337036133,-0.4604782462120056,-1.9560060501098633,6.3726396560668945,-0.7553855776786804,0.8803642988204956,13.203118324279785,0.14572414755821228,-4.001280784606934,-4.812542915344238,-0.48237907886505127,-1.0686029195785522,-6.692071437835693,-4.608831405639648,-0.6160105466842651,-1.0340912342071533,-1.22465181350708,-0.05909091234207153,-7.183643817901611,0.32525312900543213,0.27923551201820374,0.3611490726470947,0.500343918800354,0.6131353378295898,0.6379681825637817,0.5479921102523804,0.3791719079017639,0.3699705898761749,0.6087583303451538,0.7877689003944397,0.7603440284729004,0.5722500681877136,0.5550621747970581,0.729469895362854,0.6834331750869751,0.387282133102417,0.37171733379364014,0.529009222984314,0.4423274099826813,0.32181453704833984,0.28405651450157166,0.16588883101940155,0.07803600281476974,0.08623608201742172,0.14357805252075195,0.1741963028907776,0.19833259284496307,0.19823452830314636,0.26486533880233765,0.18287141621112823,0.23542886972427368,0.24198704957962036,0.3130120038986206,0.31077027320861816,0.28162431716918945,0.2873668670654297,0.25204870104789734,0.2526640295982361,0.3840816617012024,0.4914453625679016,0.5930396914482117,0.628193736076355,0.5933893322944641,0.5080132484436035,0.3761756420135498,0.2246728092432022,0.22539383172988892,0.48676538467407227,0.624224066734314,0.493053138256073,0.2507650852203369,0.42683112621307373,0.6119330525398254,0.6839565634727478,0.670519232749939,0.5623815059661865,0.41782811284065247,0.3613012135028839,0.39414429664611816,0.49320149421691895,MR
../data/DWT_NEW/MR/New_MR_159.wav,124.18217468261719,-42.9418830871582,-18.11069107055664,-5.358100414276123,2.4065070152282715,4.677591323852539,14.663201332092285,6.314627647399902,4.076641082763672,-8.03158187866211,1.2302809953689575,-3.240933895111084,5.473852634429932,0.5125318169593811,-0.6398333311080933,-1.6992740631103516,-6.361368656158447,-4.679172992706299,-5.328254222869873,-5.647834300994873,-9.007665634155273,1.5169737339019775,1.5650770664215088,5.498713493347168,4.665703773498535,3.9270646572113037,3.0339548587799072,1.6064993143081665,0.2909488379955292,1.1453392505645752,3.5548646450042725,-2.4298720359802246,2.1288232803344727,0.052172303199768066,1.8277941942214966,0.7923774719238281,-2.89215087890625,-1.2716482877731323,1.3352404832839966,-1.5487511157989502,0.26124048233032227,0.15219303965568542,0.15915092825889587,0.15790042281150818,0.14900481700897217,0.1364782750606537,0.13068419694900513,0.1392703652381897,0.15670666098594666,0.16907238960266113,0.16198205947875977,0.1251743733882904,0.06395705044269562,0.04824419319629669,0.1160702332854271,0.15734905004501343,0.14350581169128418,0.0836704671382904,0.08767285197973251,0.15323740243911743,0.16561970114707947,0.13793271780014038,0.1979980319738388,0.2412140667438507,0.2119254320859909,0.1537134349346161,0.15729224681854248,0.20882916450500488,0.22509609162807465,0.20252296328544617,0.20096611976623535,0.20205195248126984,0.1860145777463913,0.13559181988239288,0.12287457287311554,0.10435699671506882,0.07643620669841766,0.04679355397820473,0.030465051531791687,0.02893334999680519,0.060317207127809525,0.1000567227602005,0.14932242035865784,0.1882876306772232,0.2077815979719162,0.1984211802482605,0.1660657525062561,0.12212991714477539,0.08340542018413544,0.06429746747016907,0.05442708358168602,0.03738909214735031,0.07007824629545212,0.15555483102798462,0.17963406443595886,0.10530675202608109,0.09299223124980927,0.13703754544258118,0.12718415260314941,0.12366203963756561,0.09650249034166336,MR
../data/DWT_NEW/MR/New_MR_096.wav,138.57958984375,-18.994361877441406,12.01264762878418,-5.534560680389404,-4.1765618324279785,3.566525459289551,-0.1368839144706726,5.981412887573242,-3.9051766395568848,9.365713119506836,3.0581283569335938,1.7499760389328003,2.571397304534912,-6.710927963256836,6.473165512084961,6.822282791137695,4.697667121887207,5.676617622375488,-1.5421799421310425,-0.9032623767852783,-5.034971714019775,-9.196853637695312,-3.574860095977783,1.6501444578170776,11.227152824401855,4.5966973304748535,-7.446462154388428,10.528931617736816,4.0928497314453125,-4.571887969970703,-1.6602859497070312,-0.8485445976257324,0.41224902868270874,-3.658599376678467,-3.2961268424987793,-2.4914307594299316,-2.218637704849243,-2.0415306091308594,1.9747650623321533,-6.798301696777344,0.2963903546333313,0.2238941490650177,0.32056155800819397,0.42961886525154114,0.5118803977966309,0.5354350805282593,0.48889726400375366,0.39891618490219116,0.3824954926967621,0.5163537263870239,0.648287832736969,0.6388988494873047,0.46861326694488525,0.33772557973861694,0.5215129852294922,0.5844756960868835,0.4107034206390381,0.33532649278640747,0.5003612637519836,0.4426613450050354,0.29754358530044556,0.2849885821342468,0.18638838827610016,0.14201922714710236,0.10676142573356628,0.15403932332992554,0.2605295181274414,0.3673495054244995,0.3732137680053711,0.3351631760597229,0.39050522446632385,0.35800743103027344,0.31312763690948486,0.255504846572876,0.22557124495506287,0.2503262758255005,0.20707544684410095,0.2420279085636139,0.1379324048757553,0.3084836006164551,0.44580453634262085,0.5104456543922424,0.5477117300033569,0.5205931663513184,0.5082732439041138,0.4429497718811035,0.26758697628974915,0.11861775815486908,0.27828752994537354,0.28444141149520874,0.23790141940116882,0.4458204209804535,0.4607667922973633,0.3247292637825012,0.4042198061943054,0.4813030958175659,0.3925054371356964,0.29546815156936646,0.2374545931816101,0.2930946350097656,0.4920737147331238,MR
../data/DWT_NEW/MR/New_MR_016.wav,112.70176696777344,-51.74159240722656,4.186891555786133,1.1097086668014526,-15.661043167114258,0.055848121643066406,-4.559210300445557,15.136497497558594,2.595412254333496,-0.04924556612968445,4.346622467041016,3.600918769836426,-2.0897064208984375,-4.0264692306518555,3.708707809448242,4.6518874168396,10.039619445800781,4.553959369659424,-2.3938708305358887,-3.2200355529785156,3.259404420852661,3.5302672386169434,2.081698179244995,4.477569580078125,1.203918695449829,8.713949203491211,0.29578572511672974,-1.184695839881897,-0.763425350189209,-1.1551083326339722,0.6207636594772339,0.7718003988265991,-0.45961225032806396,-2.429114818572998,-0.6856068968772888,-2.0161237716674805,0.8299640417098999,-3.375507354736328,0.6972782611846924,1.961160659790039,0.2670692801475525,0.18081428110599518,0.15181513130664825,0.12275344878435135,0.0994841456413269,0.08706023544073105,0.08542441576719284,0.0834335908293724,0.06883370876312256,0.0354791134595871,0.023820284754037857,0.09395817667245865,0.1709350198507309,0.23647893965244293,0.27069494128227234,0.2601740062236786,0.20172016322612762,0.10681802034378052,0.015721699222922325,0.07294666022062302,0.08925088495016098,0.051491446793079376,0.056522563099861145,0.11137352138757706,0.12354043126106262,0.0882510393857956,0.058048613369464874,0.059862591326236725,0.06865977495908737,0.10561152547597885,0.1600382775068283,0.20226502418518066,0.1951575130224228,0.1501169353723526,0.16240419447422028,0.20796027779579163,0.19005978107452393,0.13905544579029083,0.15304124355316162,0.1560898721218109,0.1293245553970337,0.16376183927059174,0.22482095658779144,0.27113601565361023,0.2908324897289276,0.2880258858203888,0.268444687128067,0.22872033715248108,0.1798727959394455,0.17389090359210968,0.23839053511619568,0.29267948865890503,0.2801375091075897,0.1929723024368286,0.10329322516918182,0.057823676615953445,0.041008226573467255,0.09352332353591919,0.09549148380756378,0.05074349045753479,0.03037705272436142,MR
../data/DWT_NEW/MR/New_MR_197.wav,90.05197143554688,-1.245627760887146,28.98390769958496,2.552018642425537,-8.595141410827637,25.782506942749023,-12.376132011413574,11.912506103515625,0.626364529132843,-1.9590387344360352,-1.4159009456634521,-7.314926624298096,5.754373550415039,-4.889260768890381,-0.8608763217926025,-5.947811603546143,2.408961057662964,1.3977150917053223,-2.3293185234069824,1.6896462440490723,-0.4606514275074005,3.863475799560547,0.9711413383483887,3.722712516784668,-3.2191126346588135,1.0536160469055176,2.2586312294006348,5.162805557250977,0.5617977380752563,6.393530368804932,-2.7803409099578857,-1.2190184593200684,1.839322566986084,0.010116465389728546,0.7706349492073059,1.205124020576477,3.2250070571899414,1.4657028913497925,-0.7020795345306396,-1.9453033208847046,0.19198207557201385,0.22754201292991638,0.16936664283275604,0.1530870795249939,0.18519920110702515,0.22036674618721008,0.22175079584121704,0.16841891407966614,0.07376352697610855,0.19527430832386017,0.41340169310569763,0.6152492761611938,0.7320610284805298,0.7097183465957642,0.5252639055252075,0.25313740968704224,0.20514525473117828,0.33258628845214844,0.2884230613708496,0.171974778175354,0.24448257684707642,0.26147910952568054,0.20792751014232635,0.3325852155685425,0.338664174079895,0.18625769019126892,0.16593904793262482,0.47374022006988525,0.585635244846344,0.40965309739112854,0.28284162282943726,0.40742743015289307,0.4767140746116638,0.38541948795318604,0.35636353492736816,0.32740384340286255,0.33261942863464355,0.39427316188812256,0.4130967855453491,0.37735939025878906,0.3177078366279602,0.2288733869791031,0.15771879255771637,0.20830196142196655,0.23951101303100586,0.2146173119544983,0.18388324975967407,0.2324276864528656,0.3000797927379608,0.30427849292755127,0.2395774871110916,0.1900719851255417,0.22068443894386292,0.2320965975522995,0.21460725367069244,0.19334302842617035,0.175248384475708,0.15339970588684082,0.13369353115558624,0.11805175244808197,0.10363940894603729,MR
../data/DWT_NEW/MR/New_MR_122.wav,138.95947265625,-32.94696044921875,-6.523739814758301,4.065743923187256,1.8634006977081299,0.4091273546218872,10.797124862670898,-0.001744598150253296,-2.3437700271606445,-5.2628092765808105,6.855405330657959,-1.1829050779342651,6.697001934051514,3.6249446868896484,-0.7461577653884888,-3.3199386596679688,-4.921352386474609,-2.8778457641601562,0.8833370208740234,0.8870251178741455,-6.678728103637695,-1.7764434814453125,-2.2197797298431396,-0.8618884086608887,0.93744295835495,1.3950673341751099,4.436925888061523,1.0831888914108276,1.6659184694290161,0.6219267249107361,1.6763088703155518,-4.399999141693115,-3.3548026084899902,-1.8727025985717773,-0.5341606140136719,-1.165926456451416,-4.62924337387085,1.4211487770080566,5.159775733947754,-1.643106460571289,0.2866203486919403,0.2109389305114746,0.24312488734722137,0.2720610499382019,0.2930992841720581,0.3019397258758545,0.2993215322494507,0.2864070534706116,0.2673335075378418,0.25160425901412964,0.24218636751174927,0.2294762283563614,0.20401901006698608,0.1764974296092987,0.18845462799072266,0.26113611459732056,0.3385882079601288,0.36731529235839844,0.33524587750434875,0.2713099718093872,0.24037781357765198,0.2520860433578491,0.252000093460083,0.23813454806804657,0.22794777154922485,0.21597197651863098,0.21314145624637604,0.2528194189071655,0.21400538086891174,0.07973241060972214,0.14396823942661285,0.24732282757759094,0.21152815222740173,0.12493724375963211,0.18568992614746094,0.1984851360321045,0.163364440202713,0.16052505373954773,0.16513124108314514,0.1748235523700714,0.19899258017539978,0.25607243180274963,0.3259516954421997,0.3677898943424225,0.3582651615142822,0.28856685757637024,0.18381285667419434,0.16794490814208984,0.24126160144805908,0.26138198375701904,0.2205727994441986,0.16551028192043304,0.09881725907325745,0.13681668043136597,0.2401825487613678,0.2020776867866516,0.051721736788749695,0.09837955981492996,0.10954910516738892,0.15954291820526123,0.1855701059103012,MR
../data/DWT_NEW/MR/New_MR_190.wav,98.54734802246094,15.14150333404541,5.580623149871826,3.668877601623535,3.341752529144287,2.8399438858032227,-7.182251453399658,-3.164194107055664,-4.676921844482422,8.199020385742188,4.777991771697998,-0.25857430696487427,0.6739793419837952,-0.6720259189605713,-4.115622043609619,-13.476160049438477,-0.5298662185668945,0.4301472008228302,-1.76887845993042,-7.223365783691406,-5.337796211242676,-3.307191848754883,-5.992717742919922,0.7181262969970703,-1.2506946325302124,-0.941220223903656,-1.3923678398132324,-0.7194613218307495,2.392906665802002,5.246123313903809,0.7520658373832703,-3.0675199031829834,-1.7154687643051147,-5.404613494873047,-1.8328038454055786,-3.2524852752685547,-5.151501655578613,1.4536722898483276,0.20770108699798584,-1.8020074367523193,0.15209075808525085,0.22096320986747742,0.26854926347732544,0.3037196397781372,0.3119034171104431,0.27880561351776123,0.19834595918655396,0.07780298590660095,0.11212585121393204,0.26764780282974243,0.37819939851760864,0.38678497076034546,0.28330907225608826,0.2055501639842987,0.4254588186740875,0.6036959290504456,0.5704338550567627,0.330361545085907,0.35200071334838867,0.5841177105903625,0.5344451069831848,0.38628923892974854,0.5558165311813354,0.544469952583313,0.526450514793396,0.6444181203842163,0.583168625831604,0.4856003522872925,0.4860120713710785,0.5673409700393677,0.553917407989502,0.515738844871521,0.4910091757774353,0.4479391276836395,0.4348104000091553,0.41127434372901917,0.31794118881225586,0.2411048859357834,0.250851035118103,0.30146268010139465,0.368552565574646,0.4351111054420471,0.4805046319961548,0.492844820022583,0.47399139404296875,0.44231024384498596,0.425626665353775,0.4866693615913391,0.6385568380355835,0.6686308979988098,0.5419881343841553,0.39872294664382935,0.29649224877357483,0.21668459475040436,0.22846519947052002,0.2598608732223511,0.3158458471298218,0.2692294716835022,0.1585894376039505,0.24113193154335022,0.46255940198898315,MR
../data/DWT_NEW/MR/New_MR_022.wav,0.8794318437576294,-88.82337951660156,24.54554557800293,-9.71495246887207,-1.7671308517456055,-2.1907477378845215,0.6594658493995667,1.062756896018982,0.7459394931793213,1.9838018417358398,-2.5851168632507324,2.0991883277893066,-1.9400207996368408,1.3882660865783691,0.5997034311294556,-1.6100592613220215,1.0516681671142578,-2.6733527183532715,-6.663792610168457,-1.4854179620742798,6.512808799743652,0.8682470321655273,-5.479653835296631,-3.074178457260132,-1.0707831382751465,-1.408632755279541,-4.234562873840332,-5.1804304122924805,1.8310401439666748,4.314855575561523,-2.1113297939300537,-5.483393669128418,1.0834870338439941,4.979474067687988,4.273577690124512,4.426761627197266,-0.6474756598472595,1.6199867725372314,0.40542134642601013,-1.0015408992767334,0.1964808702468872,0.02530565671622753,0.022983917966485023,0.019970081746578217,0.017958085983991623,0.01940515637397766,0.025228548794984818,0.032896410673856735,0.03929075226187706,0.0420977845788002,0.039459988474845886,0.030367115512490273,0.017550557851791382,0.014650978147983551,0.02088194526731968,0.0214911550283432,0.011869151145219803,0.014664405956864357,0.03342292457818985,0.040058862417936325,0.026373572647571564,0.02443157695233822,0.05389835685491562,0.06691896170377731,0.06657535582780838,0.07152504473924637,0.06664860993623734,0.05269181728363037,0.0468682236969471,0.042178183794021606,0.03347336873412132,0.02825029380619526,0.023334506899118423,0.018101030960679054,0.027001338079571724,0.03867659717798233,0.04015548899769783,0.02923034131526947,0.022731775417923927,0.01597634144127369,0.006825343705713749,0.009362282231450081,0.01666385866701603,0.01274089328944683,0.01834401674568653,0.030482470989227295,0.03468746691942215,0.029064783826470375,0.029265793040394783,0.03839769959449768,0.0344998762011528,0.01809420809149742,0.014950267039239407,0.014999383129179478,0.015754327178001404,0.025529813021421432,0.032174110412597656,0.035097043961286545,0.03552863746881485,0.035312581807374954,0.03774163872003555,MR
../data/DWT_NEW/MR/New_MR_167.wav,128.7106170654297,-42.066776275634766,-19.27179527282715,-5.447079181671143,-1.6018292903900146,0.6673564910888672,10.216721534729004,2.5853781700134277,-2.6422924995422363,-5.034108638763428,-0.802763044834137,-4.201133728027344,-1.342172622680664,-0.5736476182937622,-6.410312652587891,-4.715970039367676,-5.088453769683838,-8.497302055358887,-0.4360804259777069,-5.938814163208008,-5.049084186553955,-1.470550775527954,2.045624256134033,3.8486742973327637,4.783117771148682,2.0497336387634277,1.5650427341461182,-0.24147796630859375,-2.5971038341522217,-0.5757303237915039,3.5231401920318604,-4.910011291503906,-0.6473861932754517,-0.7768570184707642,-0.9179013967514038,-2.3181204795837402,-4.6559529304504395,0.41168010234832764,4.3983917236328125,0.21274259686470032,0.2692085802555084,0.054240792989730835,0.036653269082307816,0.0193301010876894,0.03484736755490303,0.06764969229698181,0.10116804391145706,0.1284300982952118,0.14264394342899323,0.14064791798591614,0.12255288660526276,0.09374289214611053,0.07196123898029327,0.07759590446949005,0.10053525865077972,0.127569317817688,0.14953947067260742,0.14969880878925323,0.12344832718372345,0.1269838809967041,0.17241162061691284,0.16156995296478271,0.13024848699569702,0.19485816359519958,0.22127893567085266,0.2070671021938324,0.2423456609249115,0.25039762258529663,0.2476019263267517,0.25724104046821594,0.30650216341018677,0.319416880607605,0.2775110900402069,0.2507321536540985,0.2510722875595093,0.22319622337818146,0.17422494292259216,0.13751158118247986,0.124553382396698,0.1216655969619751,0.12451072037220001,0.14831990003585815,0.1725044697523117,0.18284954130649567,0.17928120493888855,0.16249299049377441,0.11728940159082413,0.10642318427562714,0.14923468232154846,0.1644124835729599,0.167679563164711,0.18934407830238342,0.19590923190116882,0.14700956642627716,0.06713011860847473,0.19030995666980743,0.2430773824453354,0.1649150252342224,0.05411802977323532,0.14141172170639038,0.1732015758752823,MR
../data/DWT_NEW/MR/New_MR_128.wav,143.42263793945312,-30.810449600219727,-4.509050369262695,7.577112674713135,7.191550254821777,2.658438205718994,9.983202934265137,2.4523816108703613,0.5677334070205688,-6.23785400390625,0.9655728340148926,-2.752382516860962,5.604023456573486,5.022854804992676,0.7618083953857422,-2.60709810256958,-2.6857571601867676,-3.8227834701538086,2.4723639488220215,1.00423264503479,-4.846478462219238,-0.6546574831008911,-0.6295661926269531,2.2484993934631348,3.735687494277954,2.013465404510498,3.0239970684051514,1.2752103805541992,0.4222160577774048,-2.6884407997131348,0.5010785460472107,-3.4086480140686035,-0.3070688247680664,0.7766071557998657,2.2040340900421143,0.8788858652114868,-3.6731224060058594,-1.0088255405426025,3.68110990524292,-1.259861707687378,0.2943754196166992,0.31527209281921387,0.34801214933395386,0.3715406656265259,0.3805793523788452,0.3720754384994507,0.35207727551460266,0.3295353651046753,0.3169228434562683,0.3237600028514862,0.3383287191390991,0.332952082157135,0.2919861078262329,0.23476245999336243,0.23306670784950256,0.3254598379135132,0.4037739634513855,0.3995300233364105,0.32169026136398315,0.25904586911201477,0.2876163125038147,0.3099571764469147,0.320332407951355,0.3128160834312439,0.23729535937309265,0.12892770767211914,0.21298101544380188,0.37837696075439453,0.39056164026260376,0.2503628432750702,0.2317921221256256,0.35982993245124817,0.3624032139778137,0.243638813495636,0.24434936046600342,0.2395501732826233,0.22136953473091125,0.2601096034049988,0.2747475504875183,0.25288885831832886,0.22479243576526642,0.18435966968536377,0.2035088837146759,0.3003363311290741,0.3424241542816162,0.30883264541625977,0.21651691198349,0.11557790637016296,0.16744813323020935,0.21087642014026642,0.23672229051589966,0.225359246134758,0.146382674574852,0.1798463612794876,0.29442089796066284,0.2495843917131424,0.09287238121032715,0.12213660776615143,0.1524721086025238,0.1835302710533142,0.20178253948688507,MR
../data/DWT_NEW/MR/New_MR_153.wav,134.72793579101562,-30.486099243164062,-7.359279632568359,4.83012580871582,3.414642333984375,4.101924896240234,14.27672004699707,5.811068534851074,-1.7973277568817139,-3.9983129501342773,2.8924174308776855,-2.368534803390503,4.357852458953857,4.686773777008057,0.7166946530342102,-2.9338035583496094,-0.9544384479522705,-4.766896724700928,2.351381540298462,-0.4378197491168976,-3.247866153717041,-0.009170971810817719,1.6906702518463135,1.0130696296691895,1.5326669216156006,0.36991792917251587,2.2536239624023438,1.3000545501708984,0.8440572023391724,-1.7332193851470947,1.6947588920593262,-2.9148921966552734,0.028454840183258057,-1.1059565544128418,0.09169995784759521,-0.16937193274497986,-5.223883152008057,0.18269066512584686,3.250545024871826,-0.6074753999710083,0.26835858821868896,0.37005850672721863,0.3502054214477539,0.30067917704582214,0.2193172723054886,0.11012657731771469,0.0499478243291378,0.1741713583469391,0.2878897786140442,0.3550735116004944,0.3501431941986084,0.2568303346633911,0.10860036313533783,0.19512566924095154,0.38778018951416016,0.49769774079322815,0.4638700485229492,0.2957560420036316,0.15111680328845978,0.24090173840522766,0.2620469629764557,0.18959149718284607,0.3097839057445526,0.3725830912590027,0.29512959718704224,0.18199670314788818,0.16287609934806824,0.2762620449066162,0.3352157771587372,0.30732831358909607,0.2615281641483307,0.3054947257041931,0.34075337648391724,0.29901057481765747,0.2513781189918518,0.21909065544605255,0.16746409237384796,0.12625549733638763,0.13051924109458923,0.15805408358573914,0.1738995611667633,0.17194049060344696,0.17003294825553894,0.1648436188697815,0.12131106108427048,0.12047126144170761,0.1932145357131958,0.23207250237464905,0.20672467350959778,0.1037738248705864,0.08665329962968826,0.21736660599708557,0.27876704931259155,0.2469828724861145,0.19650621712207794,0.24901250004768372,0.20793753862380981,0.21888533234596252,0.1962275505065918,0.17312730848789215,0.11939315497875214,MR
../data/DWT_NEW/MR/New_MR_117.wav,147.00279235839844,-26.07235336303711,-3.030179023742676,5.113637924194336,1.9664653539657593,2.0965609550476074,13.453880310058594,2.9373886585235596,2.675389051437378,-5.893069267272949,3.0820438861846924,-1.1192508935928345,4.169196128845215,3.852961540222168,0.011682957410812378,-2.027606964111328,-1.894131064414978,-2.2551891803741455,0.6002469062805176,-1.1984076499938965,-2.707308292388916,-1.4507169723510742,-2.083470344543457,1.228391408920288,1.484894871711731,2.7944984436035156,2.495277166366577,0.8632321357727051,0.2537457346916199,-1.0505045652389526,1.9115675687789917,-3.303327798843384,-0.42181727290153503,-0.6880612969398499,-0.35600000619888306,-0.14480754733085632,-5.277351379394531,0.7629020810127258,2.3854644298553467,-0.4749641418457031,0.2964929938316345,0.3300335109233856,0.37106776237487793,0.40456128120422363,0.4267032742500305,0.4355708658695221,0.43777692317962646,0.4393256902694702,0.4438951015472412,0.4528753161430359,0.4534691572189331,0.420613169670105,0.34155404567718506,0.22238366305828094,0.15597593784332275,0.303316205739975,0.43802085518836975,0.47159332036972046,0.4016731381416321,0.3539842963218689,0.42767372727394104,0.41559112071990967,0.29093408584594727,0.28308072686195374,0.31915223598480225,0.3144322633743286,0.4015604257583618,0.40608495473861694,0.32684582471847534,0.3022629916667938,0.36477965116500854,0.3787616789340973,0.3308517634868622,0.32073110342025757,0.3173341453075409,0.2809462547302246,0.24800293147563934,0.22594568133354187,0.20010042190551758,0.19108818471431732,0.2145070731639862,0.2596006989479065,0.2999337911605835,0.320870578289032,0.31382662057876587,0.28093308210372925,0.21417495608329773,0.12547773122787476,0.17127051949501038,0.24116525053977966,0.2706771194934845,0.23832973837852478,0.16230212152004242,0.10540494322776794,0.11741836369037628,0.15249979496002197,0.16666972637176514,0.11802251636981964,0.015194525942206383,0.10068565607070923,0.1334546059370041,MR
../data/DWT_NEW/MR/New_MR_160.wav,138.8303680419922,-39.66223907470703,-10.972041130065918,1.5440868139266968,4.666970729827881,11.80940055847168,17.67589569091797,3.8923048973083496,3.661804676055908,-7.702418327331543,-1.7674028873443604,-6.761741638183594,5.316043853759766,2.659827709197998,-2.3754608631134033,-0.11065246164798737,-4.727114677429199,-0.9873365163803101,-0.39111560583114624,-1.7436333894729614,-7.775750160217285,1.4824506044387817,1.92429780960083,5.907652854919434,5.504135608673096,3.229224443435669,4.865317344665527,2.374423027038574,-0.30243155360221863,-1.7049100399017334,1.3692307472229004,-4.313198566436768,1.0340869426727295,0.3659185469150543,1.868739366531372,1.920371651649475,-2.276993751525879,-0.8321439623832703,2.1064343452453613,0.02341616153717041,0.2994755506515503,0.2517136335372925,0.2785812020301819,0.2995397746562958,0.3131130337715149,0.31921255588531494,0.3227846622467041,0.32547667622566223,0.3244790732860565,0.31619197130203247,0.2919875383377075,0.24143819510936737,0.16582252085208893,0.0814739316701889,0.09763659536838531,0.17469657957553864,0.2154851257801056,0.21153146028518677,0.2090378999710083,0.25074341893196106,0.27683332562446594,0.25007930397987366,0.2198541909456253,0.2442074865102768,0.22445768117904663,0.17040228843688965,0.24213680624961853,0.32530972361564636,0.30857226252555847,0.2085639089345932,0.23850519955158234,0.30197298526763916,0.30608895421028137,0.22545570135116577,0.21608251333236694,0.21022358536720276,0.15752875804901123,0.11093655228614807,0.09920939058065414,0.07926955819129944,0.05963754281401634,0.09153900295495987,0.1316603720188141,0.17252004146575928,0.19987767934799194,0.2011074274778366,0.17973265051841736,0.15149593353271484,0.1347007155418396,0.13887827098369598,0.14534157514572144,0.11437884718179703,0.060091253370046616,0.1743185967206955,0.261015921831131,0.19757921993732452,0.06964661180973053,0.14781656861305237,0.15261240303516388,0.13649678230285645,0.11471227556467056,MR
../data/DWT_NEW/MR/New_MR_181.wav,136.6619873046875,-28.320011138916016,-3.199808120727539,11.199990272521973,8.93045425415039,8.881429672241211,11.860719680786133,1.191099762916565,-2.310166120529175,-8.823263168334961,0.23482027649879456,0.6944811940193176,8.22093391418457,5.583376407623291,1.4577232599258423,-2.5122623443603516,-5.506842613220215,-4.731344223022461,0.07854041457176208,1.4442195892333984,-3.6641812324523926,3.8359146118164062,0.9605226516723633,2.2080938816070557,1.554902195930481,-0.7169615030288696,1.6610968112945557,0.635308027267456,0.42929863929748535,-1.225692868232727,2.280618190765381,-1.210192084312439,-0.43860891461372375,-0.1963338702917099,0.850542426109314,0.7906993627548218,-5.221712112426758,0.9728140830993652,3.777327060699463,0.7968697547912598,0.26626935601234436,0.4783264100551605,0.4576755464076996,0.4022335410118103,0.31041622161865234,0.19067689776420593,0.10397987067699432,0.19777341187000275,0.3212447166442871,0.3995573818683624,0.4020855128765106,0.3177826404571533,0.20228980481624603,0.2740345597267151,0.449146032333374,0.5508546829223633,0.5116538405418396,0.3443605899810791,0.17065884172916412,0.27622437477111816,0.31265196204185486,0.2844136357307434,0.3874252140522003,0.4231703281402588,0.33162543177604675,0.2209121435880661,0.24474099278450012,0.37926241755485535,0.4260110557079315,0.3446173667907715,0.24178020656108856,0.3407927453517914,0.38376063108444214,0.2981930673122406,0.2280276119709015,0.22274689376354218,0.18002474308013916,0.17138612270355225,0.17129667103290558,0.1941353976726532,0.21423286199569702,0.22962155938148499,0.23838220536708832,0.23820123076438904,0.2074786126613617,0.1684228926897049,0.20712852478027344,0.2369557023048401,0.2119293212890625,0.13977830111980438,0.12120263278484344,0.20157305896282196,0.24438229203224182,0.20914793014526367,0.244802325963974,0.3090188503265381,0.3004230856895447,0.27921831607818604,0.22238662838935852,0.18738894164562225,0.11941733956336975,MR
../data/DWT_NEW/MR/New_MR_084.wav,53.69575500488281,-13.442800521850586,20.31594467163086,-15.363713264465332,-15.961657524108887,12.120817184448242,-21.049118041992188,14.005165100097656,-14.918203353881836,5.059103012084961,-1.1259243488311768,-1.0007891654968262,-0.220711350440979,4.593392372131348,0.7462828159332275,-2.066580057144165,-0.6730149984359741,0.5834271311759949,0.7186680436134338,-0.867743730545044,-2.909780263900757,-6.913516521453857,2.969174385070801,1.9737807512283325,-4.5247111320495605,-3.862412929534912,-2.941648006439209,-6.707839012145996,-3.0551435947418213,-0.48552173376083374,-3.644134521484375,-1.2730015516281128,2.1495327949523926,-0.28807532787323,-5.106827735900879,-0.4701138436794281,0.11332330107688904,1.0212664604187012,-0.2806137204170227,-0.30851319432258606,0.14766845107078552,0.05219580605626106,0.052123185247182846,0.0547628328204155,0.06126435846090317,0.06929036974906921,0.07499940693378448,0.07435481250286102,0.06579703092575073,0.054516542702913284,0.05262892693281174,0.06190910562872887,0.06800976395606995,0.06751784682273865,0.09526817500591278,0.15343934297561646,0.21128782629966736,0.23739168047904968,0.21424883604049683,0.14780959486961365,0.07881448417901993,0.07014311105012894,0.10329629480838776,0.1900034248828888,0.2468399554491043,0.21857818961143494,0.12804220616817474,0.050198059529066086,0.09607144445180893,0.11101815104484558,0.09005539119243622,0.08004967868328094,0.10046064108610153,0.1640745997428894,0.17788510024547577,0.13467931747436523,0.13521747291088104,0.14369842410087585,0.10497784614562988,0.12804020941257477,0.2065945863723755,0.2733337879180908,0.297626256942749,0.2858644723892212,0.2631383538246155,0.26434940099716187,0.2670625150203705,0.23903320729732513,0.2045593112707138,0.2050521969795227,0.17900580167770386,0.08718649297952652,0.12152692675590515,0.15076802670955658,0.1698126494884491,0.143792062997818,0.15589894354343414,0.214702770113945,0.22054491937160492,0.15355437994003296,0.10770900547504425,MR
../data/DWT_NEW/MR/New_MR_072.wav,131.125732421875,-30.06024932861328,-9.515252113342285,9.101848602294922,11.119420051574707,5.9454240798950195,12.799184799194336,2.4791746139526367,-1.2923063039779663,-7.085119247436523,0.383922278881073,-1.6900782585144043,7.747525215148926,4.4001078605651855,1.2644091844558716,-3.962709426879883,-3.7269973754882812,-6.007024765014648,1.0073769092559814,-0.8706115484237671,-4.019025802612305,2.0815186500549316,2.5210516452789307,1.4500274658203125,1.9859224557876587,0.20653265714645386,2.665088176727295,1.9195666313171387,1.7985308170318604,-1.6471816301345825,1.3427910804748535,-2.673741340637207,-0.4151599407196045,-2.1838700771331787,-1.5234956741333008,1.4380663633346558,-2.087050437927246,0.809749960899353,4.845737457275391,-0.7248173356056213,0.25739407539367676,0.28957223892211914,0.32264965772628784,0.3475930988788605,0.36023345589637756,0.3582436144351959,0.34731602668762207,0.33437180519104004,0.32673150300979614,0.32841992378234863,0.3277133107185364,0.3023079037666321,0.24354767799377441,0.1738549768924713,0.19427886605262756,0.2954244017601013,0.36800825595855713,0.3633710741996765,0.29677626490592957,0.24942991137504578,0.27634891867637634,0.29051947593688965,0.28461867570877075,0.2847544252872467,0.2528175711631775,0.18019595742225647,0.21200604736804962,0.33556264638900757,0.32889413833618164,0.19462937116622925,0.2110733985900879,0.3024181127548218,0.3002820611000061,0.1992630958557129,0.21066904067993164,0.2003943771123886,0.1735062301158905,0.19741421937942505,0.19260689616203308,0.17030881345272064,0.16026489436626434,0.16469219326972961,0.1981915682554245,0.24741411209106445,0.2609410285949707,0.22243358194828033,0.16523480415344238,0.15966913104057312,0.1801290363073349,0.17322874069213867,0.1537007987499237,0.1233523041009903,0.0725366622209549,0.1552497297525406,0.24256090819835663,0.19425487518310547,0.059017397463321686,0.08877742290496826,0.09436357021331787,0.10951658338308334,0.13665319979190826,MR
../data/DWT_NEW/MR/New_MR_095.wav,132.53018188476562,-22.852867126464844,8.201789855957031,-3.3960251808166504,-6.279668807983398,-2.1066579818725586,-1.305344820022583,2.6421263217926025,1.6024962663650513,2.1915643215179443,12.458993911743164,-3.970395565032959,8.696887969970703,7.526739597320557,6.488125324249268,2.7253899574279785,0.6364964842796326,6.062816143035889,3.7136242389678955,-3.230480909347534,0.6770764589309692,-0.09453603625297546,2.225560188293457,-5.883116722106934,4.346423149108887,2.9209277629852295,4.2480316162109375,11.677186965942383,-0.8092467188835144,-7.005309581756592,-3.377007484436035,-4.3756103515625,-4.899906635284424,-2.0742173194885254,-4.411081790924072,-3.097543716430664,-0.8163337707519531,-4.8095383644104,1.0356582403182983,-0.6560921669006348,0.2852451801300049,0.2739630341529846,0.3352804183959961,0.4361943006515503,0.5175562500953674,0.5294269919395447,0.4482864737510681,0.2969728112220764,0.27262234687805176,0.477214515209198,0.638810396194458,0.6381748914718628,0.5035618543624878,0.4400067925453186,0.5360318422317505,0.5089219212532043,0.3038893938064575,0.2715878188610077,0.3843842148780823,0.3353448510169983,0.2830239534378052,0.23978248238563538,0.13345666229724884,0.07265201210975647,0.07812350243330002,0.12195304781198502,0.13910140097141266,0.18324480950832367,0.1779196709394455,0.11634281277656555,0.08951343595981598,0.18562115728855133,0.2546764016151428,0.23591411113739014,0.3297484517097473,0.3017733693122864,0.25195759534835815,0.2000068873167038,0.18668848276138306,0.24833998084068298,0.38814210891723633,0.5000141263008118,0.6133682131767273,0.6715900897979736,0.6489173173904419,0.5169836282730103,0.2727106809616089,0.2212919443845749,0.49071913957595825,0.6460593938827515,0.5824630856513977,0.44088244438171387,0.4353172183036804,0.5582629442214966,0.6359106302261353,0.5752324461936951,0.4180600643157959,0.2480422556400299,0.1848076432943344,0.19010114669799805,0.3013189435005188,MR
../data/DWT_NEW/MR/New_MR_146.wav,142.24258422851562,-30.416915893554688,-3.8364408016204834,6.292537689208984,3.061112403869629,3.8968710899353027,11.316816329956055,5.306046485900879,-0.5905372500419617,-4.388230323791504,4.676112174987793,-1.1340227127075195,3.0520424842834473,0.9531235694885254,-1.1001207828521729,-2.9208130836486816,-2.3192920684814453,-2.9180445671081543,1.8485262393951416,-0.6270621418952942,-5.2634806632995605,-3.273836612701416,-3.141113758087158,1.2384240627288818,1.5577198266983032,0.8763335943222046,3.4163544178009033,2.4100871086120605,0.04768359661102295,-0.8016694784164429,1.6688663959503174,-3.33343243598938,-0.7027899026870728,-0.892155647277832,0.04570290446281433,-1.0532910823822021,-3.632561683654785,1.561307430267334,4.212982177734375,-0.25160449743270874,0.28615304827690125,0.2578396797180176,0.3108866214752197,0.35928237438201904,0.3945351839065552,0.40836000442504883,0.39967355132102966,0.37032052874565125,0.3321636915206909,0.3123359680175781,0.32354965806007385,0.33480072021484375,0.30315738916397095,0.20009157061576843,0.097849540412426,0.2647322714328766,0.4191921055316925,0.45434606075286865,0.3544894754886627,0.26917973160743713,0.40453195571899414,0.4191141724586487,0.2959315776824951,0.29880452156066895,0.34033089876174927,0.33543825149536133,0.4445180892944336,0.4436302185058594,0.3243118226528168,0.2722715735435486,0.35196805000305176,0.35940447449684143,0.2662672698497772,0.26460719108581543,0.2722836434841156,0.23872943222522736,0.2277418076992035,0.22442907094955444,0.20148736238479614,0.17954528331756592,0.20029142498970032,0.24960198998451233,0.2928122282028198,0.31546661257743835,0.30343377590179443,0.25615358352661133,0.16952022910118103,0.099299855530262,0.20079243183135986,0.2667449414730072,0.27488988637924194,0.22816911339759827,0.1486937701702118,0.0746970996260643,0.09387771785259247,0.16520538926124573,0.21689815819263458,0.17623786628246307,0.057685453444719315,0.09477386623620987,0.16705429553985596,MR
../data/DWT_NEW/MR/New_MR_040.wav,133.12423706054688,-31.591724395751953,16.876922607421875,2.7196850776672363,-16.788936614990234,-10.099043846130371,12.010638236999512,8.117633819580078,8.232316017150879,0.9860289096832275,-0.7650853991508484,-12.03788948059082,-8.974653244018555,-21.6306209564209,-7.902027606964111,-9.145750045776367,0.1463920623064041,20.11431312561035,0.9809966087341309,6.349702835083008,8.834776878356934,-10.259572982788086,-1.4197273254394531,4.2290802001953125,0.9772126078605652,0.7311156392097473,-6.032741546630859,2.1980092525482178,-2.9661102294921875,-3.1058523654937744,-0.4732767939567566,-1.9727118015289307,0.4176526665687561,-0.7427811622619629,-1.0511969327926636,-1.2779340744018555,-0.5446803569793701,5.035989761352539,-4.9093194007873535,1.7453919649124146,0.3418436348438263,0.05109091103076935,0.06129905581474304,0.08607617020606995,0.12597543001174927,0.1760222315788269,0.2289239764213562,0.2734106481075287,0.2947855591773987,0.28320059180259705,0.2333107590675354,0.15017977356910706,0.06991121917963028,0.11269290000200272,0.14194625616073608,0.10403119027614594,0.12569481134414673,0.2782532572746277,0.3807113766670227,0.35107171535491943,0.20956628024578094,0.1915455162525177,0.2399568110704422,0.21705512702465057,0.3142607808113098,0.3311642110347748,0.23242272436618805,0.27706605195999146,0.3060927987098694,0.2938382625579834,0.30767014622688293,0.4738512635231018,0.5399510860443115,0.528451681137085,0.6326462626457214,0.6880277395248413,0.6519051790237427,0.599446177482605,0.4995141923427582,0.36210787296295166,0.21199150383472443,0.10150615125894547,0.1003318801522255,0.08610141277313232,0.015540603548288345,0.10519904643297195,0.21212930977344513,0.3526253402233124,0.6850721836090088,1.0333648920059204,1.1675435304641724,1.0031824111938477,0.6760097742080688,0.41344308853149414,0.30074670910835266,0.3262629210948944,0.3579750955104828,0.3213806748390198,0.2346051037311554,0.16211135685443878,0.10179183632135391,MR
../data/DWT_NEW/MR/New_MR_134.wav,135.14007568359375,-31.271862030029297,-15.340202331542969,0.8548727631568909,4.2586236000061035,5.720297813415527,12.90542984008789,4.996463775634766,-2.61797833442688,-6.766019821166992,-2.307079792022705,-1.917129397392273,4.314800262451172,3.3216803073883057,-0.4102376103401184,-1.937780737876892,-0.8550294041633606,-4.600977420806885,2.305190324783325,-0.9297036528587341,-3.3430166244506836,1.858086109161377,3.967895984649658,0.9377947449684143,3.587103843688965,2.0303962230682373,4.580973148345947,1.5099753141403198,1.8133747577667236,-3.2406303882598877,1.6291568279266357,-5.212109088897705,1.0303914546966553,-0.8466978073120117,2.3696095943450928,1.2600017786026,-2.7793588638305664,-1.7509191036224365,3.0378787517547607,-1.7935154438018799,0.26743435859680176,0.2119354009628296,0.26297956705093384,0.30912941694259644,0.34362733364105225,0.360163152217865,0.35831305384635925,0.33821743726730347,0.3037697672843933,0.2668182849884033,0.2356787919998169,0.2063075602054596,0.16736526787281036,0.11101745069026947,0.07317446917295456,0.16110125184059143,0.25986480712890625,0.31861358880996704,0.31214290857315063,0.23936958611011505,0.13852807879447937,0.12734130024909973,0.12103982269763947,0.14581207931041718,0.23143494129180908,0.24042004346847534,0.2547602653503418,0.3095076084136963,0.2977658212184906,0.2626887857913971,0.27354395389556885,0.3374926447868347,0.3475114107131958,0.3056771755218506,0.2791088819503784,0.2724245488643646,0.25712403655052185,0.22835630178451538,0.19901514053344727,0.16710235178470612,0.1154404878616333,0.1406690925359726,0.2069282829761505,0.24187515676021576,0.22834531962871552,0.18478655815124512,0.10835839062929153,0.06718163192272186,0.14352409541606903,0.16457203030586243,0.14228571951389313,0.12247493863105774,0.14676927030086517,0.1696663349866867,0.11502803862094879,0.12290208786725998,0.19945168495178223,0.17212988436222076,0.07440077513456345,0.08876059949398041,0.13430437445640564,MR
../data/DWT_NEW/MR/New_MR_149.wav,123.49880981445312,-32.365116119384766,-4.250237464904785,1.5761234760284424,-0.27822527289390564,1.18353271484375,12.389936447143555,3.7173357009887695,0.23623719811439514,-4.685101509094238,3.042212963104248,-2.8048365116119385,4.615811347961426,3.687253713607788,-0.6929025650024414,-3.571718692779541,-3.529695510864258,-3.2203989028930664,1.8383656740188599,0.2957311272621155,-7.034843444824219,-0.8102414608001709,-0.870410680770874,0.6093569397926331,2.880758047103882,1.337629795074463,4.7831573486328125,-0.30065831542015076,1.0602844953536987,-2.379696846008301,0.6833724975585938,-4.951369285583496,-0.9973046779632568,-0.8455318212509155,1.8260679244995117,1.0762779712677002,-4.913273811340332,0.35080933570861816,3.3954873085021973,-0.9057860374450684,0.2451261729001999,0.1943446695804596,0.23537586629390717,0.27362966537475586,0.3031129240989685,0.3174346089363098,0.31442734599113464,0.29175788164138794,0.2511866092681885,0.20562174916267395,0.17285369336605072,0.15940669178962708,0.1462899148464203,0.12186005711555481,0.12825721502304077,0.21584945917129517,0.3106960952281952,0.351726233959198,0.3178741931915283,0.2308875471353531,0.1600416600704193,0.1733415126800537,0.20241233706474304,0.22001786530017853,0.2033030092716217,0.16312357783317566,0.1339537501335144,0.24277454614639282,0.24922692775726318,0.14670823514461517,0.14531828463077545,0.24078571796417236,0.2445695996284485,0.17039823532104492,0.18921345472335815,0.20593790709972382,0.1871803104877472,0.18536977469921112,0.18601387739181519,0.15822488069534302,0.12849348783493042,0.14179101586341858,0.20932620763778687,0.27087557315826416,0.2867087125778198,0.23895546793937683,0.1432206630706787,0.10909047722816467,0.18628105521202087,0.2241399586200714,0.22850385308265686,0.20497657358646393,0.13120774924755096,0.15721094608306885,0.24764177203178406,0.20162907242774963,0.0712539404630661,0.11817977577447891,0.12944206595420837,0.15248502790927887,0.17150233685970306,MR
../data/DWT_NEW/MR/New_MR_170.wav,149.10459899902344,-32.49272155761719,-11.035173416137695,5.399440765380859,9.23471450805664,11.60069465637207,14.574651718139648,4.70725154876709,-2.0447583198547363,-11.272207260131836,-1.9561231136322021,-1.0273888111114502,7.403653144836426,4.149829864501953,1.1974358558654785,0.17458271980285645,-4.032802581787109,-7.284136772155762,-0.1817053258419037,-4.586398124694824,-4.740383625030518,1.880069375038147,3.541694402694702,3.451467275619507,5.421313285827637,2.1290509700775146,3.1895456314086914,2.064972400665283,-0.6437852382659912,-2.567108154296875,0.5841395854949951,-4.571588516235352,0.9180658459663391,1.1719491481781006,2.7281723022460938,2.5960283279418945,-2.768479347229004,0.4099465310573578,3.1190948486328125,-0.8626943230628967,0.3126952350139618,0.4568709433078766,0.4329600930213928,0.3763274550437927,0.2848656177520752,0.1621761918067932,0.04058879613876343,0.13820099830627441,0.2561471164226532,0.32494688034057617,0.3220115900039673,0.2398160696029663,0.1328388750553131,0.23909074068069458,0.40342849493026733,0.4879402816295624,0.4368116855621338,0.26541876792907715,0.15240420401096344,0.26497453451156616,0.2970486879348755,0.24024879932403564,0.3756055235862732,0.4362648129463196,0.33854031562805176,0.18147197365760803,0.17966684699058533,0.36358919739723206,0.4630032181739807,0.37249061465263367,0.15465059876441956,0.2723608613014221,0.3840413987636566,0.30792614817619324,0.22269460558891296,0.22992056608200073,0.17087867856025696,0.10503026098012924,0.0917590782046318,0.12310478836297989,0.15286509692668915,0.16632810235023499,0.16682183742523193,0.161591038107872,0.14991070330142975,0.16048267483711243,0.17085500061511993,0.14282697439193726,0.09076783061027527,0.08901634067296982,0.19437845051288605,0.27642741799354553,0.28967905044555664,0.2478843778371811,0.3590964674949646,0.4134666323661804,0.4164920747280121,0.41721951961517334,0.34939056634902954,0.2844933867454529,0.1749836653470993,MR
../data/DWT_NEW/MR/New_MR_156.wav,138.03677368164062,-35.99929428100586,-12.59608268737793,5.53550386428833,11.152392387390137,13.85516357421875,19.63642692565918,9.581535339355469,1.1532208919525146,-8.05704116821289,-4.35409688949585,-3.665459632873535,4.385626792907715,2.281662940979004,-1.1102001667022705,-3.39931583404541,-2.1711087226867676,-4.169144153594971,1.9199742078781128,-3.5244076251983643,-4.137524604797363,1.8563997745513916,4.583456993103027,2.6875088214874268,5.080153942108154,1.143945336341858,3.739985466003418,1.5453808307647705,-0.8184983134269714,-3.2641186714172363,0.024063987657427788,-3.6604361534118652,0.5607402920722961,1.0346163511276245,1.1274738311767578,3.067880153656006,-2.5483055114746094,-1.4321599006652832,2.402102470397949,-1.1715667247772217,0.28819698095321655,0.3259466290473938,0.3650873899459839,0.3928585648536682,0.40620899200439453,0.4046359658241272,0.3966183066368103,0.3902236819267273,0.3899942636489868,0.3950068950653076,0.3894975781440735,0.34780362248420715,0.25693279504776,0.1237502247095108,0.12237004935741425,0.2765306234359741,0.37492835521698,0.3720480501651764,0.3001590371131897,0.2931900918483734,0.3452862501144409,0.3100470304489136,0.20026795566082,0.28713127970695496,0.32045525312423706,0.2563491761684418,0.2935785949230194,0.3744341731071472,0.3465072512626648,0.2984001040458679,0.3325074017047882,0.38977599143981934,0.3779557943344116,0.30700594186782837,0.2946554720401764,0.2699798047542572,0.20263774693012238,0.16273801028728485,0.16343720257282257,0.14983971416950226,0.12936615943908691,0.10682877898216248,0.12191534787416458,0.15738140046596527,0.17924776673316956,0.1661178469657898,0.12946559488773346,0.10361132025718689,0.11661799252033234,0.15037468075752258,0.16632027924060822,0.12029781192541122,0.034061674028635025,0.1983451098203659,0.2844240963459015,0.20798300206661224,0.06850946694612503,0.142770454287529,0.14156226813793182,0.11390205472707748,0.09912589192390442,MR
../data/DWT_NEW/MR/New_MR_139.wav,132.01559448242188,-32.84154510498047,-10.197795867919922,8.185561180114746,5.611885070800781,7.572425842285156,8.388742446899414,5.2392425537109375,0.33702558279037476,-4.151568412780762,-2.790163993835449,-0.1487429141998291,4.142587661743164,4.731308460235596,1.1078168153762817,-2.514209032058716,-0.13816845417022705,-1.8709346055984497,2.5363080501556396,-1.5567967891693115,-3.0472354888916016,-1.6743967533111572,1.1542589664459229,0.7400990724563599,3.655050039291382,1.802715539932251,6.082622528076172,0.6114110350608826,0.8107154369354248,-5.6540632247924805,-2.0190305709838867,-4.456365585327148,1.7826162576675415,1.6373083591461182,4.141121864318848,1.466722011566162,-3.3943111896514893,-0.3718682527542114,2.0926737785339355,-2.4981606006622314,0.25978603959083557,0.2411055564880371,0.3109859526157379,0.3744872212409973,0.4216821491718292,0.4430891275405884,0.4367348253726959,0.4028497636318207,0.3500201106071472,0.30268287658691406,0.2820093333721161,0.2755450904369354,0.2471138834953308,0.1677168756723404,0.07295489311218262,0.17724557220935822,0.3151715099811554,0.3829520046710968,0.3578883409500122,0.27342647314071655,0.23049873113632202,0.2473207712173462,0.20375998318195343,0.172280415892601,0.23149338364601135,0.23691289126873016,0.2631540596485138,0.3227439820766449,0.2971879243850708,0.24175038933753967,0.22487491369247437,0.27833253145217896,0.2951796054840088,0.2733662724494934,0.2514437735080719,0.24563910067081451,0.2550159990787506,0.2503125071525574,0.2281363159418106,0.19825154542922974,0.15598782896995544,0.14011314511299133,0.20523545145988464,0.26315993070602417,0.28296998143196106,0.2540317475795746,0.1736195683479309,0.05967764928936958,0.09646289050579071,0.18744775652885437,0.2147800326347351,0.1768011450767517,0.09682121872901917,0.10238167643547058,0.1257041096687317,0.11085581034421921,0.1286761611700058,0.11216720193624496,0.040717098861932755,0.07931146025657654,0.1243373304605484,MR
../data/DWT_NEW/MR/New_MR_127.wav,126.3919677734375,-31.812768936157227,-8.925649642944336,5.183365821838379,7.412032604217529,7.620055198669434,13.876290321350098,3.993307590484619,0.5967161655426025,-7.065479278564453,-4.159480571746826,-1.2923527956008911,6.033071517944336,4.812715530395508,-0.5945127606391907,-0.5267841815948486,-3.8790740966796875,-4.326014518737793,1.1788442134857178,-1.9689812660217285,-4.749706268310547,3.366238594055176,1.3222020864486694,2.350961685180664,0.3903559446334839,2.782919406890869,2.1733155250549316,2.323517322540283,-0.22595417499542236,-2.106311321258545,0.6539554595947266,-3.4677300453186035,0.8336727619171143,-1.0057621002197266,0.2686888873577118,1.6185288429260254,-3.218140125274658,1.1613354682922363,2.609004020690918,0.10095405578613281,0.24250046908855438,0.25413429737091064,0.2834188938140869,0.3054433763027191,0.31634920835494995,0.31406670808792114,0.3037683665752411,0.29184412956237793,0.2848978042602539,0.2861294150352478,0.28456607460975647,0.2600581645965576,0.20464037358760834,0.14209434390068054,0.16775847971439362,0.2637398838996887,0.32702183723449707,0.3168122470378876,0.25407305359840393,0.22614404559135437,0.25048696994781494,0.2418043464422226,0.24449220299720764,0.27660807967185974,0.23954147100448608,0.1527099609375,0.1853213906288147,0.2849879860877991,0.2897398769855499,0.18427810072898865,0.20772886276245117,0.2702077627182007,0.2597796618938446,0.18791835010051727,0.21100662648677826,0.2040463536977768,0.19233466684818268,0.2036837935447693,0.19749192893505096,0.16201934218406677,0.12620162963867188,0.10515973716974258,0.1367437243461609,0.20024235546588898,0.22604459524154663,0.20183464884757996,0.1522204577922821,0.1316841095685959,0.1536504030227661,0.17280104756355286,0.17534779012203217,0.13644111156463623,0.04984433203935623,0.15772992372512817,0.2553023099899292,0.2100975513458252,0.06962093710899353,0.08329663425683975,0.080499567091465,0.06993132829666138,0.08530972898006439,MR
../data/DWT_NEW/MR/New_MR_042.wav,141.80311584472656,-29.31526756286621,12.686454772949219,1.0673952102661133,-13.560680389404297,-9.707025527954102,5.766841411590576,6.133139133453369,4.634864330291748,-0.9854365587234497,-1.6668365001678467,-12.652240753173828,-7.285055637359619,-20.687896728515625,-10.858508110046387,-10.192732810974121,0.4676428437232971,21.062320709228516,2.708402156829834,-0.11568081378936768,5.48353385925293,-9.236234664916992,0.640071451663971,7.035856246948242,-0.733651876449585,-1.171477198600769,-6.7208757400512695,3.278022289276123,-0.4478502869606018,-1.5465248823165894,-1.6149706840515137,-4.861983299255371,0.34977322816848755,1.899895191192627,1.3269696235656738,-3.0184192657470703,1.21159827709198,4.461773872375488,-7.911128997802734,4.356844902038574,0.35383644700050354,0.06339003145694733,0.05203280597925186,0.028425876051187515,0.01974448561668396,0.07282087206840515,0.1399204432964325,0.21074050664901733,0.2707541584968567,0.3067294955253601,0.30731096863746643,0.26673170924186707,0.19748112559318542,0.11882917582988739,0.05587758496403694,0.02250349149107933,0.07749519497156143,0.18926537036895752,0.30217409133911133,0.35705995559692383,0.32591861486434937,0.24295786023139954,0.16342800855636597,0.11139646917581558,0.24197211861610413,0.2853030562400818,0.3096596300601959,0.36569491028785706,0.27627241611480713,0.22760319709777832,0.385612428188324,0.5447201728820801,0.4907146394252777,0.3978516161441803,0.5592621564865112,0.6324004530906677,0.5802025198936462,0.5457841157913208,0.5030728578567505,0.38067400455474854,0.24233001470565796,0.14301997423171997,0.13459041714668274,0.16285954415798187,0.15073566138744354,0.14920999109745026,0.25110799074172974,0.4534482955932617,0.7140222787857056,0.9516107439994812,1.0241820812225342,0.8676196336746216,0.5970584750175476,0.37937989830970764,0.28742700815200806,0.36203932762145996,0.5166462063789368,0.507185161113739,0.33694273233413696,0.20474320650100708,0.2585868835449219,MR
../data/DWT_NEW/MR/New_MR_114.wav,139.6116485595703,-27.583606719970703,-4.65745735168457,4.9734206199646,2.05936598777771,1.4796500205993652,11.057241439819336,3.1825568675994873,1.6305288076400757,-5.233274459838867,3.078512668609619,-1.5466622114181519,7.915008068084717,6.600900173187256,0.13946540653705597,-2.41113018989563,-3.748232841491699,-3.0143544673919678,0.6207675933837891,1.5266313552856445,-4.289374828338623,2.518587112426758,0.09124866127967834,2.378970146179199,0.5880749821662903,0.29221516847610474,2.0751781463623047,3.077033519744873,0.6924412250518799,-1.0209664106369019,1.2783219814300537,-3.7090113162994385,-0.5042880773544312,-0.8721036911010742,1.9212868213653564,1.0771689414978027,-4.832103729248047,1.803419828414917,3.473097324371338,-1.2127326726913452,0.2725408673286438,0.4444738030433655,0.42888808250427246,0.3802058696746826,0.2953827381134033,0.1767381727695465,0.049278080463409424,0.13138501346111298,0.257853627204895,0.3384671211242676,0.34520232677459717,0.26088714599609375,0.11664899438619614,0.1920493245124817,0.3824344277381897,0.49116355180740356,0.4567897915840149,0.2936583161354065,0.16320957243442535,0.27640989422798157,0.28411611914634705,0.20137040317058563,0.31883224844932556,0.359721839427948,0.2748107314109802,0.21454842388629913,0.21213790774345398,0.3108804523944855,0.3609004616737366,0.3095623552799225,0.23521775007247925,0.27503055334091187,0.31639665365219116,0.2692945599555969,0.21677064895629883,0.18549169600009918,0.1544739305973053,0.14818690717220306,0.15039098262786865,0.1662791222333908,0.1815635710954666,0.20533674955368042,0.22150462865829468,0.22244492173194885,0.18981215357780457,0.15295130014419556,0.2253943383693695,0.26500165462493896,0.24021437764167786,0.14407026767730713,0.0676923543214798,0.18520528078079224,0.26036685705184937,0.255208820104599,0.25085732340812683,0.2981235086917877,0.287436306476593,0.2717336416244507,0.21660113334655762,0.18014675378799438,0.12032794207334518,MR
../data/DWT_NEW/MR/New_MR_193.wav,115.5484619140625,-1.7991085052490234,-13.035416603088379,-0.4367693066596985,-9.618156433105469,2.6284079551696777,-2.537782907485962,9.807340621948242,1.5394728183746338,0.43561702966690063,6.7067413330078125,7.354495048522949,-1.4119271039962769,1.9784502983093262,5.628238677978516,-3.284022808074951,4.051312446594238,0.20294201374053955,-0.4613901376724243,-0.21609586477279663,2.844175100326538,0.7018812894821167,-1.947853922843933,-4.750726699829102,1.1988680362701416,-1.172857642173767,-2.9235072135925293,0.961737871170044,0.40338951349258423,0.6147101521492004,2.3033254146575928,-0.730557918548584,0.246540367603302,1.3453588485717773,5.222257614135742,1.4859230518341064,2.509490966796875,5.257706642150879,0.2636421322822571,1.1437853574752808,0.18287266790866852,0.0772557407617569,0.017845729365944862,0.05312546715140343,0.10183099657297134,0.13792531192302704,0.1654786467552185,0.19726218283176422,0.2437339425086975,0.30124038457870483,0.35124534368515015,0.37118178606033325,0.35286253690719604,0.30065077543258667,0.21557402610778809,0.1168881505727768,0.061724595725536346,0.136674702167511,0.1668943464756012,0.13596239686012268,0.21704435348510742,0.2707889676094055,0.21611948311328888,0.3061286211013794,0.39431601762771606,0.31882554292678833,0.17334774136543274,0.1597554087638855,0.2668617367744446,0.2626277208328247,0.15733987092971802,0.08207044005393982,0.10105856508016586,0.14377394318580627,0.20190668106079102,0.2451079785823822,0.284157395362854,0.31878721714019775,0.3211532533168793,0.3179475665092468,0.32423633337020874,0.3178982734680176,0.28004780411720276,0.315287321805954,0.417132169008255,0.46590059995651245,0.4751517176628113,0.4898175001144409,0.5210164189338684,0.5046164989471436,0.41040706634521484,0.3441878855228424,0.4477822184562683,0.467457115650177,0.45553892850875854,0.39547112584114075,0.3795544505119324,0.3785829544067383,0.42999470233917236,0.49230319261550903,0.40429699420928955,MR
../data/DWT_NEW/MR/New_MR_008.wav,65.61160278320312,-54.5364990234375,11.504722595214844,-14.414794921875,2.692767858505249,-1.864664077758789,-3.697183132171631,-1.490720272064209,-3.0897722244262695,2.5032520294189453,6.6510396003723145,3.305284261703491,1.2530343532562256,-7.118598937988281,3.5848822593688965,5.674349784851074,-1.5449097156524658,0.3492404818534851,-4.636313438415527,3.671694040298462,0.4816341996192932,-7.545875072479248,1.0354422330856323,6.565237998962402,1.8354018926620483,-2.8307440280914307,-0.4291430115699768,-0.47742462158203125,0.22827689349651337,-4.276670932769775,1.3325700759887695,3.5908782482147217,2.1658263206481934,0.1280447542667389,-4.2153143882751465,-2.434875011444092,4.284178733825684,0.47743523120880127,2.015146255493164,0.3910534679889679,0.1915174126625061,0.07018826901912689,0.06563618034124374,0.05785538628697395,0.04618050530552864,0.031088098883628845,0.018425850197672844,0.027447329834103584,0.049964629113674164,0.07347665727138519,0.09283850342035294,0.1024453341960907,0.09931748360395432,0.08228504657745361,0.05212554708123207,0.029560865834355354,0.053106360137462616,0.07989980280399323,0.08561713248491287,0.06833141297101974,0.05860908329486847,0.09459801763296127,0.13026461005210876,0.12832331657409668,0.08285865932703018,0.013879746198654175,0.046586766839027405,0.06528569012880325,0.08143047988414764,0.11497733741998672,0.11497354507446289,0.08032337576150894,0.046277377754449844,0.05805649608373642,0.09210825711488724,0.10733329504728317,0.1087045818567276,0.10866858065128326,0.09559439867734909,0.08781994879245758,0.11124222725629807,0.1375499665737152,0.17647817730903625,0.20961853861808777,0.21665796637535095,0.23042190074920654,0.24428729712963104,0.23177450895309448,0.20969736576080322,0.2007809579372406,0.19546492397785187,0.19940529763698578,0.20566867291927338,0.19966764748096466,0.16946890950202942,0.11257830262184143,0.08980998396873474,0.1379750669002533,0.16255812346935272,0.15287552773952484,0.12421319633722305,MR
../data/DWT_NEW/MR/New_MR_053.wav,142.29910278320312,-29.411333084106445,-8.798144340515137,-5.63085412979126,1.1836042404174805,1.5600543022155762,14.72758674621582,5.868374824523926,3.371790885925293,-10.960229873657227,-0.8740825057029724,-4.426440715789795,1.4113191366195679,-3.2623767852783203,-3.481069326400757,0.9452613592147827,-2.7494821548461914,1.9613697528839111,0.5282716155052185,0.37885767221450806,-3.709500312805176,3.8158812522888184,0.2602975368499756,0.1818617582321167,1.9485726356506348,0.6515299081802368,1.8398261070251465,0.8957548141479492,-0.24603158235549927,2.1004109382629395,5.224425792694092,0.4695354700088501,2.4742610454559326,1.6658706665039062,0.2812645435333252,1.1026158332824707,-4.385969161987305,-1.6287897825241089,0.7657278776168823,-1.602165937423706,0.2901393175125122,0.2554350197315216,0.2734368145465851,0.2779683470726013,0.26625335216522217,0.2382148802280426,0.20291966199874878,0.17625892162322998,0.17669901251792908,0.20040827989578247,0.2195587456226349,0.20816057920455933,0.16115833818912506,0.10847025364637375,0.15488405525684357,0.24237310886383057,0.287075012922287,0.2579982280731201,0.17133235931396484,0.10192251950502396,0.1393883228302002,0.12715134024620056,0.1590273529291153,0.2822471261024475,0.33419209718704224,0.2804405689239502,0.220982164144516,0.24883079528808594,0.25158241391181946,0.3187636435031891,0.3570013642311096,0.3386685252189636,0.3037923574447632,0.28528741002082825,0.28395718336105347,0.24356935918331146,0.20207947492599487,0.17071597278118134,0.15386061370372772,0.150771826505661,0.14493073523044586,0.12112788110971451,0.11652207374572754,0.1332174837589264,0.1579924076795578,0.1707247495651245,0.17058314383029938,0.16526460647583008,0.16051316261291504,0.15431171655654907,0.15164391696453094,0.13293422758579254,0.09546618163585663,0.142222598195076,0.2097717523574829,0.15448319911956787,0.07200679183006287,0.14774206280708313,0.15879099071025848,0.16042642295360565,0.14338815212249756,MR
../data/DWT_NEW/MR/New_MR_162.wav,121.7521743774414,-32.77366256713867,-12.071369171142578,6.043888092041016,8.155800819396973,9.431053161621094,11.568122863769531,5.248224258422852,-0.4547409415245056,-3.236074447631836,-3.357137680053711,-0.5245859622955322,4.853076934814453,4.369872570037842,-0.46665531396865845,-3.445192575454712,-1.546486735343933,-4.185821533203125,4.965857982635498,-1.8228657245635986,-3.4677579402923584,-1.6214492321014404,1.453752040863037,0.6304303407669067,3.9104866981506348,3.3050308227539062,6.849998474121094,4.325257778167725,2.7157068252563477,-4.07022762298584,-1.2590454816818237,-7.637584686279297,-0.1887536644935608,-1.669189691543579,3.8071556091308594,1.8378894329071045,-3.5526695251464844,-1.8259207010269165,2.832148551940918,-0.4946856200695038,0.2364143431186676,0.236185222864151,0.2872665524482727,0.3277894854545593,0.3509100675582886,0.35201457142829895,0.3361351490020752,0.3141750395298004,0.30376100540161133,0.31702929735183716,0.3363904654979706,0.32521432638168335,0.2614096999168396,0.14663943648338318,0.08044436573982239,0.20713511109352112,0.3060443699359894,0.32860374450683594,0.2931366562843323,0.2535685896873474,0.2291100174188614,0.19003069400787354,0.13827630877494812,0.15037491917610168,0.2105422168970108,0.21741372346878052,0.255298912525177,0.3135833740234375,0.29000216722488403,0.22957274317741394,0.24147862195968628,0.3134375214576721,0.31054848432540894,0.2568880021572113,0.22150035202503204,0.21689525246620178,0.21600648760795593,0.19574342668056488,0.1627192199230194,0.13124606013298035,0.09204988926649094,0.13971030712127686,0.21066296100616455,0.25877702236175537,0.2605386972427368,0.2113974392414093,0.12234753370285034,0.04884560406208038,0.11302287131547928,0.1520715206861496,0.1423357129096985,0.10482634603977203,0.09382953494787216,0.13531138002872467,0.12000519037246704,0.07928863167762756,0.13909278810024261,0.13209879398345947,0.0589933767914772,0.06841614097356796,0.11426308006048203,MR
../data/DWT_NEW/MR/New_MR_039.wav,79.68929290771484,-68.255615234375,-5.484818458557129,-27.390823364257812,-2.5946547985076904,0.12239187955856323,-0.19188827276229858,-3.384146213531494,3.9452428817749023,-3.7824087142944336,2.3453528881073,-1.7864036560058594,-0.535720705986023,1.9890319108963013,-2.7284748554229736,1.708075761795044,-1.2546052932739258,0.47974035143852234,0.16550561785697937,-0.423427015542984,-0.013702929019927979,-0.8757535219192505,0.754593014717102,-0.1424587368965149,0.5754803419113159,0.2907062768936157,-0.664639949798584,0.4314497113227844,0.6340166330337524,-1.9667240381240845,-3.380146026611328,-4.008227348327637,-2.875593423843384,0.28832635283470154,-1.5629194974899292,-4.5540056228637695,-2.301337242126465,1.1511054039001465,0.5427970290184021,-2.211670398712158,0.25621098279953003,0.026821013540029526,0.03165668994188309,0.03690304234623909,0.04218548908829689,0.04689547047019005,0.050574857741594315,0.05202852934598923,0.049607053399086,0.04258950799703598,0.03150695562362671,0.02271319180727005,0.03262696787714958,0.04949166625738144,0.06197197362780571,0.06378781795501709,0.05704372748732567,0.054716743528842926,0.06041422486305237,0.05371040850877762,0.034447234123945236,0.05003789812326431,0.07298026978969574,0.06727101653814316,0.04259556531906128,0.0422968827188015,0.035304922610521317,0.030195318162441254,0.032364536076784134,0.03948964178562164,0.0528767928481102,0.06513642519712448,0.07167518883943558,0.08111859858036041,0.08496007323265076,0.07919948548078537,0.07365476340055466,0.06497405469417572,0.05740593373775482,0.06131349131464958,0.06848736107349396,0.07724995166063309,0.09136728942394257,0.10779078304767609,0.11488056182861328,0.10280748456716537,0.07953904569149017,0.09246128797531128,0.12579287588596344,0.1325690746307373,0.11566507071256638,0.1333705633878708,0.14307446777820587,0.15596231818199158,0.1925172060728073,0.21070536971092224,0.2345007061958313,0.25441858172416687,0.2633965015411377,0.2675681710243225,0.28618600964546204,MR
../data/DWT_NEW/MR/New_MR_195.wav,92.87484741210938,-9.837257385253906,23.854751586914062,1.4055582284927368,-12.287731170654297,18.187042236328125,-7.082289218902588,4.899479866027832,-3.959768056869507,-0.20218425989151,13.623733520507812,-5.252021789550781,4.429310321807861,-2.4008874893188477,3.8649091720581055,-2.655846118927002,3.0027477741241455,1.9278262853622437,-4.812237739562988,1.8000407218933105,3.3073980808258057,2.041350841522217,-3.6847009658813477,2.055786609649658,2.1771597862243652,2.9832253456115723,-0.9449008107185364,2.435062885284424,0.07539299130439758,1.370595932006836,0.2916114032268524,0.46582919359207153,2.2991526126861572,-1.9622809886932373,-3.342466354370117,-3.148641586303711,1.9579696655273438,1.9095220565795898,3.1342246532440186,1.7513654232025146,0.1910465657711029,0.278215229511261,0.21561190485954285,0.1426372528076172,0.06672673672437668,0.029648225754499435,0.08368028700351715,0.12898805737495422,0.17041292786598206,0.23817194998264313,0.3491443991661072,0.4817749857902527,0.5976999998092651,0.6590527296066284,0.6326971054077148,0.507715106010437,0.318401575088501,0.13825954496860504,0.11833742260932922,0.11884304881095886,0.10063295066356659,0.19861024618148804,0.24733856320381165,0.23870256543159485,0.22955366969108582,0.22852259874343872,0.32424765825271606,0.3734467327594757,0.3157820999622345,0.25133344531059265,0.32592904567718506,0.37698498368263245,0.2946077585220337,0.18747137486934662,0.2233985811471939,0.2761937379837036,0.29797035455703735,0.3212490677833557,0.3050462305545807,0.24293071031570435,0.18256942927837372,0.2012188881635666,0.23580563068389893,0.23526757955551147,0.16983628273010254,0.19721584022045135,0.2719528079032898,0.35964587330818176,0.3710492253303528,0.2778826951980591,0.1287342607975006,0.22764307260513306,0.27784281969070435,0.2514151930809021,0.2301693558692932,0.19440500438213348,0.12459979206323624,0.07581975311040878,0.06737694144248962,0.10077770054340363,0.11841343343257904,MR
../data/DWT_NEW/MR/New_MR_089.wav,129.08013916015625,-26.551225662231445,13.349333763122559,-3.9188766479492188,-1.67708420753479,-11.68943977355957,1.7233606576919556,2.9664430618286133,3.147615671157837,4.895153999328613,-4.186264991760254,7.046620845794678,-0.5294722318649292,8.526052474975586,13.7427978515625,-3.299889087677002,2.5995585918426514,5.107396125793457,4.524367332458496,-3.2818474769592285,-3.6657485961914062,6.818603515625,-0.911037802696228,-7.079972267150879,5.491815090179443,2.5388917922973633,3.740852117538452,9.10601806640625,-4.968476295471191,-3.159428596496582,-4.394718170166016,-3.2292065620422363,-2.261594533920288,-4.605503082275391,-2.6871235370635986,-1.0243744850158691,-1.5337412357330322,-0.0708228051662445,0.05631148815155029,-3.878365993499756,0.29039129614830017,0.2863646447658539,0.36872079968452454,0.44820159673690796,0.48930978775024414,0.46126246452331543,0.35349375009536743,0.19091282784938812,0.19426211714744568,0.38453489542007446,0.5116739273071289,0.514778196811676,0.4481598138809204,0.45387136936187744,0.49538496136665344,0.4175039529800415,0.2161460816860199,0.20804628729820251,0.35516631603240967,0.3623535633087158,0.24090340733528137,0.14587470889091492,0.1540542095899582,0.13175293803215027,0.13632796704769135,0.1658174693584442,0.1699541211128235,0.1232825294137001,0.15708132088184357,0.17796090245246887,0.16142338514328003,0.23977988958358765,0.2247486412525177,0.3086126148700714,0.31838348507881165,0.2908233404159546,0.32191145420074463,0.29676780104637146,0.2863008975982666,0.3619826138019562,0.3952242136001587,0.500045657157898,0.5738928318023682,0.6395996809005737,0.6300413012504578,0.5088087320327759,0.2633175849914551,0.23083677887916565,0.4521651268005371,0.5973511934280396,0.5900744199752808,0.5697066187858582,0.6436753273010254,0.7191169857978821,0.758004903793335,0.6691185235977173,0.45734721422195435,0.27345210313796997,0.25004932284355164,0.23162657022476196,0.2940797805786133,MR
../data/DWT_NEW/MR/New_MR_107.wav,135.1320037841797,-37.01588439941406,-17.24881362915039,-6.04896354675293,-8.089709281921387,-1.5377449989318848,8.877792358398438,1.3494129180908203,0.14425909519195557,-6.900567054748535,5.964763164520264,-2.2564549446105957,2.633425235748291,1.4580576419830322,-2.983623743057251,-2.004793167114258,-4.781630516052246,-2.1736555099487305,0.037511952221393585,-2.6988134384155273,-5.215819358825684,-0.6470029950141907,-1.2820364236831665,3.181650161743164,3.7900636196136475,2.413034677505493,4.488705635070801,0.37917882204055786,0.626533031463623,0.8143073320388794,2.784884452819824,-3.50158429145813,0.3453885316848755,1.136531949043274,1.856223225593567,0.2528078854084015,-3.2206907272338867,1.8984932899475098,4.377513885498047,0.1433989703655243,0.2768673002719879,0.05454906076192856,0.08326394855976105,0.10469289869070053,0.11297129094600677,0.10469524562358856,0.08189259469509125,0.05560523271560669,0.059560030698776245,0.09104016423225403,0.11593866348266602,0.12298232316970825,0.1251148134469986,0.14548975229263306,0.17624430358409882,0.1860353648662567,0.15136860311031342,0.08278538286685944,0.030945105478167534,0.02870292030274868,0.09197689592838287,0.192815899848938,0.24240535497665405,0.20453137159347534,0.13206946849822998,0.12205550819635391,0.12943780422210693,0.1969761699438095,0.19903655350208282,0.2167351394891739,0.2115064412355423,0.15550000965595245,0.15464624762535095,0.18532943725585938,0.16437017917633057,0.1220497190952301,0.12012559175491333,0.11801092326641083,0.10795567184686661,0.1328117847442627,0.16687345504760742,0.20883998274803162,0.24021926522254944,0.24975408613681793,0.25996941328048706,0.2805381715297699,0.2985610067844391,0.29336851835250854,0.22708836197853088,0.12136675417423248,0.19945451617240906,0.3072064518928528,0.32976025342941284,0.27804887294769287,0.25293785333633423,0.25727492570877075,0.2709229290485382,0.31040990352630615,0.26931121945381165,0.22535908222198486,0.13872376084327698,MR
../data/DWT_NEW/MR/New_MR_135.wav,130.6133575439453,-40.19538116455078,-15.857046127319336,0.31937098503112793,-3.4418740272521973,-1.3962403535842896,12.773910522460938,6.126262664794922,5.232376575469971,-3.810269832611084,6.259965419769287,-1.227316975593567,3.5109949111938477,3.8761537075042725,-1.2626445293426514,-2.88285493850708,-4.329829216003418,-1.4462735652923584,-1.8163074254989624,-3.5603504180908203,-7.311585903167725,-2.254563331604004,-3.3946571350097656,0.38961827754974365,1.1330833435058594,2.244765281677246,4.616872787475586,1.2549424171447754,1.8555376529693604,2.2662060260772705,4.503653049468994,-1.048728346824646,0.498724102973938,0.7539666891098022,0.7506890892982483,0.361178994178772,-4.142430305480957,0.6968309879302979,2.489112377166748,-2.349263906478882,0.27231889963150024,0.18528282642364502,0.1860065460205078,0.17489047348499298,0.14802232384681702,0.10378304868936539,0.049399811774492264,0.050218068063259125,0.11280050873756409,0.16446247696876526,0.18573611974716187,0.16557887196540833,0.12108355760574341,0.13266786932945251,0.21489201486110687,0.27440470457077026,0.26336151361465454,0.18191081285476685,0.10636523365974426,0.15035486221313477,0.13285225629806519,0.12613603472709656,0.2204514741897583,0.23090723156929016,0.18474867939949036,0.2409478724002838,0.21100524067878723,0.18053394556045532,0.20352309942245483,0.24939966201782227,0.2675555944442749,0.21533456444740295,0.1764133870601654,0.1780463457107544,0.14502748847007751,0.08259987086057663,0.057032085955142975,0.07174155116081238,0.11551780998706818,0.16244128346443176,0.19117608666419983,0.21500030159950256,0.2235415279865265,0.20657044649124146,0.16923660039901733,0.18405532836914062,0.22423501312732697,0.24173668026924133,0.198906809091568,0.08917705714702606,0.12603312730789185,0.24470680952072144,0.29682236909866333,0.27833235263824463,0.2401353418827057,0.22629424929618835,0.22206607460975647,0.2486741840839386,0.22960171103477478,0.2062269151210785,0.12678489089012146,MR
../data/DWT_NEW/MR/New_MR_037.wav,62.505611419677734,-16.397682189941406,15.308566093444824,-11.553112030029297,-12.267047882080078,11.237212181091309,-16.153831481933594,22.986494064331055,-13.453749656677246,0.012433081865310669,-2.105079412460327,3.1776862144470215,3.5866377353668213,0.2738872766494751,-0.022865772247314453,-3.2086050510406494,-1.2258682250976562,4.144685745239258,2.4738640785217285,-2.5336222648620605,3.8726119995117188,-0.6250375509262085,8.2247314453125,7.338217735290527,-9.962339401245117,-9.159307479858398,2.874222993850708,0.08781814575195312,-1.5438389778137207,-0.36085566878318787,-2.887589931488037,2.475463628768921,1.7147796154022217,-3.065504550933838,-5.202221870422363,3.390942096710205,4.866448402404785,3.1901304721832275,-1.1214354038238525,3.7018563747406006,0.15338951349258423,0.15618126094341278,0.12302394956350327,0.0771978572010994,0.03488025814294815,0.059201646596193314,0.10777487605810165,0.14151327311992645,0.14840887486934662,0.12670710682868958,0.08351206034421921,0.036749955266714096,0.020357003435492516,0.0238186102360487,0.026229657232761383,0.07062169164419174,0.10632148385047913,0.11689964681863785,0.1471729427576065,0.19847390055656433,0.18011602759361267,0.0546703040599823,0.11115983128547668,0.193786159157753,0.2050490379333496,0.22766993939876556,0.17240144312381744,0.06297726184129715,0.0600481852889061,0.05944320186972618,0.07078129053115845,0.0606691874563694,0.12252594530582428,0.236517995595932,0.23283790051937103,0.17424094676971436,0.2001236379146576,0.15306904911994934,0.04129799082875252,0.058249954134225845,0.13876599073410034,0.2075144648551941,0.22488224506378174,0.19765453040599823,0.17653973400592804,0.23285995423793793,0.31300434470176697,0.3632887005805969,0.3742097318172455,0.3412785530090332,0.24875301122665405,0.2075566202402115,0.3294374346733093,0.4228132963180542,0.39506715536117554,0.2523764371871948,0.2392096221446991,0.3812888264656067,0.3650340735912323,0.2179069072008133,0.1519530564546585,MR
../data/DWT_NEW/MR/New_MR_076.wav,146.00091552734375,-34.509239196777344,-6.699737548828125,1.113693356513977,0.28186607360839844,1.7627536058425903,12.8824462890625,6.449428558349609,0.014577388763427734,-4.198106288909912,1.129596471786499,-4.560527801513672,3.3424832820892334,5.905672073364258,2.273606061935425,-2.725670099258423,0.5111066102981567,-2.343822479248047,4.0023603439331055,-2.3791491985321045,-5.399895191192627,-3.242661714553833,0.17808298766613007,3.516842842102051,2.9506494998931885,1.8766685724258423,2.239893913269043,0.3190785050392151,-0.5287333726882935,-2.4800522327423096,0.868073582649231,-3.7704834938049316,1.9648029804229736,1.8103585243225098,3.078356981277466,-0.4361112117767334,-5.71501350402832,1.0915296077728271,2.777317523956299,-1.311522364616394,0.313947856426239,0.38736721873283386,0.3790525794029236,0.34145936369895935,0.27093780040740967,0.16867120563983917,0.05308784544467926,0.10144387185573578,0.21057486534118652,0.2760820984840393,0.2714669704437256,0.1842764914035797,0.07612833380699158,0.23028813302516937,0.40486806631088257,0.49350935220718384,0.4499380886554718,0.2929920554161072,0.1313726156949997,0.1622665822505951,0.14968495070934296,0.19992998242378235,0.32716497778892517,0.33982983231544495,0.2416761964559555,0.19971883296966553,0.21172428131103516,0.29727447032928467,0.3282056450843811,0.29891765117645264,0.27527767419815063,0.30745095014572144,0.30976295471191406,0.25366222858428955,0.21176265180110931,0.17980054020881653,0.1610904037952423,0.17209461331367493,0.1780727654695511,0.20946171879768372,0.2384377419948578,0.25650554895401,0.2524726986885071,0.22881823778152466,0.17618098855018616,0.1556348353624344,0.20163273811340332,0.22062477469444275,0.1686689704656601,0.06632931530475616,0.18523351848125458,0.33762216567993164,0.375476598739624,0.28862467408180237,0.25084009766578674,0.296572208404541,0.22459697723388672,0.2271251380443573,0.209880530834198,0.21972344815731049,0.17542427778244019,MR
../data/DWT_NEW/MR/New_MR_101.wav,138.3316650390625,-22.422069549560547,13.154340744018555,-4.563268661499023,-5.534782886505127,2.0447375774383545,3.7296142578125,9.216428756713867,-6.224630832672119,8.468274116516113,5.125843048095703,3.0093994140625,2.5943198204040527,-3.564079761505127,8.335282325744629,9.057433128356934,6.19980525970459,5.354393482208252,-0.5704507827758789,1.6705173254013062,-3.085313320159912,-9.426528930664062,-2.938553810119629,1.0175014734268188,12.244684219360352,2.9848804473876953,-8.03945541381836,10.273089408874512,5.981052398681641,-3.8216969966888428,-3.5354981422424316,-4.190577507019043,2.3000311851501465,-3.727112293243408,-4.172662734985352,-1.6731524467468262,1.153125286102295,-1.834263801574707,-0.5551041960716248,-8.988580703735352,0.30407270789146423,0.3099018335342407,0.37669140100479126,0.48144808411598206,0.5629230737686157,0.5703004598617554,0.4828910231590271,0.3424595594406128,0.3778153955936432,0.616280198097229,0.7975374460220337,0.7847926616668701,0.5947777628898621,0.48399221897125244,0.6203799247741699,0.6002589464187622,0.353339821100235,0.4117773175239563,0.5543032884597778,0.4235111474990845,0.2444676011800766,0.2295246571302414,0.15529419481754303,0.13708359003067017,0.0695042610168457,0.11338021606206894,0.2295466512441635,0.289114773273468,0.27992984652519226,0.26465409994125366,0.2855703830718994,0.2717532217502594,0.28598979115486145,0.19593480229377747,0.25538232922554016,0.23463785648345947,0.17728672921657562,0.20193219184875488,0.18492254614830017,0.33611607551574707,0.4124937653541565,0.4523468017578125,0.4546051621437073,0.4371953308582306,0.44149625301361084,0.4183913469314575,0.30675429105758667,0.15147674083709717,0.281613290309906,0.39419156312942505,0.3282426595687866,0.21650369465351105,0.323337197303772,0.3394520878791809,0.38673028349876404,0.42958569526672363,0.34725916385650635,0.25834718346595764,0.22839616239070892,0.32858002185821533,0.4621641933917999,MR
../data/DWT_NEW/MR/New_MR_109.wav,129.58807373046875,-42.286251068115234,-14.170708656311035,-5.815576076507568,0.8608196973800659,4.079671382904053,14.560525894165039,1.4094853401184082,0.3669123649597168,-9.285575866699219,-3.1063804626464844,-6.231273174285889,2.3483428955078125,2.1286327838897705,-2.6318719387054443,0.25461775064468384,-2.8940279483795166,-0.9616794586181641,-0.32559171319007874,-2.3942534923553467,-6.4238786697387695,1.1304044723510742,1.3853576183319092,5.683030128479004,4.731590270996094,4.8303704261779785,4.495113372802734,2.962165117263794,-0.038152992725372314,0.4946363568305969,3.189227342605591,-1.980790138244629,1.4981565475463867,1.9461888074874878,2.416382074356079,2.8222756385803223,-1.5455081462860107,-0.29760652780532837,2.341642379760742,-0.7969021797180176,0.27639394998550415,0.15481428802013397,0.16339364647865295,0.1651657074689865,0.15951251983642578,0.14811132848262787,0.1382005661725998,0.13773928582668304,0.1489473134279251,0.16491544246673584,0.17317494750022888,0.16163098812103271,0.12716123461723328,0.07173873484134674,0.03557107597589493,0.07709287106990814,0.09744441509246826,0.0798162966966629,0.043432705104351044,0.09834185242652893,0.13990040123462677,0.1450696885585785,0.13931576907634735,0.16050386428833008,0.16946624219417572,0.14833171665668488,0.1535860300064087,0.22811156511306763,0.25915291905403137,0.20962750911712646,0.21119549870491028,0.2608092427253723,0.28366819024086,0.23863619565963745,0.19951647520065308,0.1908685266971588,0.17118936777114868,0.14490465819835663,0.11657754331827164,0.09834489226341248,0.09446264803409576,0.10674639046192169,0.14717933535575867,0.19192656874656677,0.21863418817520142,0.20924274623394012,0.16568425297737122,0.10822252929210663,0.08405429869890213,0.08137723803520203,0.08830811828374863,0.10604006052017212,0.07113593816757202,0.10640186071395874,0.19768008589744568,0.16921645402908325,0.053066544234752655,0.11974358558654785,0.14381760358810425,0.14760355651378632,0.1335940957069397,MR
../data/DWT_NEW/MR/New_MR_090.wav,154.96502685546875,-24.463167190551758,8.541452407836914,-7.451973915100098,-4.299002647399902,-1.9974147081375122,0.3317332863807678,5.208128452301025,3.1256802082061768,3.6464061737060547,13.812068939208984,0.9230774641036987,7.212893486022949,5.317926406860352,3.6081490516662598,8.638474464416504,2.591012477874756,3.1882500648498535,5.397500038146973,-0.2914050817489624,-1.5892852544784546,-4.900094032287598,-1.1351714134216309,-1.4706110954284668,6.666828632354736,0.297000527381897,1.6862280368804932,12.18017578125,1.2046220302581787,-6.542012691497803,-5.609281063079834,-2.9820666313171387,-1.2565646171569824,-2.0594704151153564,-3.9915249347686768,-3.5350122451782227,-1.664801836013794,-3.146934986114502,-0.32215750217437744,-4.524127960205078,0.35905519127845764,0.33835986256599426,0.4731268882751465,0.6353781223297119,0.7513414621353149,0.7614946365356445,0.6415842771530151,0.43715882301330566,0.43309080600738525,0.7177755832672119,0.9290691018104553,0.8898657560348511,0.6266721487045288,0.49826741218566895,0.7366951704025269,0.7644745111465454,0.504514217376709,0.496419757604599,0.6552461385726929,0.5133951306343079,0.2573356628417969,0.2851487696170807,0.18379636108875275,0.09777405858039856,0.04467172920703888,0.0784585028886795,0.11718964576721191,0.24060848355293274,0.2980421483516693,0.2035052329301834,0.11942170560359955,0.18321175873279572,0.20961113274097443,0.1997348964214325,0.2786574959754944,0.30021002888679504,0.2476423978805542,0.2424631118774414,0.2637956142425537,0.3259175419807434,0.46970126032829285,0.5931878685951233,0.6917080283164978,0.7313328385353088,0.6807572841644287,0.5509676337242126,0.33187854290008545,0.28710490465164185,0.5894126892089844,0.7948833703994751,0.653046727180481,0.3808322548866272,0.43973949551582336,0.6191958785057068,0.7114534378051758,0.7402874231338501,0.636735200881958,0.4586958587169647,0.3548041582107544,0.38680824637413025,0.5597657561302185,MR
../data/DWT_NEW/MR/New_MR_020.wav,114.93758392333984,-42.40949249267578,9.294528007507324,4.243100643157959,-14.817556381225586,6.65210485458374,-8.347884178161621,6.966940879821777,-0.9381583333015442,-3.3980894088745117,2.185248851776123,3.5256409645080566,-6.868564128875732,-7.897137641906738,-5.081032752990723,-0.8229377269744873,0.4709010720252991,4.435402870178223,-3.2350780963897705,-2.879941463470459,-2.0208706855773926,0.06958919763565063,-2.028944969177246,0.2755356431007385,-0.01603221893310547,6.404420375823975,1.5584319829940796,-0.724345326423645,-1.9371778964996338,-0.7673249244689941,2.086672782897949,2.770721435546875,-0.14094305038452148,-0.845372200012207,-1.477453351020813,0.10296022891998291,-0.29926255345344543,0.530613899230957,-1.0916447639465332,2.229630947113037,0.251413494348526,0.10437838733196259,0.09803631156682968,0.08997676521539688,0.08047400414943695,0.07262610644102097,0.07138274610042572,0.07960028946399689,0.0932919904589653,0.1069624200463295,0.11540704220533371,0.11405553668737411,0.10760980099439621,0.10739928483963013,0.1285010576248169,0.163965106010437,0.19267864525318146,0.20080439746379852,0.19209237396717072,0.18768540024757385,0.19776551425457,0.19855497777462006,0.17290040850639343,0.1600341498851776,0.1890823245048523,0.21496142446994781,0.25988683104515076,0.3184031844139099,0.33132272958755493,0.32037922739982605,0.3138006925582886,0.34132397174835205,0.35934898257255554,0.3066193759441376,0.20768824219703674,0.15323229134082794,0.1147257462143898,0.0714191123843193,0.10546565800905228,0.13688309490680695,0.16740895807743073,0.2090018391609192,0.24670839309692383,0.25233057141304016,0.21171274781227112,0.1289699673652649,0.09027837961912155,0.1619272232055664,0.21347710490226746,0.20129983127117157,0.1323745846748352,0.1329420804977417,0.1637420356273651,0.1458476483821869,0.14752082526683807,0.13072343170642853,0.10940449684858322,0.12149591743946075,0.1135052815079689,0.08287318050861359,0.09008205682039261,MR
../data/DWT_NEW/MR/New_MR_010.wav,59.863224029541016,-65.2480239868164,7.467333793640137,-14.158937454223633,3.8153467178344727,-3.9728987216949463,-11.347148895263672,-7.324802398681641,-5.517492771148682,6.093329906463623,8.391613006591797,6.018712520599365,1.6168373823165894,-5.024712562561035,2.855607032775879,5.851531982421875,3.887193202972412,2.729877471923828,-5.111059188842773,5.997918128967285,2.822200298309326,-7.478826522827148,2.0696630477905273,3.759324550628662,2.723397970199585,-2.072174072265625,-1.2345678806304932,-1.8094093799591064,-0.09727758169174194,-2.9934492111206055,0.11978369206190109,0.6523164510726929,0.7826066017150879,0.8102921843528748,-0.35891222953796387,-1.761873483657837,3.7121174335479736,0.5321788787841797,-0.2843868136405945,-0.11068396270275116,0.19997474551200867,0.05861622095108032,0.05311783403158188,0.04309427738189697,0.02814076654613018,0.008661412633955479,0.01729956641793251,0.043634459376335144,0.06937187910079956,0.09108966588973999,0.1052050068974495,0.10762523859739304,0.09784706681966782,0.08078716695308685,0.053337398916482925,0.028539186343550682,0.026082109659910202,0.03595009818673134,0.038897935301065445,0.03085765242576599,0.010610843077301979,0.02457432635128498,0.05370384827256203,0.056782789528369904,0.022615034133195877,0.0314934179186821,0.06333442032337189,0.05479590967297554,0.04096032679080963,0.04332498833537102,0.03575703129172325,0.04040097817778587,0.05962827056646347,0.0783117339015007,0.08617359399795532,0.08845861256122589,0.10077384859323502,0.11589092761278152,0.10796169191598892,0.10249636322259903,0.13612020015716553,0.16830725967884064,0.19569040834903717,0.21296566724777222,0.22029463946819305,0.23475053906440735,0.23958097398281097,0.21767441928386688,0.1885642558336258,0.17341014742851257,0.15122652053833008,0.12805432081222534,0.11679946631193161,0.1006140410900116,0.06827080249786377,0.052346475422382355,0.08821576833724976,0.12164855003356934,0.13498762249946594,0.13639488816261292,0.13508228957653046,MR
../data/DWT_NEW/MR/New_MR_116.wav,139.67819213867188,-31.37042999267578,-14.765979766845703,-0.6815998554229736,6.89858865737915,9.421359062194824,17.834091186523438,7.410747051239014,5.254858016967773,-9.333096504211426,0.8475305438041687,-8.641866683959961,2.691661834716797,0.15815144777297974,-2.8517346382141113,0.6052463054656982,-3.9216628074645996,-0.96140056848526,-1.3034131526947021,-1.5991191864013672,-6.382726669311523,4.126506805419922,1.5670993328094482,4.285004615783691,3.7874343395233154,2.508251190185547,3.3451080322265625,2.560220718383789,-0.679882287979126,-0.6826466917991638,1.3118760585784912,-3.208402633666992,1.010023593902588,1.6362955570220947,0.6638936996459961,2.5103893280029297,-2.745206832885742,-0.38309913873672485,2.3880691528320312,-1.4832820892333984,0.2817641794681549,0.26836860179901123,0.3009996712207794,0.32236677408218384,0.32857048511505127,0.31816843152046204,0.29882746934890747,0.2821313738822937,0.28086400032043457,0.29751983284950256,0.31193995475769043,0.29344475269317627,0.2261882722377777,0.11544749140739441,0.08850900083780289,0.21066194772720337,0.2901712656021118,0.2860972285270691,0.22961214184761047,0.23695185780525208,0.27648547291755676,0.24258777499198914,0.1947125792503357,0.2780575156211853,0.282290518283844,0.2202616035938263,0.2598060071468353,0.35660943388938904,0.35753241181373596,0.3009166717529297,0.3309764266014099,0.3823760747909546,0.37781327962875366,0.3131224513053894,0.28346166014671326,0.24577696621418,0.18069584667682648,0.16555631160736084,0.1665891706943512,0.15445519983768463,0.1283644437789917,0.09936454892158508,0.12218932807445526,0.16465049982070923,0.19749106466770172,0.19153538346290588,0.1573272943496704,0.131626158952713,0.14765115082263947,0.17991909384727478,0.19569942355155945,0.15290503203868866,0.03432619571685791,0.17154037952423096,0.25355660915374756,0.18123206496238708,0.08348502218723297,0.16064880788326263,0.16544197499752045,0.16019468009471893,0.1390010267496109,MR
../data/DWT_NEW/MR/New_MR_155.wav,134.28170776367188,-29.367759704589844,-3.7156260013580322,5.46903133392334,-0.5180325508117676,3.680372714996338,10.32466983795166,3.2309584617614746,-2.5596413612365723,-3.8889384269714355,2.140754222869873,0.5876696109771729,1.685431718826294,6.683498382568359,0.26335442066192627,-3.9904136657714844,-4.452202320098877,-5.083337783813477,2.9817087650299072,-0.20428228378295898,-4.103875160217285,-0.3016839623451233,0.7334387302398682,3.7417356967926025,1.4941823482513428,2.485074996948242,2.098649501800537,0.7251228094100952,-0.9938448667526245,-1.2121195793151855,1.3403055667877197,-3.903141736984253,-1.4123790264129639,-0.7792277336120605,1.4678316116333008,1.1048054695129395,-4.109398365020752,1.9426010847091675,2.872377395629883,0.17436261475086212,0.2586013674736023,0.24633553624153137,0.28034287691116333,0.30765700340270996,0.32432493567466736,0.32780367136001587,0.32230842113494873,0.3128145933151245,0.3050863742828369,0.3042796850204468,0.3027759790420532,0.2811260223388672,0.22756285965442657,0.15545137226581573,0.15051773190498352,0.2519190013408661,0.33417728543281555,0.34414204955101013,0.28963345289230347,0.24213707447052002,0.2656528353691101,0.2788947820663452,0.25836002826690674,0.23981091380119324,0.21373210847377777,0.15966004133224487,0.22249561548233032,0.33155569434165955,0.3079909384250641,0.17696544528007507,0.20267274975776672,0.3193697929382324,0.316087007522583,0.2342996597290039,0.25887787342071533,0.27780401706695557,0.25058838725090027,0.24565540254116058,0.23815980553627014,0.21230334043502808,0.18787875771522522,0.20389419794082642,0.26394081115722656,0.31901586055755615,0.33161985874176025,0.2803598642349243,0.1967495083808899,0.1830453872680664,0.22086195647716522,0.22446276247501373,0.1989320069551468,0.1645129770040512,0.08038556575775146,0.1649690568447113,0.2564575672149658,0.20571184158325195,0.0910661518573761,0.10997827351093292,0.12498520314693451,0.1633349508047104,0.18073666095733643,MR
../data/DWT_NEW/MR/New_MR_064.wav,122.48439025878906,-38.69148254394531,-18.07185173034668,-4.991569519042969,-2.3502697944641113,-2.6439290046691895,7.671004295349121,-1.134810447692871,2.2594308853149414,-5.7070207595825195,1.337214469909668,-1.3777800798416138,4.762773513793945,-0.9915042519569397,-1.9163463115692139,-2.8149123191833496,-6.022636413574219,-3.1773242950439453,-2.2062454223632812,-3.345992088317871,-5.2706451416015625,0.6516122221946716,0.015354514122009277,3.8772940635681152,4.192485809326172,5.68679141998291,6.778946876525879,3.234055995941162,3.170445203781128,3.716019868850708,4.245461940765381,-1.5623801946640015,0.4973561763763428,2.3156964778900146,0.4442955255508423,0.18837764859199524,-2.6708898544311523,1.3397868871688843,3.065922737121582,0.671665370464325,0.24623170495033264,0.03394171595573425,0.0744173675775528,0.11252829432487488,0.14167144894599915,0.15657207369804382,0.15489855408668518,0.13588416576385498,0.10247533023357391,0.06560513377189636,0.049718789756298065,0.06832228600978851,0.08803504705429077,0.09657984972000122,0.0874757170677185,0.07179766893386841,0.05736785754561424,0.053631216287612915,0.05050335079431534,0.035953156650066376,0.08742841333150864,0.15722894668579102,0.17655104398727417,0.13146071135997772,0.1222875565290451,0.13627465069293976,0.13206994533538818,0.1842820942401886,0.17819322645664215,0.21338370442390442,0.21825435757637024,0.14741909503936768,0.14728227257728577,0.1725131720304489,0.14296166598796844,0.08654007315635681,0.0624493844807148,0.04705135524272919,0.063997283577919,0.12003488093614578,0.17356204986572266,0.22446447610855103,0.2543281018733978,0.25136998295783997,0.23429536819458008,0.24415573477745056,0.2630721926689148,0.26286619901657104,0.20929375290870667,0.09639095515012741,0.15303963422775269,0.2468729019165039,0.2777445614337921,0.23988619446754456,0.228744238615036,0.2498728483915329,0.24517764151096344,0.27551358938217163,0.24857908487319946,0.20235684514045715,0.1146157830953598,MR
../data/DWT_NEW/MR/New_MR_171.wav,122.86764526367188,-40.519622802734375,-15.785497665405273,-6.878083229064941,-2.5913562774658203,-1.247847557067871,12.193550109863281,0.8186407685279846,1.266749382019043,-6.806153774261475,-0.033067941665649414,-5.759377956390381,2.769876480102539,0.6566921472549438,-0.634762704372406,-1.8926275968551636,-5.58546257019043,-1.8411768674850464,-4.610426902770996,-2.738055944442749,-8.365007400512695,-0.27811169624328613,0.9881055355072021,3.1586661338806152,3.427520275115967,2.6070337295532227,4.049174785614014,-0.31825414299964905,-0.5416961908340454,1.154464840888977,2.6340041160583496,-1.9458231925964355,-0.3034488558769226,0.8905808329582214,0.31621161103248596,-0.522521436214447,-4.329745769500732,0.044908881187438965,3.210238456726074,-0.35882192850112915,0.2541389465332031,0.07306069135665894,0.08016858249902725,0.08577464520931244,0.08987756073474884,0.09278503060340881,0.09581552445888519,0.09859463572502136,0.09896610677242279,0.09559063613414764,0.0886736512184143,0.08399896323680878,0.09594687819480896,0.12970168888568878,0.16005554795265198,0.17166082561016083,0.15015843510627747,0.09569960087537766,0.049715764820575714,0.08327333629131317,0.09303684532642365,0.0771942138671875,0.17367258667945862,0.2572518587112427,0.25141626596450806,0.17403952777385712,0.114900141954422,0.11082299053668976,0.18846602737903595,0.21086342632770538,0.1875196099281311,0.17017796635627747,0.15233615040779114,0.14297552406787872,0.16732746362686157,0.15196242928504944,0.12249180674552917,0.1007661372423172,0.0901804119348526,0.08466720581054688,0.09021510183811188,0.12231971323490143,0.17230187356472015,0.2114328145980835,0.22886696457862854,0.21211817860603333,0.16395413875579834,0.10095474869012833,0.06966223567724228,0.09630362689495087,0.12701046466827393,0.1530802994966507,0.11307189613580704,0.06315939128398895,0.15912237763404846,0.15240812301635742,0.032336682081222534,0.09766758978366852,0.124138243496418,0.15591004490852356,0.15965811908245087,MR
../data/DWT_NEW/MR/New_MR_066.wav,110.03298950195312,-42.074668884277344,-23.04259490966797,-8.14120101928711,-8.148954391479492,-2.361412525177002,5.185572624206543,2.296607494354248,-2.1411471366882324,-3.1043689250946045,0.424668550491333,-3.001725673675537,2.071115016937256,2.800656318664551,-2.5276594161987305,-5.108719825744629,-5.419783592224121,-7.613033771514893,-1.1127872467041016,-8.42757511138916,-5.245269298553467,-3.797056198120117,1.942251205444336,2.5187339782714844,4.530102252960205,2.4816861152648926,1.317285180091858,-1.210044264793396,-1.8746962547302246,-0.11379194259643555,1.2756472826004028,-4.745229721069336,-0.2465459108352661,0.8303309679031372,0.9431807398796082,-0.11045769602060318,-4.762224197387695,1.7700066566467285,2.34012508392334,0.24018961191177368,0.2169099748134613,0.03777729719877243,0.027736742049455643,0.016712602227926254,0.01386585459113121,0.025668101385235786,0.03912544995546341,0.04837780073285103,0.04937880486249924,0.04070878028869629,0.028254196047782898,0.044165365397930145,0.08118709176778793,0.11814998835325241,0.13895650207996368,0.13379135727882385,0.10177642107009888,0.059589218348264694,0.06027526035904884,0.06626871228218079,0.05146542191505432,0.10379227995872498,0.17380265891551971,0.1883545219898224,0.1402481496334076,0.0833604633808136,0.09063707292079926,0.12572547793388367,0.16254422068595886,0.139022558927536,0.08209048956632614,0.09939178824424744,0.10440483689308167,0.08727120608091354,0.07688269019126892,0.07055461406707764,0.06794391572475433,0.07995247840881348,0.0832245945930481,0.07344461977481842,0.08357227593660355,0.13033492863178253,0.19496497511863708,0.24620279669761658,0.2678773105144501,0.24580378830432892,0.18317386507987976,0.10191613435745239,0.08203455805778503,0.1038467139005661,0.09961158037185669,0.09129587560892105,0.055607229471206665,0.0845845490694046,0.14912888407707214,0.11924146115779877,0.034104954451322556,0.10163254290819168,0.128853902220726,0.15010841190814972,0.14607959985733032,MR
../data/DWT_NEW/MR/New_MR_029.wav,130.99595642089844,-33.71294021606445,-14.680267333984375,-3.0584850311279297,-0.09871792793273926,-2.696826934814453,5.991219520568848,0.8494902849197388,-3.4547839164733887,-7.675125598907471,-3.884507894515991,-4.0548319816589355,-0.7397767305374146,0.6127391457557678,-4.754873275756836,-3.226813316345215,-4.068902015686035,-8.0494966506958,0.9595769643783569,-6.710172176361084,-5.224849700927734,-1.012190580368042,4.290500640869141,2.5907435417175293,4.52927303314209,0.7445119023323059,2.2989535331726074,0.7541823387145996,-0.6180222034454346,-0.8256822824478149,3.6950836181640625,-3.5213229656219482,2.6547811031341553,0.329287052154541,1.744739055633545,0.7566099166870117,-2.6568310260772705,0.3505939245223999,3.749934673309326,1.3159235715866089,0.2614286541938782,0.1287442296743393,0.14194338023662567,0.15086939930915833,0.15280592441558838,0.14535680413246155,0.1289958953857422,0.104438915848732,0.07443259656429291,0.045295774936676025,0.02482065185904503,0.01662086509168148,0.009216277860105038,0.0349004901945591,0.08189837634563446,0.13653597235679626,0.18040290474891663,0.18785756826400757,0.14495454728603363,0.08073419332504272,0.11211660504341125,0.13104894757270813,0.13166627287864685,0.23445278406143188,0.2899061441421509,0.26482516527175903,0.28679949045181274,0.30599653720855713,0.31778186559677124,0.3291899561882019,0.3632572591304779,0.3815799951553345,0.34511059522628784,0.2994842827320099,0.2889201045036316,0.27515166997909546,0.2426392138004303,0.21793146431446075,0.21150091290473938,0.19210214912891388,0.14553284645080566,0.18081867694854736,0.24322302639484406,0.28341299295425415,0.2933681011199951,0.26695841550827026,0.19355767965316772,0.11459541320800781,0.1480475813150406,0.14805889129638672,0.11839894950389862,0.17416337132453918,0.201915442943573,0.17227497696876526,0.07163676619529724,0.15086832642555237,0.2135857194662094,0.1506856381893158,0.0523197166621685,0.13402263820171356,0.163311168551445,MR
../data/DWT_NEW/MR/New_MR_102.wav,129.62368774414062,-33.02995300292969,-16.58090591430664,-7.311075687408447,-3.9446208477020264,-5.567195892333984,7.097500801086426,-0.791124165058136,-0.1531999111175537,-12.140567779541016,-3.0178396701812744,-3.536120891571045,1.7795779705047607,-0.7016627788543701,-3.64370059967041,0.007985979318618774,-4.289200782775879,-3.966489553451538,-1.3982635736465454,-5.377875328063965,-4.201737880706787,-0.5909797549247742,-0.1745826005935669,2.211622476577759,2.538214683532715,2.616248607635498,2.5278255939483643,2.997546911239624,-0.2600092887878418,2.2270164489746094,2.7016899585723877,-2.6779391765594482,0.23179921507835388,1.1122177839279175,1.4775320291519165,1.4922105073928833,-1.5604596138000488,1.2594280242919922,4.50065279006958,-0.4692571759223938,0.25533124804496765,0.04652116820216179,0.06385242938995361,0.07744193077087402,0.08251102268695831,0.07572109997272491,0.05647801235318184,0.026743551716208458,0.018878865987062454,0.055479176342487335,0.08723095059394836,0.10557155311107635,0.111546590924263,0.11385195702314377,0.11716470122337341,0.11841800063848495,0.10094150900840759,0.06348608434200287,0.0378844253718853,0.045628003776073456,0.06372833997011185,0.1472538262605667,0.21832048892974854,0.23372890055179596,0.2022499442100525,0.15817110240459442,0.10233798623085022,0.17294886708259583,0.20972472429275513,0.19271041452884674,0.20431670546531677,0.17602209746837616,0.20124509930610657,0.2145775407552719,0.20998606085777283,0.19596503674983978,0.18428632616996765,0.1738578826189041,0.17737804353237152,0.20084358751773834,0.23176038265228271,0.2631447911262512,0.2806069254875183,0.2633276879787445,0.19908536970615387,0.18745380640029907,0.22622540593147278,0.23801974952220917,0.20633459091186523,0.14178793132305145,0.1815684735774994,0.2752305865287781,0.326983779668808,0.32953765988349915,0.32702845335006714,0.30894383788108826,0.27247875928878784,0.2899012863636017,0.2791314721107483,0.23928728699684143,0.13545173406600952,MR
../data/DWT_NEW/MR/New_MR_052.wav,130.76123046875,-36.38899230957031,-16.50231170654297,-2.7783470153808594,2.440487861633301,0.12720200419425964,10.603410720825195,3.8890023231506348,2.9342124462127686,-9.094018936157227,0.21798303723335266,-3.8643007278442383,0.5736966133117676,-1.1480331420898438,-4.36258602142334,-0.9564090967178345,-5.277748107910156,-3.692584991455078,-0.9899059534072876,-4.635626316070557,-5.382311820983887,0.5266887545585632,2.106381893157959,4.78011417388916,5.691747665405273,4.7410149574279785,4.56497049331665,2.413163900375366,1.1577773094177246,1.8712100982666016,3.195577621459961,-3.5695676803588867,-0.5420469045639038,1.9252279996871948,1.8379215002059937,1.6859767436981201,-1.7356195449829102,0.6227156519889832,3.8828248977661133,-0.85200035572052,0.26594698429107666,0.14669615030288696,0.14219743013381958,0.13652706146240234,0.12882988154888153,0.11830659955739975,0.10621177405118942,0.09371604025363922,0.08461479097604752,0.08844635635614395,0.11023955792188644,0.14026430249214172,0.1645926833152771,0.16577979922294617,0.14667677879333496,0.10465072095394135,0.051901016384363174,0.041066043078899384,0.07106304168701172,0.08850841224193573,0.13011950254440308,0.20235396921634674,0.25204071402549744,0.24589323997497559,0.1924411952495575,0.12406410276889801,0.12296897172927856,0.23725946247577667,0.2778794765472412,0.2520591914653778,0.24021466076374054,0.22444531321525574,0.27578240633010864,0.2792913317680359,0.24557827413082123,0.20796236395835876,0.169178307056427,0.11872199922800064,0.09654948115348816,0.12144160270690918,0.15390419960021973,0.18426722288131714,0.19854429364204407,0.19639238715171814,0.1900225281715393,0.2000800222158432,0.20738309621810913,0.18858817219734192,0.139431893825531,0.1358323097229004,0.2238049954175949,0.2972322404384613,0.3159125745296478,0.3052150011062622,0.30274173617362976,0.2656986117362976,0.2450682520866394,0.2955097258090973,0.25917571783065796,0.18626165390014648,0.09640565514564514,MR
../data/DWT_NEW/MR/New_MR_004.wav,90.53958129882812,-70.70061492919922,6.8811140060424805,-4.68856143951416,0.571034848690033,-0.2845539450645447,6.299826622009277,-0.24639089405536652,5.4257025718688965,0.44123706221580505,-2.4466071128845215,4.087752342224121,-5.349215507507324,2.1374645233154297,-3.9993367195129395,0.5258276462554932,-3.2395293712615967,4.922171592712402,-0.2718019485473633,3.2519493103027344,-2.0061721801757812,2.0198264122009277,-1.8399486541748047,0.9830993413925171,-0.439816951751709,1.084450125694275,5.603842735290527,2.1837570667266846,2.5025453567504883,0.3433097302913666,-0.5900194644927979,5.208635330200195,5.850632190704346,2.111572265625,1.2225918769836426,3.727295398712158,-3.481804847717285,-4.142520904541016,-0.49374258518218994,-1.9912127256393433,0.2963851988315582,0.07420867681503296,0.053818024694919586,0.033947527408599854,0.029538363218307495,0.04870257154107094,0.07298620045185089,0.0942322239279747,0.10820180922746658,0.11375690996646881,0.11114621162414551,0.10185050964355469,0.0911344364285469,0.07994981855154037,0.07171766459941864,0.06025516986846924,0.05375334620475769,0.06554233282804489,0.07277275621891022,0.058950699865818024,0.05728057026863098,0.08038461208343506,0.07070032507181168,0.04709427431225777,0.06652127951383591,0.08209580183029175,0.13466531038284302,0.14356876909732819,0.09298928081989288,0.020623551681637764,0.08420075476169586,0.11100015044212341,0.06403215229511261,0.03971219062805176,0.06357364356517792,0.05184077098965645,0.05014721304178238,0.06674559414386749,0.08253210037946701,0.0967714935541153,0.10883006453514099,0.09979844093322754,0.06999756395816803,0.043659623712301254,0.04774973914027214,0.07175087183713913,0.09405936300754547,0.10220750421285629,0.09350878745317459,0.07128247618675232,0.043155964463949203,0.028481608256697655,0.038805436342954636,0.05264353007078171,0.0646534189581871,0.06789688766002655,0.06630530208349228,0.059241123497486115,0.023041442036628723,0.01618301123380661,0.023052657023072243,MR
../data/DWT_NEW/MR/New_MR_108.wav,141.08935546875,-34.04358673095703,-8.48719596862793,-0.4161830246448517,-3.0391757488250732,-0.9076094031333923,13.538823127746582,4.916345596313477,1.3912999629974365,-3.6916418075561523,3.045719623565674,-2.2059242725372314,1.2684988975524902,2.061293601989746,-0.6910302042961121,-2.8431897163391113,-4.925591945648193,-2.3000447750091553,-0.10743990540504456,-3.1448328495025635,-4.965823173522949,-0.14716419577598572,1.6700127124786377,3.487849235534668,3.5143823623657227,4.359655380249023,4.961033821105957,-0.34976089000701904,-0.9424319863319397,-0.1434832215309143,0.8593763113021851,-4.671113014221191,-1.7153732776641846,1.7600514888763428,-0.2633337378501892,-1.0740966796875,-5.55195426940918,0.5397414565086365,1.8921213150024414,-2.5292301177978516,0.2903873026371002,0.22059407830238342,0.22263038158416748,0.21259361505508423,0.1913110315799713,0.16862747073173523,0.1691284477710724,0.20397207140922546,0.24852707982063293,0.2725738286972046,0.2544517517089844,0.19104790687561035,0.15027351677417755,0.23960325121879578,0.3468848764896393,0.38841795921325684,0.3263774514198303,0.1886231005191803,0.12865591049194336,0.17910820245742798,0.14227837324142456,0.19611890614032745,0.31385254859924316,0.30661332607269287,0.19742047786712646,0.17925962805747986,0.17807653546333313,0.23324280977249146,0.26909905672073364,0.3252738416194916,0.3581666052341461,0.33245521783828735,0.3191318213939667,0.3404116928577423,0.3216477632522583,0.2551974356174469,0.1896902322769165,0.14216870069503784,0.1152455061674118,0.14211347699165344,0.1815343201160431,0.22441509366035461,0.25790542364120483,0.25561875104904175,0.21118536591529846,0.23779252171516418,0.2803382873535156,0.2876355051994324,0.23070573806762695,0.08155472576618195,0.13974089920520782,0.29488617181777954,0.35138291120529175,0.31313979625701904,0.2684917151927948,0.27706003189086914,0.2831946611404419,0.30497825145721436,0.27707216143608093,0.2414471060037613,0.13602125644683838,MR
../data/DWT_NEW/MR/New_MR_175.wav,130.3213348388672,-36.354454040527344,-15.26097583770752,-3.2337393760681152,-4.9565935134887695,-5.182704925537109,8.046053886413574,2.0820083618164062,1.5668247938156128,-6.630344867706299,4.422551155090332,-3.0228469371795654,4.204429626464844,4.074371814727783,-2.8176445960998535,-1.0595321655273438,-2.644556999206543,-0.017959699034690857,0.015108734369277954,-1.0110374689102173,-5.445323944091797,-0.2980026602745056,-1.289675235748291,2.0167758464813232,2.651092052459717,1.545074701309204,3.0227198600769043,0.5251232385635376,-0.3491774797439575,0.9363656640052795,2.506728172302246,-2.1593546867370605,0.6399959325790405,1.3527275323867798,0.2552729845046997,0.4850199818611145,-4.373620986938477,0.470170259475708,2.2740070819854736,-1.6055725812911987,0.26298609375953674,0.12658914923667908,0.13424134254455566,0.1342514157295227,0.12338270246982574,0.10257019102573395,0.08508487045764923,0.09606768190860748,0.13170860707759857,0.16426438093185425,0.17329779267311096,0.14853253960609436,0.10915066301822662,0.1264687329530716,0.19014063477516174,0.22422391176223755,0.19163382053375244,0.10520534217357635,0.07798483967781067,0.11759278923273087,0.09698881208896637,0.12259820848703384,0.19615529477596283,0.1906881481409073,0.12200558930635452,0.15390190482139587,0.13333351910114288,0.12899832427501678,0.1448487490415573,0.19757919013500214,0.22350353002548218,0.17008578777313232,0.13193929195404053,0.16709941625595093,0.16287676990032196,0.12581868469715118,0.11803244054317474,0.12701605260372162,0.14377960562705994,0.1822102963924408,0.2165897935628891,0.24535046517848969,0.2544809579849243,0.23388060927391052,0.1838853508234024,0.22830796241760254,0.2726094126701355,0.27814781665802,0.21993306279182434,0.10656281560659409,0.12311652302742004,0.2486848533153534,0.2901461124420166,0.2541598677635193,0.21475641429424286,0.20820508897304535,0.23325836658477783,0.272735595703125,0.2528840899467468,0.22113797068595886,0.13396579027175903,MR
../data/DWT_NEW/MR/New_MR_018.wav,98.81169891357422,-54.00492477416992,-4.312047481536865,4.826265335083008,-13.582718849182129,3.4482967853546143,-13.870418548583984,-4.502140045166016,-3.9919610023498535,4.208749771118164,3.9540841579437256,2.847903251647949,-0.4451509714126587,-0.9236788749694824,2.349428176879883,1.3110473155975342,-2.705155611038208,-6.749560356140137,-4.681498050689697,5.283209800720215,-1.9129557609558105,-1.7825514078140259,4.133306503295898,0.4802417755126953,1.2387313842773438,-2.604180335998535,-5.611654758453369,-9.476417541503906,-2.5615341663360596,7.139210224151611,0.725925087928772,-3.041046142578125,3.221158981323242,4.9779558181762695,2.6091365814208984,-1.7594141960144043,0.8746055364608765,0.28498876094818115,-0.5464626550674438,-0.45042556524276733,0.23737289011478424,0.06302469223737717,0.05197153985500336,0.03946323320269585,0.026705875992774963,0.016043860465288162,0.012953399680554867,0.01615210995078087,0.018507735803723335,0.0208908524364233,0.030907608568668365,0.050881363451480865,0.07508152723312378,0.09582406282424927,0.10992678254842758,0.11266268044710159,0.10816412419080734,0.10306821763515472,0.10042719542980194,0.08924029022455215,0.06368429958820343,0.06386657059192657,0.09885038435459137,0.10089699178934097,0.05251368135213852,0.0745539665222168,0.1366889476776123,0.13498595356941223,0.09354694187641144,0.045380670577287674,0.015438356436789036,0.04853927716612816,0.057485271245241165,0.056891534477472305,0.0560092069208622,0.06512217223644257,0.06929761916399002,0.09181445091962814,0.11970588564872742,0.10399532318115234,0.09136801958084106,0.10433395206928253,0.15076857805252075,0.22743858397006989,0.29876944422721863,0.34110233187675476,0.33738914132118225,0.2834705710411072,0.18978546559810638,0.09876400232315063,0.10774380713701248,0.15915259718894958,0.1771852672100067,0.16823913156986237,0.14186789095401764,0.09147278219461441,0.045455221086740494,0.0861630067229271,0.17489251494407654,0.21698367595672607,0.1925462782382965,MR
../data/DWT_NEW/MR/New_MR_071.wav,134.9476776123047,-30.127939224243164,-7.878121852874756,3.19935941696167,0.47359582781791687,3.2116801738739014,10.86713695526123,3.1261627674102783,0.22295942902565002,-0.5626292824745178,1.7675164937973022,-1.7703230381011963,3.4251549243927,5.405645370483398,1.0500411987304688,-1.8927499055862427,-2.819784641265869,-4.0788044929504395,2.3279037475585938,-1.7408642768859863,-3.427922487258911,-1.9019749164581299,0.8488317728042603,2.7963361740112305,2.31691837310791,3.3774685859680176,2.1551671028137207,0.8224478363990784,-0.9508225917816162,-0.13722127676010132,1.1425182819366455,-4.286778450012207,-1.4554226398468018,-1.0168557167053223,1.8236308097839355,-0.27699804306030273,-4.89399528503418,3.358192205429077,3.2595386505126953,-1.1982383728027344,0.25969868898391724,0.25412261486053467,0.29192882776260376,0.31968533992767334,0.33130621910095215,0.32254618406295776,0.2979133129119873,0.2678349018096924,0.2525421977043152,0.2697542607784271,0.30315932631492615,0.31395506858825684,0.2760314345359802,0.19107574224472046,0.11761849373579025,0.2334640622138977,0.347891628742218,0.3789973855018616,0.32049110531806946,0.2369304895401001,0.23996950685977936,0.2523762583732605,0.21910598874092102,0.19193415343761444,0.18290109932422638,0.15387672185897827,0.18925750255584717,0.2943614721298218,0.28201717138290405,0.17701050639152527,0.18211209774017334,0.2961673140525818,0.2910264730453491,0.20979361236095428,0.2214702069759369,0.22370722889900208,0.18846529722213745,0.19293415546417236,0.19857099652290344,0.18350854516029358,0.15929542481899261,0.16581490635871887,0.24044838547706604,0.3127266764640808,0.33673161268234253,0.2854540944099426,0.1711689531803131,0.09163305163383484,0.18905331194400787,0.22798581421375275,0.21660606563091278,0.19625020027160645,0.1380363255739212,0.13750076293945312,0.24812735617160797,0.2201525717973709,0.06825478374958038,0.09195295721292496,0.11014969646930695,0.17229783535003662,0.20483992993831635,MR
../data/DWT_NEW/MR/New_MR_154.wav,132.0445556640625,-32.870723724365234,-14.929985046386719,-5.030821800231934,-3.767061710357666,-3.2431023120880127,6.635794639587402,0.7871630191802979,-0.1608039140701294,-7.8368940353393555,1.7573167085647583,-3.498623847961426,0.08047652244567871,-0.4108571410179138,-3.8385772705078125,-1.686964988708496,-3.8184947967529297,-2.860818386077881,0.20332416892051697,-3.367185592651367,-5.636148452758789,-1.005678653717041,-1.7075453996658325,1.033954381942749,0.3879576325416565,2.1994824409484863,2.538865566253662,0.1766383796930313,-0.2363409399986267,1.7755634784698486,4.712520599365234,-3.4275660514831543,0.6837521195411682,1.2753095626831055,0.06597632169723511,-0.058936357498168945,-3.566340446472168,0.9514106512069702,1.9929745197296143,-1.523640751838684,0.25887948274612427,0.0957242101430893,0.08868676424026489,0.07215534150600433,0.04482261836528778,0.011796307750046253,0.04415498673915863,0.09205317497253418,0.13210520148277283,0.15314537286758423,0.14506816864013672,0.10314741730690002,0.051075417548418045,0.10840335488319397,0.18215537071228027,0.2163717895746231,0.18929991126060486,0.11557317525148392,0.0786093920469284,0.10671587288379669,0.08333118259906769,0.12246197462081909,0.21021944284439087,0.23166516423225403,0.21284699440002441,0.23002693057060242,0.18400199711322784,0.15854725241661072,0.18957573175430298,0.26292577385902405,0.2916032075881958,0.23047028481960297,0.1954517364501953,0.22236165404319763,0.21498477458953857,0.1743893176317215,0.14923661947250366,0.13936403393745422,0.16202855110168457,0.20384755730628967,0.23769262433052063,0.2639867663383484,0.2695994973182678,0.23846328258514404,0.1642787903547287,0.2266630232334137,0.2871258854866028,0.2982511520385742,0.2362157106399536,0.1471676081418991,0.2126445323228836,0.303317666053772,0.331027626991272,0.28050631284713745,0.24767926335334778,0.24609985947608948,0.21908149123191833,0.2581027150154114,0.2387436330318451,0.19495931267738342,0.1109079048037529,MR
../data/DWT_NEW/MR/New_MR_006.wav,57.289981842041016,-46.368736267089844,10.206988334655762,-7.6126861572265625,9.647052764892578,2.7490596771240234,3.682647705078125,-5.545764923095703,-3.247042179107666,-8.72686767578125,2.2439284324645996,-2.888302803039551,-1.746409296989441,-5.8679914474487305,-1.029033899307251,3.120617389678955,-0.767951250076294,1.8837730884552002,-4.313210487365723,1.8236823081970215,-2.1751017570495605,-8.740933418273926,-0.940752387046814,4.4087724685668945,-1.3597078323364258,-4.532989501953125,-0.8528318405151367,-0.053277015686035156,3.407090187072754,-2.7962820529937744,1.3136807680130005,1.6299768686294556,-0.9969054460525513,0.11895513534545898,-1.7542238235473633,-1.9346699714660645,5.309505462646484,-0.23667675256729126,2.616454601287842,1.3237628936767578,0.15991921722888947,0.07080865651369095,0.07220304012298584,0.07221729308366776,0.07016166299581528,0.0659141018986702,0.06034344062209129,0.05411709472537041,0.04812498390674591,0.044186998158693314,0.0438477024435997,0.04741644114255905,0.0541563555598259,0.059634268283843994,0.06445939838886261,0.06572741270065308,0.06688475608825684,0.07868561148643494,0.10431776940822601,0.1300288736820221,0.14140506088733673,0.13570347428321838,0.12527215480804443,0.1259559541940689,0.13632118701934814,0.15494424104690552,0.17705698311328888,0.17385834455490112,0.11864867806434631,0.02817474491894245,0.08442410081624985,0.1377519816160202,0.15756694972515106,0.1250372976064682,0.10818979144096375,0.1567259281873703,0.15893800556659698,0.12340393662452698,0.1449030190706253,0.13292114436626434,0.07925059646368027,0.1106949895620346,0.12364304065704346,0.12197256088256836,0.12217280268669128,0.11540164798498154,0.11313961446285248,0.11134784668684006,0.12087472528219223,0.12873509526252747,0.125784233212471,0.12748461961746216,0.13690735399723053,0.1346413642168045,0.10819562524557114,0.09791495651006699,0.16222414374351501,0.23573483526706696,0.2641352117061615,0.2405024617910385,0.17500972747802734,MR
../data/DWT_NEW/MR/New_MR_033.wav,137.04901123046875,-29.142568588256836,-13.878006935119629,0.22621965408325195,-5.334300994873047,0.051127612590789795,7.64070463180542,4.472267150878906,-4.7609357833862305,-2.8898067474365234,0.7042552828788757,-1.5169084072113037,0.8430666923522949,4.720758438110352,0.6612104177474976,-4.34818696975708,-2.4662513732910156,-6.584697246551514,2.2810280323028564,-4.9333906173706055,-5.155459403991699,-3.9097018241882324,1.0002515316009521,-0.28030166029930115,1.0644872188568115,0.4336727261543274,0.5530826449394226,-0.5848153829574585,-1.1818056106567383,1.7966959476470947,3.4429802894592285,-4.720388412475586,-1.6870630979537964,-0.6468638181686401,0.11033287644386292,-1.7494560480117798,-6.501921653747559,1.9785492420196533,3.621410369873047,-0.014485359191894531,0.262685626745224,0.0877695083618164,0.09621454775333405,0.10977236926555634,0.12601876258850098,0.14150385558605194,0.15404745936393738,0.1614440381526947,0.1635180413722992,0.16604718565940857,0.1762383133172989,0.19562488794326782,0.2190050482749939,0.24329376220703125,0.25397202372550964,0.2557935416698456,0.25346994400024414,0.2384602427482605,0.2003346085548401,0.1373520791530609,0.1083056703209877,0.21418458223342896,0.30431151390075684,0.3213344216346741,0.2582813799381256,0.18474432826042175,0.16452082991600037,0.18013891577720642,0.22918228805065155,0.17560409009456635,0.15441349148750305,0.16799017786979675,0.10855390131473541,0.04318365454673767,0.12569238245487213,0.13170355558395386,0.11874605715274811,0.13467490673065186,0.13908827304840088,0.13455326855182648,0.14034372568130493,0.1936160922050476,0.2737462520599365,0.3309715688228607,0.3414161801338196,0.29011422395706177,0.19931858777999878,0.12306295335292816,0.15878476202487946,0.17011111974716187,0.18624702095985413,0.20319931209087372,0.1342764049768448,0.07356908172369003,0.21386563777923584,0.1920337975025177,0.04207669571042061,0.13403159379959106,0.16937458515167236,0.20320621132850647,0.211187481880188,MR
../data/DWT_NEW/MR/New_MR_045.wav,116.55536651611328,-31.24087905883789,17.256656646728516,-1.2820019721984863,-16.82326316833496,-8.213193893432617,9.867351531982422,4.564128875732422,7.601685047149658,4.4468841552734375,0.9059305191040039,-13.607580184936523,-8.852465629577637,-18.161556243896484,-7.909577369689941,-13.592630386352539,-3.3140931129455566,20.003475189208984,1.3151109218597412,2.199241876602173,8.169509887695312,-8.11391544342041,3.548886775970459,7.906713485717773,3.49318265914917,0.2678302526473999,-6.698642730712891,2.2939229011535645,-2.3986191749572754,-1.8333078622817993,-1.713923692703247,-5.391068458557129,-2.328453779220581,1.63462233543396,3.310725212097168,0.26405489444732666,2.6763601303100586,4.154507160186768,-8.484323501586914,3.7541069984436035,0.2900655269622803,0.07881440222263336,0.08726871758699417,0.08453065901994705,0.07219414412975311,0.06549236178398132,0.09360451996326447,0.14780616760253906,0.20428316295146942,0.24592193961143494,0.25766754150390625,0.22746451199054718,0.16164568066596985,0.08941154927015305,0.10522887110710144,0.13024140894412994,0.11174487322568893,0.13636207580566406,0.23125845193862915,0.275424599647522,0.22059665620326996,0.13929900527000427,0.1559271514415741,0.15604692697525024,0.21572035551071167,0.2653938829898834,0.27176380157470703,0.3191674053668976,0.3231376111507416,0.29367494583129883,0.38946425914764404,0.5072259902954102,0.4432411193847656,0.39886677265167236,0.5064264535903931,0.45044273138046265,0.3579587936401367,0.31821131706237793,0.22762629389762878,0.1369609534740448,0.06599535048007965,0.039101894944906235,0.0907651036977768,0.14712955057621002,0.1926419734954834,0.20844614505767822,0.2083500325679779,0.28974536061286926,0.531735360622406,0.7977399826049805,0.8937826752662659,0.73686283826828,0.4599672853946686,0.3147624433040619,0.30397045612335205,0.3038259744644165,0.33036142587661743,0.3141959011554718,0.2237934172153473,0.14572402834892273,0.13892772793769836,MR
../data/DWT_NEW/MR/New_MR_079.wav,143.40008544921875,-37.26580047607422,-12.927326202392578,-2.771644115447998,-1.333396553993225,0.5002491474151611,6.581663608551025,-0.8530154228210449,-1.4573231935501099,-6.42958927154541,-2.1204352378845215,-8.648606300354004,1.6394751071929932,-2.409118175506592,-3.9300012588500977,-1.5644421577453613,-4.085414886474609,-3.4826228618621826,-1.2394976615905762,-1.3420015573501587,-7.290875434875488,1.2345695495605469,1.174946904182434,2.735018014907837,2.835953712463379,1.3477566242218018,1.6225265264511108,0.3847435712814331,-1.8756883144378662,1.1325033903121948,2.803745746612549,-2.5794661045074463,0.7018104791641235,2.3633575439453125,0.5862416625022888,1.4776415824890137,-2.6788768768310547,1.6825902462005615,3.8167572021484375,0.9114547967910767,0.3009171485900879,0.11803731322288513,0.11886650323867798,0.12063148617744446,0.12485385686159134,0.1320793330669403,0.14226052165031433,0.15157775580883026,0.15351465344429016,0.14296263456344604,0.11533312499523163,0.06904733926057816,0.02756904624402523,0.08320094645023346,0.14424853026866913,0.18166422843933105,0.17886681854724884,0.13060292601585388,0.0691569447517395,0.12373797595500946,0.17627784609794617,0.15578840672969818,0.1600692868232727,0.2641516327857971,0.2949301600456238,0.26924994587898254,0.3014358580112457,0.31551408767700195,0.333280086517334,0.34797772765159607,0.37863248586654663,0.38540148735046387,0.34752196073532104,0.3112964332103729,0.3041011095046997,0.28844234347343445,0.26211491227149963,0.25062817335128784,0.2559888958930969,0.25117605924606323,0.21330329775810242,0.16696569323539734,0.1586008071899414,0.17878597974777222,0.1915854513645172,0.1932658851146698,0.1791127324104309,0.18325817584991455,0.19303229451179504,0.1824592798948288,0.19133520126342773,0.2412663996219635,0.2543424367904663,0.2005632221698761,0.06495438516139984,0.16758431494235992,0.2239915132522583,0.15724651515483856,0.10089029371738434,0.16356141865253448,0.18894411623477936,MR
../data/DWT_NEW/MR/New_MR_050.wav,50.183380126953125,-56.49010467529297,10.793509483337402,-37.62515640258789,4.764467239379883,-4.35629415512085,0.5812873840332031,-1.7185207605361938,1.4168024063110352,-1.953932523727417,2.4965128898620605,-2.4774107933044434,0.4931594133377075,1.781762957572937,-3.1474781036376953,2.4549925327301025,-1.5150556564331055,-0.6530593633651733,1.3566641807556152,-1.4544786214828491,1.3133965730667114,-0.6164718866348267,0.06360983848571777,0.0870245099067688,-0.7989363670349121,-0.1728506088256836,-1.0578044652938843,-1.5103795528411865,-0.44187408685684204,0.2979147434234619,-1.0593326091766357,-1.0469249486923218,-1.117089033126831,-0.4272284507751465,1.5580031871795654,-0.9540998935699463,-1.2592003345489502,1.5635063648223877,-1.9991804361343384,-3.586500406265259,0.2263050377368927,0.046825870871543884,0.05046236887574196,0.0517602264881134,0.049523137509822845,0.04293657839298248,0.032731086015701294,0.02085784822702408,0.012633669190108776,0.013402209617197514,0.012258101254701614,0.005884470418095589,0.023911044001579285,0.04866630211472511,0.07089224457740784,0.08104147762060165,0.07417219877243042,0.054438091814517975,0.03703685477375984,0.029711894690990448,0.025588877499103546,0.05094542354345322,0.06898355484008789,0.0697503313422203,0.060055289417505264,0.03763970732688904,0.020590927451848984,0.03058072365820408,0.04430573806166649,0.03103252872824669,0.03662807494401932,0.06395624577999115,0.06070631742477417,0.03523551672697067,0.04788125678896904,0.04948977008461952,0.05096128582954407,0.07550103217363358,0.08745811879634857,0.09883852303028107,0.09689749777317047,0.07646574825048447,0.04222321882843971,0.05415716767311096,0.09013166278600693,0.11606401205062866,0.11837075650691986,0.10457461327314377,0.11015506833791733,0.11101388931274414,0.09729494154453278,0.10186289995908737,0.11653517186641693,0.13240279257297516,0.14343830943107605,0.14104871451854706,0.14089198410511017,0.14737071096897125,0.15083476901054382,0.15081867575645447,0.1530071496963501,MR
../data/DWT_NEW/MR/New_MR_103.wav,148.4068603515625,-33.30510330200195,-10.454083442687988,1.4792587757110596,11.959532737731934,8.799022674560547,18.295215606689453,8.266576766967773,5.705300807952881,-7.931284427642822,-4.159072399139404,-4.518137454986572,4.2081499099731445,3.424757719039917,-1.4654583930969238,-0.739043116569519,-3.900740623474121,-2.2885916233062744,-0.49656692147254944,-3.824059247970581,-7.74104642868042,1.8428683280944824,2.2571299076080322,4.077175140380859,3.6311628818511963,4.707682132720947,3.0470035076141357,3.5438501834869385,-0.9525666832923889,-2.705166816711426,-0.4489004611968994,-4.007589340209961,0.5410773754119873,-0.8495708703994751,0.1440826952457428,2.773480176925659,-2.05751895904541,-0.6273186206817627,1.8668359518051147,-0.4718794524669647,0.31428053975105286,0.3327168822288513,0.36025750637054443,0.37598687410354614,0.37830549478530884,0.3701826333999634,0.36554592847824097,0.3769605755805969,0.40457141399383545,0.4337541460990906,0.43683311343193054,0.3849615156650543,0.27512016892433167,0.14277398586273193,0.2020946592092514,0.33416444063186646,0.3874281644821167,0.33822667598724365,0.2778549790382385,0.3607032895088196,0.4127301573753357,0.3500627279281616,0.30043110251426697,0.3731355667114258,0.33366870880126953,0.2441505491733551,0.31207671761512756,0.4007893204689026,0.3797037899494171,0.2842453122138977,0.32585227489471436,0.39276209473609924,0.37886708974838257,0.30097630620002747,0.29631340503692627,0.2628810703754425,0.19547224044799805,0.16500143706798553,0.1437123417854309,0.11185523122549057,0.09389829635620117,0.11221732199192047,0.16475459933280945,0.2192911058664322,0.24462120234966278,0.22543559968471527,0.18110206723213196,0.14931753277778625,0.15854600071907043,0.19237542152404785,0.20683269202709198,0.14904534816741943,0.040320347994565964,0.2082456350326538,0.30757206678390503,0.22403258085250854,0.045734938234090805,0.1344338059425354,0.14370812475681305,0.12902264297008514,0.12045411020517349,MR
../data/DWT_NEW/MR/New_MR_144.wav,138.29222106933594,-31.74576187133789,-10.834775924682617,1.69292151927948,6.578309059143066,6.669684410095215,15.551803588867188,5.538856506347656,2.6884446144104004,-6.617097854614258,-0.854728639125824,-2.1360793113708496,5.75829553604126,3.329641580581665,-1.572059154510498,0.2319049835205078,-4.795032024383545,-3.477499008178711,-1.5252727270126343,-1.3860077857971191,-5.740912437438965,3.365743637084961,2.640252113342285,3.054600238800049,3.609224319458008,2.9152488708496094,3.030372381210327,2.581692934036255,-0.9568381905555725,-1.7897194623947144,0.2743302583694458,-3.3299689292907715,0.6501786708831787,0.6109169125556946,0.6455785632133484,2.33996319770813,-2.326645851135254,-0.6653430461883545,3.0224971771240234,0.03170144557952881,0.2753508687019348,0.2853022813796997,0.3253268897533417,0.35628604888916016,0.37444937229156494,0.37795594334602356,0.37278157472610474,0.36488133668899536,0.3587331473827362,0.3561627268791199,0.3455613851547241,0.3049754202365875,0.22299721837043762,0.10794352740049362,0.1017354354262352,0.2299494743347168,0.31129252910614014,0.3127910792827606,0.2719535231590271,0.2831704020500183,0.30591392517089844,0.25584590435028076,0.19419728219509125,0.2654069662094116,0.2589205503463745,0.19224685430526733,0.2331506460905075,0.3285364508628845,0.3250318765640259,0.24174824357032776,0.278968870639801,0.33371540904045105,0.31948378682136536,0.2347053438425064,0.23112812638282776,0.21676740050315857,0.18197914958000183,0.2033657729625702,0.2059812992811203,0.1636272668838501,0.11145150661468506,0.07531964033842087,0.1457313895225525,0.23295584321022034,0.26895055174827576,0.24656566977500916,0.1926971971988678,0.15949735045433044,0.17834819853305817,0.20555555820465088,0.21211668848991394,0.15606513619422913,0.04604892060160637,0.21926021575927734,0.31872209906578064,0.23386994004249573,0.07281370460987091,0.14154522120952606,0.12679819762706757,0.11879931390285492,0.12453781813383102,MR
../data/DWT_NEW/MR/New_MR_012.wav,113.09709167480469,-13.83182430267334,-5.696109294891357,-5.46465539932251,1.0116394758224487,4.510926246643066,-2.029294967651367,7.1006059646606445,8.567399978637695,1.4465266466140747,-9.997892379760742,-1.911352515220642,-5.783076763153076,-1.51243257522583,2.5637810230255127,-0.9270554184913635,5.325133323669434,-1.7945594787597656,-6.499540328979492,0.4761495590209961,-5.222975254058838,-5.115232467651367,0.9541330933570862,-3.5024917125701904,0.5906766653060913,1.3577173948287964,-3.86260986328125,-0.9285103678703308,-0.11057472229003906,-0.907516360282898,0.7238317728042603,1.7105573415756226,-2.1944613456726074,-2.3971195220947266,3.3976004123687744,-0.5761356949806213,-1.877216100692749,-2.113629102706909,1.3122669458389282,-3.741300106048584,0.1911589801311493,0.12949320673942566,0.17978346347808838,0.22886143624782562,0.2687748670578003,0.29121917486190796,0.2921099066734314,0.2692296504974365,0.22767877578735352,0.18732666969299316,0.16876961290836334,0.1585962176322937,0.12011964619159698,0.05849996954202652,0.1506286859512329,0.29560813307762146,0.38454121351242065,0.37473493814468384,0.29165884852409363,0.20247405767440796,0.12591998279094696,0.19294527173042297,0.3439632058143616,0.37565845251083374,0.2760012745857239,0.14216560125350952,0.17626330256462097,0.31437617540359497,0.36431407928466797,0.3067399859428406,0.24888630211353302,0.2895864248275757,0.30519944429397583,0.27221548557281494,0.23702609539031982,0.20824486017227173,0.2034035325050354,0.20755033195018768,0.2482161819934845,0.28428253531455994,0.303663969039917,0.2933090627193451,0.2445860207080841,0.21922117471694946,0.250654399394989,0.2531026303768158,0.25245022773742676,0.24333718419075012,0.2335437387228012,0.25266337394714355,0.31514883041381836,0.46604475378990173,0.5692344903945923,0.5356667041778564,0.4477943778038025,0.2553490698337555,0.3006519079208374,0.3294312357902527,0.2874702215194702,0.2826153635978699,0.24904654920101166,MR
../data/DWT_NEW/MR/New_MR_182.wav,138.302490234375,-31.97916030883789,-3.6953847408294678,-3.3827507495880127,-2.6491236686706543,-1.713886022567749,10.983526229858398,5.237974166870117,0.5049445033073425,-1.7440080642700195,6.817663192749023,-1.0153865814208984,5.861566543579102,3.082070827484131,0.26323068141937256,-2.334242105484009,-1.8112527132034302,-2.3791494369506836,1.559086561203003,-0.8783200979232788,-3.5420515537261963,-1.8979588747024536,0.1331510841846466,-0.08168518543243408,1.4724074602127075,1.4994332790374756,3.1272480487823486,0.5336368083953857,0.12170609831809998,1.2314949035644531,2.8640596866607666,-4.478601932525635,-1.1212204694747925,0.8977538347244263,1.8804616928100586,-0.8782091736793518,-5.253637313842773,1.4453692436218262,2.940974712371826,-1.8144333362579346,0.28899550437927246,0.29984837770462036,0.28944313526153564,0.2585517466068268,0.20668214559555054,0.14262619614601135,0.11105598509311676,0.16460071504116058,0.24058093130588531,0.2910308837890625,0.2906268239021301,0.2281588762998581,0.1428295373916626,0.20340940356254578,0.33992090821266174,0.4173198640346527,0.3796693682670593,0.23487848043441772,0.12502658367156982,0.19884377717971802,0.19676825404167175,0.16484731435775757,0.2864006757736206,0.32562875747680664,0.24065183103084564,0.21589255332946777,0.2170097529888153,0.21385458111763,0.23313969373703003,0.26466989517211914,0.2901769280433655,0.26099473237991333,0.2242017686367035,0.2340564727783203,0.22679591178894043,0.1822911500930786,0.14851368963718414,0.150369331240654,0.18201278150081635,0.22184333205223083,0.24803385138511658,0.2717518210411072,0.2798491418361664,0.25834450125694275,0.21838241815567017,0.27933269739151,0.3270692229270935,0.33997422456741333,0.2911011278629303,0.17640720307826996,0.14194868505001068,0.20890170335769653,0.2594665288925171,0.2587316334247589,0.2602027952671051,0.269464373588562,0.2709110677242279,0.29228317737579346,0.26891112327575684,0.2249874770641327,0.1245930939912796,MR
../data/DWT_NEW/MR/New_MR_081.wav,72.13575744628906,-83.41036224365234,27.700111389160156,-14.699459075927734,15.169631004333496,-4.58778190612793,-1.020335078239441,-1.3232207298278809,-7.686713695526123,1.6503621339797974,9.825887680053711,2.2060768604278564,3.497957944869995,-0.28353631496429443,2.8414230346679688,5.821062088012695,-5.364595413208008,3.4217212200164795,1.8875383138656616,11.173349380493164,0.960132360458374,-0.9435946345329285,5.861908435821533,0.8000162839889526,-5.617793083190918,-3.7565832138061523,1.4495606422424316,-1.4733160734176636,2.0488200187683105,-1.9804246425628662,-3.988839864730835,-0.5241751670837402,-2.515517234802246,2.818848133087158,-2.327899932861328,-0.4472627639770508,1.0275403261184692,-2.1077442169189453,-2.89608097076416,1.721451997756958,0.42277443408966064,0.09204947203397751,0.09791100025177002,0.09975803643465042,0.09695304185152054,0.08991125971078873,0.08223728835582733,0.07890266180038452,0.08370719850063324,0.09503281116485596,0.10598082095384598,0.10907535254955292,0.10190971195697784,0.08799444139003754,0.07839494198560715,0.08940860629081726,0.10537223517894745,0.102730892598629,0.07553653419017792,0.03853009641170502,0.046863920986652374,0.0658380463719368,0.07353800535202026,0.084642693400383,0.08298944681882858,0.05962371453642845,0.03860563784837723,0.03311919793486595,0.023869086056947708,0.03827250003814697,0.05257539451122284,0.06265479326248169,0.0683877021074295,0.07858219742774963,0.09757428616285324,0.11083908379077911,0.11901947110891342,0.1256597936153412,0.12283782660961151,0.11685662716627121,0.10591510683298111,0.09641803801059723,0.09529676288366318,0.10083945095539093,0.10622820258140564,0.11293308436870575,0.12524975836277008,0.12916633486747742,0.11815387010574341,0.09267071634531021,0.05806591361761093,0.03362341225147247,0.03726240620017052,0.032561689615249634,0.045687995851039886,0.0555717870593071,0.06958036869764328,0.09138442575931549,0.0888197124004364,0.05588661879301071,0.06300962716341019,MR
../data/DWT_NEW/MR/New_MR_057.wav,132.93023681640625,-36.38719940185547,-15.181108474731445,-1.821904182434082,0.24108368158340454,1.3427517414093018,11.020606994628906,2.531161308288574,-0.22114300727844238,-10.663066864013672,-1.0072963237762451,-2.812462568283081,1.9102704524993896,-0.9912580847740173,-2.235278606414795,-2.5423872470855713,-5.771100044250488,-3.917144536972046,-3.3263192176818848,-5.196660041809082,-5.642582416534424,1.4923677444458008,1.4397928714752197,3.954455852508545,5.347140312194824,4.866565704345703,5.010581016540527,1.2032935619354248,1.4455070495605469,1.6772387027740479,4.294577598571777,-3.1864705085754395,0.6962255239486694,1.360531210899353,0.28640663623809814,1.282438039779663,-2.7021126747131348,1.7610756158828735,3.8297667503356934,-0.425795316696167,0.27024173736572266,0.09503062814474106,0.09601856768131256,0.10435256361961365,0.11249413341283798,0.11299364268779755,0.10171231627464294,0.07631075382232666,0.03917307406663895,0.03123083896934986,0.08112581074237823,0.12938857078552246,0.16212400794029236,0.17054452002048492,0.1429586112499237,0.09131306409835815,0.03752204775810242,0.04133240133523941,0.048219285905361176,0.05759976804256439,0.15303218364715576,0.25220757722854614,0.28864628076553345,0.24120742082595825,0.1613762527704239,0.1301078498363495,0.1642002910375595,0.27625739574432373,0.2852037847042084,0.2321457415819168,0.23874974250793457,0.21482589840888977,0.2589268684387207,0.26139339804649353,0.24233564734458923,0.2127024233341217,0.1758340299129486,0.13308247923851013,0.09999395906925201,0.1230587363243103,0.1772496998310089,0.22899267077445984,0.26159217953681946,0.2646368443965912,0.24371632933616638,0.23755422234535217,0.2446533739566803,0.23339805006980896,0.1786864995956421,0.09338370710611343,0.19864517450332642,0.3012201488018036,0.33485880494117737,0.2864799499511719,0.26116329431533813,0.28601503372192383,0.2664054036140442,0.3007650375366211,0.2899661064147949,0.2400277853012085,0.1254466474056244,MR
../data/DWT_NEW/MR/New_MR_031.wav,143.82305908203125,-28.485427856445312,-8.893646240234375,4.328437805175781,0.4777489900588989,0.9492639899253845,11.05259895324707,5.7503886222839355,2.624051570892334,-3.474769115447998,4.953045845031738,-2.0799522399902344,6.8271989822387695,6.30666446685791,-0.024899672716856003,-2.275993585586548,-4.487972259521484,-3.082629680633545,0.18604880571365356,-0.015141606330871582,-6.187714576721191,1.461555004119873,0.27174466848373413,1.7324708700180054,2.328632116317749,0.1514730155467987,2.701138496398926,2.3754591941833496,0.7946845293045044,-1.1521365642547607,1.3226841688156128,-3.15966796875,0.33883991837501526,-0.5724914073944092,1.4095680713653564,1.1482775211334229,-3.5211644172668457,0.17969954013824463,3.366495370864868,-1.1255028247833252,0.28372809290885925,0.4189428687095642,0.39704158902168274,0.3422088325023651,0.25251075625419617,0.13207903504371643,0.040859658271074295,0.16525091230869293,0.2821640372276306,0.34751179814338684,0.33664023876190186,0.23601287603378296,0.09190086275339127,0.2064838856458664,0.40099626779556274,0.5101569294929504,0.47771376371383667,0.3137355446815491,0.14999884366989136,0.22144576907157898,0.23042279481887817,0.1935139149427414,0.3352833390235901,0.39910364151000977,0.3173089623451233,0.20981378853321075,0.2237769514322281,0.31383568048477173,0.3620620369911194,0.3332967460155487,0.2922108769416809,0.31493961811065674,0.32008782029151917,0.26751214265823364,0.21844688057899475,0.1771405190229416,0.12736725807189941,0.12449437379837036,0.15130403637886047,0.18009603023529053,0.18411538004875183,0.1842135488986969,0.18344515562057495,0.17099162936210632,0.12782488763332367,0.15786147117614746,0.230213463306427,0.26714861392974854,0.23591174185276031,0.1172746866941452,0.058373406529426575,0.2206508070230484,0.30612248182296753,0.2929741144180298,0.2279612272977829,0.21646282076835632,0.17749281227588654,0.19149628281593323,0.16783219575881958,0.1521652340888977,0.11092236638069153,MR
../data/DWT_NEW/MR/New_MR_086.wav,39.72712707519531,-22.72858428955078,17.799287796020508,-2.4075775146484375,-10.25632381439209,19.412818908691406,-20.104473114013672,12.35995864868164,-14.62312126159668,0.4246025085449219,-3.1491429805755615,3.112793445587158,5.992845058441162,0.4340723752975464,6.7300004959106445,4.142061710357666,-0.9631426334381104,-7.079826831817627,2.4304490089416504,-5.785130500793457,-0.8528847694396973,1.0973591804504395,-1.6425342559814453,-4.502265930175781,5.1428070068359375,-2.901695966720581,-2.5065982341766357,5.840096473693848,8.230008125305176,6.254467964172363,4.418137550354004,0.10924738645553589,4.621774196624756,6.351559638977051,-5.148295879364014,-1.2134305238723755,4.284468173980713,2.5618839263916016,-1.8859682083129883,-1.4942208528518677,0.13705575466156006,0.07326225191354752,0.059317074716091156,0.06175624206662178,0.07705333083868027,0.0940033346414566,0.1062782034277916,0.11108113825321198,0.10849213600158691,0.1028255969285965,0.0981532633304596,0.09363526850938797,0.08528131246566772,0.07048159092664719,0.04651065170764923,0.026988234370946884,0.04585101827979088,0.07085214555263519,0.08703716099262238,0.08669538795948029,0.08479508757591248,0.11073169112205505,0.12188388407230377,0.10228206217288971,0.09664008021354675,0.09793111681938171,0.147321879863739,0.18189112842082977,0.15323911607265472,0.12887945771217346,0.14386822283267975,0.1468721628189087,0.12632134556770325,0.10101159662008286,0.09293238818645477,0.0833854228258133,0.08532523363828659,0.10297495126724243,0.14748653769493103,0.20947054028511047,0.27002614736557007,0.31086891889572144,0.32221347093582153,0.2933080196380615,0.234627366065979,0.1889316439628601,0.1886625587940216,0.18424320220947266,0.1399499773979187,0.07340921461582184,0.07661135494709015,0.10798892378807068,0.1456531435251236,0.1547197848558426,0.14116358757019043,0.1393173784017563,0.11859140545129776,0.08109398931264877,0.12165551632642746,0.13931356370449066,0.10066230595111847,MR
../data/DWT_NEW/MR/New_MR_186.wav,107.33345031738281,17.35406494140625,-6.939215660095215,3.717622756958008,0.12159764766693115,5.020135879516602,0.1368299424648285,9.184505462646484,7.095625877380371,2.3436203002929688,-5.395221710205078,2.0361318588256836,3.9388208389282227,3.5758776664733887,4.447362899780273,-4.389339447021484,-8.40236759185791,1.7533299922943115,4.806205749511719,-0.8067533373832703,-5.310772895812988,-5.393312931060791,2.974382162094116,3.7533788681030273,-1.4028006792068481,-1.3578540086746216,5.9451375007629395,-0.3799583315849304,-3.6109447479248047,0.2666420042514801,-0.628026008605957,-1.9578039646148682,-4.594294548034668,0.3363691568374634,0.6523743271827698,3.0017733573913574,-0.48106080293655396,1.3531363010406494,0.15164712071418762,0.5895580053329468,0.16047295928001404,0.36785978078842163,0.2745913565158844,0.20192274451255798,0.21824827790260315,0.29767441749572754,0.36292529106140137,0.37047135829925537,0.30096977949142456,0.18111857771873474,0.21520976722240448,0.4192568063735962,0.592315673828125,0.6401360034942627,0.534748911857605,0.3072451949119568,0.19321434199810028,0.3997109532356262,0.49683013558387756,0.40674442052841187,0.3473423421382904,0.48951297998428345,0.4304070770740509,0.41778647899627686,0.5594995617866516,0.49370741844177246,0.3742830455303192,0.35863012075424194,0.41285592317581177,0.3994743525981903,0.31789934635162354,0.30781692266464233,0.3720121383666992,0.40326061844825745,0.39129096269607544,0.4142962396144867,0.42746642231941223,0.3994143009185791,0.3630356192588806,0.32400834560394287,0.316852331161499,0.37062737345695496,0.41395437717437744,0.40221765637397766,0.3446371555328369,0.2787424921989441,0.2677668035030365,0.2695583701133728,0.21477703750133514,0.151394784450531,0.20334336161613464,0.3016122877597809,0.4070879817008972,0.4771203398704529,0.44949817657470703,0.42907434701919556,0.4718655049800873,0.4429562985897064,0.32687315344810486,0.14090541005134583,0.28327676653862,MR
../data/DWT_NEW/MR/New_MR_194.wav,96.91243743896484,-8.09970474243164,17.376419067382812,-1.4379206895828247,-12.140972137451172,18.1958065032959,-10.721817970275879,8.470874786376953,-4.013289451599121,0.405897319316864,7.050968170166016,-8.863086700439453,1.2739434242248535,-8.964932441711426,-3.343583106994629,-6.379406929016113,0.5048938989639282,0.7304872274398804,-2.6717684268951416,0.9146460294723511,3.5401663780212402,-1.228121280670166,-4.3125529289245605,-0.3959392309188843,-3.240184783935547,-0.10156816244125366,-0.21205401420593262,-1.2763278484344482,-3.935713291168213,0.8009007573127747,0.9858949184417725,-0.48176953196525574,1.5803236961364746,-0.48021095991134644,-4.307284355163574,-0.052386701107025146,4.164715766906738,2.6011195182800293,1.58681321144104,1.3277523517608643,0.19414767622947693,0.14490699768066406,0.11213114857673645,0.08241993188858032,0.07239710539579391,0.0871545746922493,0.10493098199367523,0.10781428217887878,0.0912887305021286,0.08731937408447266,0.15546299517154694,0.26100999116897583,0.3622905910015106,0.42836594581604004,0.41860079765319824,0.3234643340110779,0.17586036026477814,0.14137335121631622,0.20551839470863342,0.16570687294006348,0.21793413162231445,0.4275709390640259,0.5074321031570435,0.3889871835708618,0.24784937500953674,0.22139739990234375,0.3858608901500702,0.553900957107544,0.5066015124320984,0.31101226806640625,0.23418715596199036,0.3020046651363373,0.25674691796302795,0.1402861475944519,0.10013924539089203,0.18903502821922302,0.21588872373104095,0.2786308526992798,0.282090961933136,0.21002307534217834,0.11931470036506653,0.1007884293794632,0.19585251808166504,0.2491668313741684,0.25196585059165955,0.21898026764392853,0.1732528954744339,0.21903648972511292,0.2777074873447418,0.285931795835495,0.3029606342315674,0.32251638174057007,0.26589247584342957,0.15384338796138763,0.1893983632326126,0.19192852079868317,0.15041428804397583,0.1602739691734314,0.2134886533021927,0.26016440987586975,0.2623234689235687,MR
../data/DWT_NEW/MR/New_MR_027.wav,123.20880126953125,-32.140869140625,-7.598325252532959,5.030282974243164,8.791582107543945,9.985918045043945,19.633304595947266,7.728530406951904,0.668889582157135,-7.968331813812256,-6.848268508911133,-3.968857526779175,3.2369492053985596,-0.6924307346343994,0.5282942056655884,-3.507209300994873,-1.2847932577133179,-1.4509117603302002,2.355119228363037,-2.745997190475464,-3.3916165828704834,1.3983168601989746,4.206727981567383,0.5405778288841248,3.1173617839813232,1.482170820236206,3.665663957595825,1.468630313873291,-1.4564764499664307,-1.9123539924621582,1.38876473903656,-1.5519866943359375,0.6593210697174072,0.5786057710647583,1.6758064031600952,2.6185193061828613,-3.1648497581481934,-1.5350334644317627,2.6707117557525635,-1.6485679149627686,0.24397127330303192,0.27655667066574097,0.30761751532554626,0.3263530731201172,0.3283903896808624,0.31228286027908325,0.2869134247303009,0.2674124836921692,0.271149218082428,0.29905256628990173,0.3246295154094696,0.3131296634674072,0.2476997971534729,0.13722792267799377,0.11247435212135315,0.24707946181297302,0.33346521854400635,0.32254528999328613,0.23589131236076355,0.20309944450855255,0.2626323103904724,0.25563547015190125,0.21175940334796906,0.2649623155593872,0.27630841732025146,0.22005727887153625,0.24200841784477234,0.3356989622116089,0.32818952202796936,0.2763684093952179,0.3150521516799927,0.3581802248954773,0.3393652141094208,0.26676398515701294,0.25556185841560364,0.22628721594810486,0.16886551678180695,0.18188786506652832,0.18906453251838684,0.17541441321372986,0.15188950300216675,0.11829789727926254,0.10322354733943939,0.11894584447145462,0.14508935809135437,0.14154285192489624,0.11866427212953568,0.10886634886264801,0.12560677528381348,0.1568021923303604,0.174769788980484,0.14199642837047577,0.046366266906261444,0.16728970408439636,0.2613774836063385,0.19440822303295135,0.03886432945728302,0.11245523393154144,0.10958118736743927,0.08445674926042557,0.07475140690803528,MR
../data/DWT_NEW/MR/New_MR_100.wav,137.67376708984375,-26.776315689086914,13.81629753112793,-3.5026438236236572,-2.972507953643799,-9.104220390319824,2.1350245475769043,2.0200672149658203,3.3551840782165527,7.465529441833496,-1.912475347518921,8.264131546020508,0.7821502685546875,8.788352966308594,11.022016525268555,-4.099488735198975,1.9431469440460205,2.7346620559692383,0.9866810441017151,-4.440371513366699,-3.816927194595337,4.216786861419678,-1.2096621990203857,-8.494392395019531,4.257010459899902,3.4836807250976562,5.138169765472412,8.64659309387207,-5.283557891845703,-5.324879169464111,-4.764908790588379,-1.8258464336395264,-2.3293237686157227,-4.61433744430542,-2.2941651344299316,-0.794411301612854,-1.1688286066055298,-1.20955491065979,1.2954139709472656,-1.823904037475586,0.31373685598373413,0.26396644115448,0.37474536895751953,0.47127193212509155,0.5200178027153015,0.49301353096961975,0.3838503956794739,0.22395339608192444,0.21816954016685486,0.4020138084888458,0.5311310887336731,0.530372142791748,0.4346628785133362,0.39552444219589233,0.45517316460609436,0.4290223717689514,0.25746068358421326,0.2234119325876236,0.4201303720474243,0.43838736414909363,0.2701835632324219,0.2483656108379364,0.26150673627853394,0.26232218742370605,0.27403563261032104,0.22936657071113586,0.23728613555431366,0.21265846490859985,0.15691998600959778,0.12983372807502747,0.1921280473470688,0.2414819896221161,0.19993677735328674,0.32121098041534424,0.3165785074234009,0.23444920778274536,0.2738351821899414,0.23995666205883026,0.23026686906814575,0.3500223755836487,0.4125729501247406,0.5294405221939087,0.6116381287574768,0.6886938214302063,0.6940569877624512,0.5808435678482056,0.3132660388946533,0.23648250102996826,0.48341047763824463,0.652510404586792,0.6466244459152222,0.6314913630485535,0.6439230442047119,0.7214691638946533,0.8174387216567993,0.752499520778656,0.5156397223472595,0.3008691668510437,0.24418118596076965,0.21671351790428162,0.26512423157691956,MR
../data/DWT_NEW/MR/New_MR_140.wav,125.92842102050781,-26.791385650634766,-0.19252252578735352,-0.7062582969665527,-4.131287574768066,1.0014166831970215,11.61822509765625,-0.07413819432258606,-3.643977642059326,-6.539085865020752,2.0637073516845703,-5.94489049911499,0.9498973488807678,-1.9811625480651855,-1.3643594980239868,-1.8869191408157349,-4.203667640686035,-3.5708327293395996,0.326067715883255,-0.5078602433204651,-7.0977983474731445,-1.4790178537368774,-0.8386849761009216,0.7878934144973755,-0.41619306802749634,0.730556070804596,2.6382803916931152,0.03653222322463989,-1.946560263633728,1.9589564800262451,4.194538116455078,-3.9409399032592773,-3.1498517990112305,-0.5966118574142456,-0.16800034046173096,-1.4681209325790405,-4.1390862464904785,1.6380552053451538,3.8315773010253906,-0.21144726872444153,0.24092306196689606,0.13234931230545044,0.1267961859703064,0.12193340063095093,0.1239001452922821,0.1372259110212326,0.16098764538764954,0.18751531839370728,0.20755277574062347,0.21673321723937988,0.21339736878871918,0.19734197854995728,0.17554092407226562,0.1617148071527481,0.1712631732225418,0.21454758942127228,0.2544689178466797,0.24975469708442688,0.20065274834632874,0.22002209722995758,0.2976595461368561,0.28229910135269165,0.20357130467891693,0.2696630656719208,0.3008419871330261,0.288286030292511,0.35759830474853516,0.3637978434562683,0.33379262685775757,0.3284079134464264,0.3848698139190674,0.4030732214450836,0.3557964861392975,0.32044169306755066,0.32039743661880493,0.29972726106643677,0.2641129493713379,0.24784260988235474,0.24927127361297607,0.2556810975074768,0.2593194842338562,0.2718174159526825,0.2819187343120575,0.27985846996307373,0.25661522150039673,0.21993207931518555,0.17677325010299683,0.1720471978187561,0.19894161820411682,0.20365294814109802,0.20504525303840637,0.21745502948760986,0.21267619729042053,0.16219884157180786,0.06915707886219025,0.1530134528875351,0.1860581487417221,0.1310165375471115,0.06664232909679413,0.11316312104463577,0.1412762999534607,MR
../data/DWT_NEW/MR/New_MR_013.wav,164.87017822265625,-11.806821823120117,-8.492061614990234,0.5414679646492004,-10.350959777832031,-3.4071011543273926,2.0749459266662598,-1.741376280784607,0.03660106658935547,13.028390884399414,19.070606231689453,3.3988475799560547,1.4679678678512573,-3.42946195602417,-6.561601638793945,0.5607999563217163,0.8532354831695557,2.3414857387542725,-0.7920143008232117,-3.7593798637390137,0.29358357191085815,-4.560393333435059,2.4341137409210205,-1.6841235160827637,-4.204541206359863,-1.6609883308410645,-0.5010322332382202,-7.30757999420166,2.1591615676879883,2.7839303016662598,-2.0088582038879395,1.5235528945922852,1.2451443672180176,-1.6389248371124268,0.7973756194114685,-0.648665726184845,-3.5237510204315186,0.08447706699371338,-2.5636398792266846,-0.3932710289955139,0.3240206241607666,0.15384499728679657,0.252163290977478,0.3660062253475189,0.481218546628952,0.5825854539871216,0.6577563881874084,0.6899073123931885,0.6612316966056824,0.5687026977539062,0.4160422384738922,0.2210790514945984,0.07295932620763779,0.18434518575668335,0.25467973947525024,0.274604856967926,0.4158022403717041,0.6340588331222534,0.7451875805854797,0.6466134786605835,0.3963208794593811,0.31405529379844666,0.37684062123298645,0.3329242169857025,0.3333141803741455,0.30725735425949097,0.2104589194059372,0.30076390504837036,0.3436588644981384,0.2647431492805481,0.14131125807762146,0.22998419404029846,0.3015655279159546,0.23101875185966492,0.15838947892189026,0.1829620897769928,0.18787533044815063,0.21523302793502808,0.2717418074607849,0.32713544368743896,0.37959742546081543,0.4044734239578247,0.39886653423309326,0.35597509145736694,0.42025914788246155,0.6280998587608337,0.8335303664207458,0.8840256929397583,0.8008611798286438,0.8367904424667358,0.8604504466056824,0.7273640632629395,0.5354346632957458,0.35189783573150635,0.2824788987636566,0.2872426509857178,0.3531196713447571,0.3169989287853241,0.24515414237976074,0.3633807897567749,0.40991875529289246,MR
../data/DWT_NEW/MR/New_MR_023.wav,48.792728424072266,-59.59190368652344,12.369412422180176,-23.114742279052734,2.1831982135772705,-0.06631743907928467,-5.103001594543457,1.2447048425674438,0.2957432270050049,0.8044002056121826,0.2976522743701935,4.817059516906738,0.2845505475997925,-0.4552915096282959,-3.4113831520080566,-0.4627605676651001,0.3572045564651489,-0.03076350688934326,-1.980624794960022,-1.6642959117889404,1.217045783996582,1.2370766401290894,2.4753758907318115,3.591559410095215,3.6616976261138916,2.793604612350464,2.58857798576355,0.06594645977020264,3.511523962020874,0.9306737184524536,-3.0688281059265137,0.33772897720336914,-1.179607629776001,0.9892194271087646,1.1689261198043823,1.3304784297943115,1.4333181381225586,0.33690333366394043,-2.536224842071533,-3.2968108654022217,0.2100650519132614,0.03312288597226143,0.029833070933818817,0.02136758714914322,0.007933026179671288,0.012971868738532066,0.035297196358442307,0.0588325597345829,0.07907159626483917,0.09216156601905823,0.0945182740688324,0.08343298733234406,0.0610954612493515,0.03317690268158913,0.012850643135607243,0.022037450224161148,0.03388756513595581,0.04573536664247513,0.057677023112773895,0.05782227963209152,0.037788815796375275,0.015307408757507801,0.03386949002742767,0.04286793991923332,0.0460263229906559,0.048737458884716034,0.04095212742686272,0.05910901352763176,0.08602158725261688,0.09802010655403137,0.08117068558931351,0.04734289273619652,0.052393462508916855,0.07362798601388931,0.07046572864055634,0.053771741688251495,0.040535200387239456,0.03887088596820831,0.048013970255851746,0.04699953272938728,0.02771030180156231,0.013959761708974838,0.059014394879341125,0.11339662224054337,0.15792202949523926,0.17050470411777496,0.13106131553649902,0.045856572687625885,0.059801071882247925,0.11697777360677719,0.10423450917005539,0.05293668061494827,0.05581243708729744,0.045785389840602875,0.02111380361020565,0.017940087243914604,0.04365571215748787,0.05935566499829292,0.06344939023256302,0.07028012722730637,0.07375858724117279,MR
../data/DWT_NEW/MR/New_MR_074.wav,139.59786987304688,-33.70092010498047,-6.803623676300049,5.465755462646484,7.537367820739746,5.344749450683594,12.516555786132812,1.6459277868270874,3.0755362510681152,-5.6663899421691895,-0.4811578392982483,-2.7698276042938232,5.045382976531982,4.343635082244873,1.3257951736450195,-1.7766317129135132,-1.5961483716964722,-0.713704526424408,2.0855536460876465,-0.3874191641807556,-5.748663425445557,-1.3664742708206177,-3.1654696464538574,1.4840326309204102,0.36804258823394775,2.3664121627807617,3.446718692779541,2.208838939666748,1.1684077978134155,-0.9086121320724487,-1.1733036041259766,-3.2974395751953125,-0.3962222933769226,-0.8973267078399658,-0.6084729433059692,-0.7639747858047485,-4.1370439529418945,1.3819574117660522,3.5308358669281006,0.22906887531280518,0.2877516746520996,0.24872101843357086,0.30729347467422485,0.36284855008125305,0.40623998641967773,0.4283086657524109,0.4265763759613037,0.4002392292022705,0.35659968852996826,0.3193312883377075,0.30859076976776123,0.30901938676834106,0.28132352232933044,0.19055286049842834,0.08607157319784164,0.2296208143234253,0.38742315769195557,0.4495689570903778,0.3880853056907654,0.2760253846645355,0.3178258538246155,0.34164994955062866,0.2545788288116455,0.24292802810668945,0.2962425649166107,0.2659684121608734,0.31773754954338074,0.33792585134506226,0.2755257785320282,0.21715772151947021,0.21885500848293304,0.24564900994300842,0.27620479464530945,0.2799203097820282,0.27037495374679565,0.258818119764328,0.2597957253456116,0.24861572682857513,0.21965599060058594,0.1958528757095337,0.21073342859745026,0.2585337162017822,0.30808931589126587,0.3331567049026489,0.3131425678730011,0.24914208054542542,0.1482267826795578,0.07708483934402466,0.1670689582824707,0.2158927023410797,0.21876345574855804,0.167190283536911,0.07729014754295349,0.10023613274097443,0.11862707138061523,0.1492120325565338,0.19324302673339844,0.15861395001411438,0.052184317260980606,0.10531113296747208,0.16393719613552094,MR
../data/DWT_NEW/MR/New_MR_030.wav,138.48464965820312,-33.46422576904297,-11.377556800842285,-4.548501968383789,-2.499042510986328,-0.7931779623031616,10.665770530700684,-0.17096543312072754,-4.46613883972168,-6.300343036651611,1.5236762762069702,-3.306257724761963,-2.6119210720062256,-0.624326229095459,-3.2644615173339844,-3.8037781715393066,-3.8425378799438477,-7.123736381530762,1.183042287826538,-5.113674163818359,-5.762851238250732,-2.640239715576172,0.266635537147522,1.5212047100067139,1.9941892623901367,0.24865779280662537,1.8654364347457886,-0.20505663752555847,-0.421420693397522,0.8401710987091064,3.8202314376831055,-3.9312515258789062,-1.2647312879562378,-0.6822447776794434,0.01253288984298706,-0.013984262943267822,-3.6111130714416504,0.8881926536560059,3.260878086090088,0.009333968162536621,0.28390517830848694,0.0924064964056015,0.09707023203372955,0.10445094853639603,0.1162557378411293,0.13170740008354187,0.14856086671352386,0.16209149360656738,0.16727624833583832,0.16323724389076233,0.15064886212348938,0.12892739474773407,0.09701509773731232,0.05466596037149429,0.06252196431159973,0.14366403222084045,0.2108190804719925,0.22149929404258728,0.17119534313678741,0.1719922423362732,0.2517821490764618,0.2410644292831421,0.18202751874923706,0.24364998936653137,0.26910990476608276,0.2755724787712097,0.36424553394317627,0.36905646324157715,0.3212190270423889,0.3057519495487213,0.37532997131347656,0.3951397240161896,0.32480984926223755,0.27753373980522156,0.2837684154510498,0.25000566244125366,0.2040376365184784,0.19598230719566345,0.20477649569511414,0.21556878089904785,0.22429978847503662,0.242974191904068,0.25904184579849243,0.2631353437900543,0.24859222769737244,0.2119094431400299,0.14356526732444763,0.12567657232284546,0.17496687173843384,0.17930254340171814,0.1901533007621765,0.24150681495666504,0.26100635528564453,0.1983742117881775,0.06944058835506439,0.20910507440567017,0.2706705927848816,0.18857133388519287,0.08128631860017776,0.15514984726905823,0.19558151066303253,MR
../data/DWT_NEW/MR/New_MR_105.wav,133.12713623046875,-37.76483917236328,-15.305620193481445,-4.754854202270508,-2.1570725440979004,1.6071809530258179,12.617446899414062,1.1203455924987793,-2.0929653644561768,-7.809209823608398,0.3368414640426636,-3.746053695678711,0.9324407577514648,1.8816736936569214,-2.703291416168213,-2.0587496757507324,-4.999691963195801,-6.186323642730713,-0.2880995571613312,-6.782889366149902,-5.817019462585449,-2.632080078125,1.5595543384552002,2.5092766284942627,2.650437116622925,1.8228719234466553,1.2703921794891357,-0.41149967908859253,-1.2477619647979736,0.1025015115737915,4.260304927825928,-3.8096413612365723,0.9859789609909058,-0.29069143533706665,0.028888404369354248,-1.6013457775115967,-3.824629545211792,1.3766039609909058,3.816319465637207,-0.7538608312606812,0.27785947918891907,0.09251876920461655,0.08158130943775177,0.0685705691576004,0.06447774916887283,0.08072234690189362,0.11131954938173294,0.14365383982658386,0.1676139384508133,0.17807060480117798,0.17228055000305176,0.148789644241333,0.1124252900481224,0.07291194796562195,0.08444129675626755,0.14506930112838745,0.19177663326263428,0.18749099969863892,0.12991227209568024,0.14333319664001465,0.21890361607074738,0.20602738857269287,0.16021718084812164,0.22935277223587036,0.24895250797271729,0.24103349447250366,0.29114532470703125,0.28862565755844116,0.2684560716152191,0.2742362320423126,0.31905221939086914,0.3200586140155792,0.2601239085197449,0.2259831726551056,0.2274322807788849,0.18665075302124023,0.1323499083518982,0.11615878343582153,0.1254066377878189,0.13957799971103668,0.1537182778120041,0.17985737323760986,0.20209595561027527,0.21407344937324524,0.21670657396316528,0.20295006036758423,0.1532568782567978,0.11288376152515411,0.15703746676445007,0.17209388315677643,0.15124863386154175,0.1455792784690857,0.1804395318031311,0.17726683616638184,0.08241312950849533,0.1445259153842926,0.22278515994548798,0.17397348582744598,0.051098089665174484,0.10775552690029144,0.15998974442481995,MR
../data/DWT_NEW/MR/New_MR_163.wav,128.2425079345703,-25.98871612548828,2.715208053588867,8.767443656921387,2.733842372894287,3.5954794883728027,13.262164115905762,3.2320706844329834,0.9835516214370728,-3.932569980621338,4.166232109069824,-3.3297009468078613,3.9830617904663086,5.894621849060059,0.940377950668335,-3.465183734893799,-5.326080322265625,-2.6686511039733887,1.4904230833053589,2.5625243186950684,-3.749875545501709,-0.3575638234615326,-1.1113457679748535,2.941357374191284,0.12787693738937378,1.1991556882858276,1.5729621648788452,1.2366728782653809,1.4966368675231934,-0.45845919847488403,1.3521418571472168,-2.1504263877868652,-0.9950052499771118,-0.12078370153903961,2.3632214069366455,0.8148492574691772,-4.966280460357666,1.2520570755004883,2.4925525188446045,-1.1119022369384766,0.24578803777694702,0.45131880044937134,0.4215494394302368,0.35721999406814575,0.2586960196495056,0.13832302391529083,0.09696467220783234,0.21790209412574768,0.32921287417411804,0.38384389877319336,0.355255663394928,0.23252230882644653,0.09054221212863922,0.26824235916137695,0.4746553301811218,0.573567271232605,0.5082848072052002,0.30352532863616943,0.17146489024162292,0.27780333161354065,0.27003878355026245,0.23715487122535706,0.4136626124382019,0.46444886922836304,0.35000529885292053,0.2638038396835327,0.26881301403045654,0.3748040497303009,0.423842191696167,0.38542231917381287,0.3368679881095886,0.3668474555015564,0.3757404088973999,0.31775254011154175,0.2696821689605713,0.2370319962501526,0.18853254616260529,0.15659910440444946,0.17516203224658966,0.20216843485832214,0.21357712149620056,0.22241953015327454,0.22347378730773926,0.21333050727844238,0.18918971717357635,0.1874241679906845,0.22247540950775146,0.24426424503326416,0.2163887917995453,0.12992648780345917,0.05391444265842438,0.1444343775510788,0.21514831483364105,0.2382420152425766,0.22584187984466553,0.2135339230298996,0.20449990034103394,0.19247303903102875,0.17147962749004364,0.1603749692440033,0.09108088910579681,MR
../data/DWT_NEW/MR/New_MR_041.wav,139.87472534179688,-30.326412200927734,16.38533592224121,0.45226606726646423,-14.849342346191406,-10.78919792175293,5.864317893981934,4.144003868103027,9.349040985107422,0.6139606237411499,-4.574836254119873,-14.85250473022461,-9.570832252502441,-18.653362274169922,-7.124386787414551,-7.4159464836120605,0.08472566306591034,18.751527786254883,0.6480145454406738,6.071019172668457,7.05808162689209,-14.002693176269531,-2.706592082977295,5.7289581298828125,4.196072578430176,-0.48674359917640686,-5.508477210998535,2.001034736633301,-2.4584126472473145,-1.2273566722869873,-0.7674446105957031,-1.506243109703064,-1.0114948749542236,-2.3319125175476074,-1.1673527956008911,-2.25720477104187,0.8329653143882751,4.650447845458984,-6.894805908203125,2.570265769958496,0.3563801348209381,0.04248719662427902,0.06544918566942215,0.0845285952091217,0.10036113858222961,0.11749331653118134,0.14368030428886414,0.18070784211158752,0.21949785947799683,0.24634204804897308,0.24486085772514343,0.2009136974811554,0.12110984325408936,0.09589019417762756,0.17294755578041077,0.2034899741411209,0.17347656190395355,0.19875450432300568,0.3010455369949341,0.32194626331329346,0.2262367308139801,0.18348601460456848,0.24177415668964386,0.20202147960662842,0.2667907178401947,0.30779725313186646,0.20533248782157898,0.29235804080963135,0.3049163222312927,0.2577051520347595,0.3032863438129425,0.5321757793426514,0.5844728946685791,0.5521266460418701,0.7002403140068054,0.7655788660049438,0.715302050113678,0.6629640460014343,0.5490236282348633,0.3886314630508423,0.234096959233284,0.18770641088485718,0.19640356302261353,0.16911408305168152,0.09096349030733109,0.1485535055398941,0.24773503839969635,0.35991165041923523,0.7188711762428284,1.093787431716919,1.2610676288604736,1.1006544828414917,0.7313052415847778,0.400065541267395,0.3063763976097107,0.35339421033859253,0.33387526869773865,0.2134934961795807,0.15300555527210236,0.22215591371059418,0.2334536910057068,MR
../data/DWT_NEW/MR/New_MR_049.wav,39.66972351074219,-65.0274658203125,-2.656759738922119,-35.32501220703125,3.2335236072540283,-3.967719793319702,1.5066564083099365,0.03437846899032593,2.492166519165039,2.4863007068634033,1.3698887825012207,1.785373568534851,2.6507463455200195,2.3865675926208496,0.33545535802841187,3.439507484436035,0.014615640044212341,1.2835185527801514,2.715320110321045,-0.45647135376930237,2.657256603240967,0.18397969007492065,1.585359811782837,0.21358492970466614,-3.505432605743408,-6.668912410736084,-8.293676376342773,-6.502551555633545,-3.842763900756836,-3.084446907043457,-3.3184750080108643,-1.4028985500335693,0.6247511506080627,0.2692214250564575,-0.3215373158454895,-1.1447006464004517,-0.7013661861419678,-1.6977317333221436,-2.97952938079834,-1.2509407997131348,0.18776382505893707,0.035680998116731644,0.032487526535987854,0.026555797085165977,0.017956171184778214,0.008651649579405785,0.011676028370857239,0.021993085741996765,0.028628772124648094,0.027609683573246002,0.01729363203048706,0.013592748902738094,0.039170041680336,0.0614035427570343,0.07194088399410248,0.061839669942855835,0.033598557114601135,0.034101858735084534,0.06202758848667145,0.06353464722633362,0.040653079748153687,0.04600784182548523,0.05695835500955582,0.045861080288887024,0.05027225241065025,0.050172358751297,0.032534193247556686,0.01445054728537798,0.010825371369719505,0.012205005623400211,0.017877012491226196,0.03356149047613144,0.041538599878549576,0.04105858504772186,0.04202456772327423,0.04807962849736214,0.05947135388851166,0.0708865150809288,0.08883476257324219,0.09775317460298538,0.09073857963085175,0.06842239946126938,0.038646262139081955,0.043504972010850906,0.08242537081241608,0.11404941976070404,0.129280686378479,0.12477253377437592,0.10568679124116898,0.0910545364022255,0.0959739089012146,0.12299603223800659,0.1415184885263443,0.14094547927379608,0.14548268914222717,0.15363746881484985,0.16915345191955566,0.18092653155326843,0.17528340220451355,0.177504763007164,0.19060567021369934,MR
../data/DWT_NEW/MR/New_MR_035.wav,49.31581497192383,-15.472288131713867,26.362224578857422,-7.501073837280273,-10.719655990600586,11.213123321533203,-18.667987823486328,22.571577072143555,-9.065034866333008,3.363069534301758,-0.4648246765136719,6.0589423179626465,3.8929526805877686,0.21699562668800354,2.001546859741211,5.172537326812744,1.637351155281067,3.0624215602874756,1.0214459896087646,1.2628824710845947,0.6402451992034912,-4.016935348510742,-4.289904594421387,-2.9428255558013916,-1.5115940570831299,4.36768913269043,3.3574464321136475,0.7352386116981506,1.5801277160644531,0.14932793378829956,0.5725067853927612,3.4415245056152344,2.040182590484619,-0.9411777853965759,-1.3310679197311401,1.6305198669433594,3.8171253204345703,0.3242104649543762,-0.8160633444786072,0.9577046036720276,0.14638100564479828,0.20987364649772644,0.1668817400932312,0.11606483161449432,0.08106391131877899,0.10171127319335938,0.145975261926651,0.17392852902412415,0.1668943166732788,0.12082701921463013,0.048977695405483246,0.07393236458301544,0.1531667411327362,0.19548018276691437,0.19264844059944153,0.1498928964138031,0.09415529668331146,0.04340998828411102,0.08668013662099838,0.16406923532485962,0.18659451603889465,0.13529956340789795,0.09842021018266678,0.1221514418721199,0.13870567083358765,0.1984761357307434,0.17413029074668884,0.11065114289522171,0.10300130397081375,0.14705252647399902,0.15472754836082458,0.1363242119550705,0.10490582883358002,0.12766987085342407,0.15526431798934937,0.12142062932252884,0.09738488495349884,0.09256098419427872,0.08275153487920761,0.11658545583486557,0.16068357229232788,0.18465504050254822,0.17645493149757385,0.15040577948093414,0.1307823657989502,0.1450648009777069,0.13468237221240997,0.09646192193031311,0.15738888084888458,0.2456149011850357,0.26846131682395935,0.236173614859581,0.20900589227676392,0.19785171747207642,0.18674404919147491,0.17546120285987854,0.15404874086380005,0.14433813095092773,0.13632157444953918,0.10172268003225327,0.06628594547510147,MR
../data/DWT_NEW/MR/New_MR_048.wav,60.58649826049805,-51.540550231933594,4.880640983581543,-27.4051570892334,11.802692413330078,-2.1702146530151367,4.772927284240723,1.062011957168579,2.4069833755493164,-0.3715621829032898,1.7568869590759277,-2.5835301876068115,1.974900484085083,-1.710469365119934,0.10791069269180298,-0.6079881191253662,-1.038428544998169,-0.5376433730125427,0.38326066732406616,-0.698334813117981,1.0032732486724854,1.8381645679473877,3.4771199226379395,4.595069408416748,2.6391003131866455,1.328218936920166,-0.5560104846954346,-0.7746247053146362,-0.11406391859054565,-0.094166100025177,-0.98380446434021,-0.8352087736129761,0.7753491401672363,2.01467227935791,2.395205497741699,2.0909717082977295,2.35063099861145,1.457145094871521,-0.5281916260719299,-0.48455923795700073,0.21943563222885132,0.08486444503068924,0.08205917477607727,0.07763029634952545,0.07475398480892181,0.07699142396450043,0.08496838063001633,0.09308543801307678,0.09357397258281708,0.08219406008720398,0.0604235902428627,0.04510574787855148,0.06260021030902863,0.08444256335496902,0.08493662625551224,0.06865447759628296,0.06486395001411438,0.07731529325246811,0.069267138838768,0.0395829901099205,0.017717448994517326,0.01876559481024742,0.04525138437747955,0.0655624270439148,0.05968217924237251,0.0680190920829773,0.0566180981695652,0.06604955345392227,0.07442541420459747,0.08078359812498093,0.06861020624637604,0.04206937551498413,0.05933201685547829,0.05748378857970238,0.02748510055243969,0.04692341759800911,0.06478423625230789,0.06448166072368622,0.076502226293087,0.07505049556493759,0.06678999960422516,0.054999105632305145,0.05319574475288391,0.07258646190166473,0.08594969660043716,0.08896227180957794,0.09139717370271683,0.09777645766735077,0.10405907034873962,0.10389695316553116,0.1309792399406433,0.13263916969299316,0.1408679485321045,0.1797289252281189,0.196793794631958,0.20716968178749084,0.20934373140335083,0.22133438289165497,0.24046653509140015,0.2506105303764343,0.2536953091621399,MR
../data/DWT_NEW/MR/New_MR_021.wav,64.43297576904297,-37.24260711669922,26.04163360595703,-11.523700714111328,-9.00851821899414,9.75590705871582,-6.609101295471191,-1.5414882898330688,8.126404762268066,-0.8753331303596497,-1.2331948280334473,2.8304362297058105,0.12080109119415283,4.725015640258789,2.4715352058410645,3.2871038913726807,-5.272519111633301,0.12394155561923981,-4.091594219207764,0.3913108706474304,2.394198417663574,4.706027984619141,2.0310215950012207,0.5647642016410828,2.789022445678711,5.335951328277588,2.5553271770477295,-1.1079963445663452,-1.702397346496582,-6.887380599975586,-5.988090991973877,-2.570082664489746,0.47129130363464355,-3.0243709087371826,-6.716814994812012,3.141270637512207,0.8253795504570007,3.796443462371826,-2.256767749786377,1.051110029220581,0.16696099936962128,0.08615035563707352,0.09937065094709396,0.11349344253540039,0.1254585236310959,0.13343670964241028,0.1364181488752365,0.13346761465072632,0.12372744828462601,0.11007015407085419,0.09753692150115967,0.09255906939506531,0.10291045904159546,0.12324055284261703,0.1444331556558609,0.15624821186065674,0.1527189016342163,0.14209577441215515,0.14941492676734924,0.18350692093372345,0.2129373848438263,0.20719851553440094,0.16232331097126007,0.11104096472263336,0.09073557704687119,0.08108850568532944,0.0687219500541687,0.06300529837608337,0.08802957832813263,0.12201476097106934,0.178925022482872,0.23202289640903473,0.23119394481182098,0.18498849868774414,0.1421409547328949,0.150656595826149,0.20570941269397736,0.2491508275270462,0.24253088235855103,0.1627691090106964,0.030756857246160507,0.11971814185380936,0.267849862575531,0.3589573800563812,0.321013867855072,0.18480955064296722,0.152910977602005,0.19413112103939056,0.10767585039138794,0.047767069190740585,0.13319991528987885,0.05283685028553009,0.12223345786333084,0.17296437919139862,0.11531689763069153,0.16840088367462158,0.16526687145233154,0.1230657622218132,0.1623060554265976,0.245707705616951,0.30322739481925964,MR
../data/DWT_NEW/MR/New_MR_198.wav,97.4399642944336,-8.981536865234375,15.004585266113281,-3.711318016052246,-9.55517578125,22.76410675048828,-10.342004776000977,9.911859512329102,2.106110095977783,3.984856605529785,1.9072339534759521,-4.59405517578125,6.857677936553955,-7.035131454467773,-2.237684488296509,-2.860642910003662,6.0956878662109375,9.363191604614258,-4.369659900665283,-3.859584331512451,-4.621777534484863,5.48194694519043,0.4010922908782959,0.47223514318466187,-8.093363761901855,-0.06620652973651886,-8.511404037475586,-2.2779674530029297,-2.4720072746276855,1.9844703674316406,-1.1189439296722412,3.1993846893310547,2.7211174964904785,0.878464937210083,1.9926841259002686,-1.1174507141113281,-0.7726777791976929,1.7923511266708374,1.0050054788589478,3.536430597305298,0.19831818342208862,0.14556577801704407,0.22309203445911407,0.3072513937950134,0.3815893530845642,0.4289925992488861,0.4363256096839905,0.3910629153251648,0.28955620527267456,0.15518327057361603,0.11810296773910522,0.23765869438648224,0.30719131231307983,0.281435489654541,0.15350477397441864,0.16950249671936035,0.3860586881637573,0.5254117250442505,0.5207672119140625,0.4008079171180725,0.27173933386802673,0.22024568915367126,0.18241678178310394,0.20765511691570282,0.24303802847862244,0.293047159910202,0.37675023078918457,0.38364124298095703,0.2818197011947632,0.14256776869297028,0.15708938241004944,0.21433669328689575,0.17803363502025604,0.09073487669229507,0.1832047700881958,0.28670835494995117,0.31061217188835144,0.3498525619506836,0.3853047490119934,0.35160425305366516,0.2806398868560791,0.21814614534378052,0.18104121088981628,0.1600516438484192,0.10682674497365952,0.07439668476581573,0.1700981706380844,0.2495533525943756,0.2457718551158905,0.15094512701034546,0.11600534617900848,0.22417248785495758,0.24164479970932007,0.19965912401676178,0.20546093583106995,0.23604291677474976,0.25215059518814087,0.2160341441631317,0.1691621094942093,0.1458672732114792,0.11790589243173599,MR
../data/DWT_NEW/MR/New_MR_143.wav,140.1998291015625,-27.80109405517578,-4.795872688293457,5.622155666351318,0.9790046811103821,1.0706737041473389,10.239486694335938,3.620875358581543,-3.590390682220459,-3.5140161514282227,2.204022169113159,-0.3384716808795929,3.558590888977051,7.723678112030029,-0.9594110250473022,-3.190321683883667,-2.845747232437134,-5.750443458557129,4.144526958465576,-1.1097911596298218,-3.4969544410705566,-2.441621780395508,-0.2764560580253601,2.6069061756134033,0.785022497177124,2.2719533443450928,0.9697200059890747,2.0982062816619873,-0.5895938277244568,-1.304638385772705,0.5135807394981384,-5.247185707092285,-2.1464786529541016,-2.2458488941192627,1.821204662322998,0.5204662680625916,-4.28774356842041,2.330190896987915,3.1948232650756836,1.2199645042419434,0.272418349981308,0.24185307323932648,0.28244268894195557,0.32018476724624634,0.35010701417922974,0.36745965480804443,0.37283122539520264,0.3659491240978241,0.347898006439209,0.3255988359451294,0.301466166973114,0.26942265033721924,0.22600047290325165,0.19511759281158447,0.21952113509178162,0.3067225217819214,0.3871269226074219,0.40408772230148315,0.34993189573287964,0.26705214381217957,0.23936113715171814,0.2663918137550354,0.2955895662307739,0.3064037561416626,0.26979145407676697,0.20903213322162628,0.15908293426036835,0.2498590052127838,0.2586984634399414,0.13195906579494476,0.12204708158969879,0.22687608003616333,0.21178767085075378,0.11737619340419769,0.20968104898929596,0.23394429683685303,0.2231297492980957,0.2493411749601364,0.2495170533657074,0.22526027262210846,0.20090016722679138,0.21767745912075043,0.30331647396087646,0.38337862491607666,0.4081227481365204,0.3513636291027069,0.22885999083518982,0.11739495396614075,0.20888832211494446,0.24268336594104767,0.24018514156341553,0.22309032082557678,0.1348232626914978,0.11245553940534592,0.274977445602417,0.25264713168144226,0.07752400636672974,0.12622758746147156,0.15901198983192444,0.20656493306159973,0.2493354082107544,MR
../data/DWT_NEW/MR/New_MR_056.wav,138.77316284179688,-34.604278564453125,-9.818500518798828,4.909152507781982,6.564525604248047,5.860043525695801,14.601085662841797,3.9495015144348145,2.362839698791504,-9.328293800354004,-2.4828450679779053,-4.191344738006592,5.209445476531982,3.0208864212036133,0.7770687341690063,0.06491070985794067,-1.8620635271072388,0.8781296014785767,-0.8963490724563599,-0.9087491035461426,-6.156922340393066,2.392627716064453,0.7208174467086792,1.254823923110962,2.1505508422851562,3.6728148460388184,4.190958023071289,1.849268913269043,-0.09609618782997131,-2.9745659828186035,-1.2094616889953613,-2.6214632987976074,-0.5996189117431641,-0.4232911467552185,0.3553454875946045,0.6084481477737427,-4.789211750030518,0.36747848987579346,2.508002996444702,-1.0643681287765503,0.2860490083694458,0.23659786581993103,0.3068784475326538,0.37373417615890503,0.42656877636909485,0.45437461137771606,0.452433317899704,0.41680842638015747,0.3509652018547058,0.27739131450653076,0.23146989941596985,0.22766128182411194,0.22180970013141632,0.1632731854915619,0.07477021962404251,0.1874009370803833,0.346131294965744,0.42764824628829956,0.3888365626335144,0.25971513986587524,0.20502611994743347,0.2622300982475281,0.21842624247074127,0.19115179777145386,0.2492203414440155,0.23994556069374084,0.278928279876709,0.3311983346939087,0.29834499955177307,0.24954330921173096,0.24629196524620056,0.31533563137054443,0.34198859333992004,0.3175865411758423,0.2985437512397766,0.2947064936161041,0.2831888794898987,0.26111435890197754,0.22071054577827454,0.17746010422706604,0.1429319977760315,0.18300405144691467,0.24823573231697083,0.2889128625392914,0.28637731075286865,0.24342674016952515,0.1554364264011383,0.05941958725452423,0.12321192026138306,0.17558155953884125,0.18536531925201416,0.1538562923669815,0.10760840773582458,0.12845274806022644,0.1222626119852066,0.13144659996032715,0.1865885704755783,0.15232568979263306,0.04920969903469086,0.09234809130430222,0.145067036151886,MR
../data/DWT_NEW/MR/New_MR_024.wav,43.60287094116211,-50.13198471069336,26.439346313476562,-29.040672302246094,11.744974136352539,-1.399594783782959,-3.776174306869507,4.10751485824585,-5.42850399017334,1.7774986028671265,2.5534908771514893,-1.0502448081970215,0.48744380474090576,2.6093664169311523,3.6312921047210693,0.6840656399726868,-1.8952182531356812,4.334661960601807,-1.1421817541122437,-1.6251111030578613,2.207263231277466,-1.381089448928833,-0.5020861625671387,2.1897799968719482,-0.9112805128097534,1.0993351936340332,-0.7001988887786865,-1.1581608057022095,1.2186139822006226,-1.0372240543365479,-1.8071951866149902,1.7394225597381592,-0.5562610626220703,-0.6933655738830566,-1.270223617553711,-1.0321146249771118,0.5884284973144531,0.6287637948989868,-0.2902231812477112,0.24227580428123474,0.21395321190357208,0.07702688872814178,0.0779368206858635,0.0771443322300911,0.0743471160531044,0.06993027776479721,0.06561634689569473,0.06305250525474548,0.06337135285139084,0.0675574317574501,0.07512033730745316,0.08420590311288834,0.09247337281703949,0.09599074721336365,0.09234843403100967,0.07929827272891998,0.0665791779756546,0.07018594443798065,0.08546289801597595,0.09199865907430649,0.08351630717515945,0.0668477863073349,0.040160227566957474,0.005593880079686642,0.054379869252443314,0.07939975708723068,0.06931338459253311,0.04510122910141945,0.04157695546746254,0.034072667360305786,0.021089285612106323,0.05323752388358116,0.0643860474228859,0.06384750455617905,0.06966790556907654,0.049797818064689636,0.01763589307665825,0.01895926333963871,0.052513934671878815,0.07918094843626022,0.08429878950119019,0.0709959864616394,0.04862770438194275,0.03299916908144951,0.02907179482281208,0.03869837522506714,0.03937653452157974,0.02801685407757759,0.029264984652400017,0.026191294193267822,0.02826584503054619,0.04293176904320717,0.044600117951631546,0.036638252437114716,0.020298602059483528,0.02025020495057106,0.02896696701645851,0.03399025276303291,0.03067132830619812,0.02510851062834263,0.022933829575777054,MR
../data/DWT_NEW/MR/New_MR_026.wav,143.7991943359375,-32.187400817871094,-6.408686637878418,2.1655333042144775,2.6150765419006348,1.3433245420455933,12.902833938598633,6.865006446838379,0.28709596395492554,-4.067979335784912,1.7055559158325195,-1.2382502555847168,4.882885932922363,5.893548488616943,0.6937470436096191,-3.734801769256592,-0.7633680105209351,-3.707413673400879,3.348454713821411,-0.9021050930023193,-1.8503482341766357,-1.2202811241149902,2.0818941593170166,1.0198910236358643,1.7108664512634277,0.47487872838974,1.5664728879928589,2.4477832317352295,0.87748122215271,-0.8035497665405273,1.303117275238037,-3.3714935779571533,-1.508287787437439,-2.135331630706787,0.9741130471229553,-1.009905457496643,-5.324098587036133,1.332740306854248,4.09712028503418,-0.6001571416854858,0.3019215762615204,0.408988356590271,0.38948893547058105,0.3379666209220886,0.2533470392227173,0.14553049206733704,0.09344526380300522,0.19844508171081543,0.30455678701400757,0.35753801465034485,0.3284449279308319,0.20620538294315338,0.09218588471412659,0.2813255786895752,0.4742361307144165,0.5541818141937256,0.47554242610931396,0.27440619468688965,0.14472490549087524,0.2210770845413208,0.19595563411712646,0.213629350066185,0.3617755174636841,0.38145384192466736,0.2657611072063446,0.15928779542446136,0.17786136269569397,0.29286837577819824,0.33363041281700134,0.30001235008239746,0.26793789863586426,0.3125513792037964,0.32591384649276733,0.2694409489631653,0.24138644337654114,0.20839908719062805,0.12752780318260193,0.12180010229349136,0.13543236255645752,0.15382835268974304,0.17530518770217896,0.19145908951759338,0.18804827332496643,0.18129189312458038,0.1489298939704895,0.0989241972565651,0.18114906549453735,0.2530468702316284,0.24997909367084503,0.13332456350326538,0.060248758643865585,0.2479616403579712,0.3405892252922058,0.2905883193016052,0.21008136868476868,0.2760429084300995,0.20683670043945312,0.17430052161216736,0.18010228872299194,0.17383769154548645,0.15193794667720795,MR
../data/DWT_NEW/MR/New_MR_047.wav,57.553165435791016,-64.76040649414062,-8.556785583496094,-36.57905197143555,4.403341293334961,-8.351691246032715,4.384613990783691,-1.902585744857788,2.704474449157715,0.34038782119750977,3.5248403549194336,-1.6841764450073242,3.9471888542175293,-0.6306045651435852,1.3641408681869507,0.4010891914367676,0.23866687715053558,-0.3362683057785034,0.5948140025138855,-1.199120283126831,-0.03866159915924072,-0.9634546637535095,-0.2628825306892395,1.1408483982086182,1.0497195720672607,1.9605404138565063,0.08755195140838623,-2.1814589500427246,-3.2209129333496094,-2.6661343574523926,-2.245043992996216,-2.3493263721466064,-2.3337700366973877,0.059333086013793945,1.1630851030349731,-0.48383966088294983,0.007907271385192871,0.38243716955184937,-1.8254586458206177,-2.3024697303771973,0.23742733895778656,0.00728270411491394,0.011608293280005455,0.020646922290325165,0.03074299544095993,0.04003877937793732,0.046967748552560806,0.049727633595466614,0.04680750519037247,0.0390058308839798,0.03070063143968582,0.031247667968273163,0.0393206886947155,0.04246067255735397,0.03677959367632866,0.03129490092396736,0.04626026004552841,0.06141669303178787,0.06070654094219208,0.04300195723772049,0.019790692254900932,0.026956193149089813,0.038742467761039734,0.04323159158229828,0.03409869223833084,0.023900408297777176,0.024700835347175598,0.028955914080142975,0.033661749213933945,0.04172467440366745,0.0463133342564106,0.0376354455947876,0.03028757870197296,0.03853096812963486,0.03685394302010536,0.039242058992385864,0.054164592176675797,0.05196421220898628,0.04942191392183304,0.04283171147108078,0.036905087530612946,0.05434998869895935,0.0865253210067749,0.11077410727739334,0.12207687646150589,0.11739715188741684,0.10147231817245483,0.07925650477409363,0.10040771216154099,0.14103123545646667,0.17327824234962463,0.1727363020181656,0.1574844866991043,0.1714039146900177,0.18155185878276825,0.20324242115020752,0.22410142421722412,0.2356487661600113,0.2384892851114273,0.24170976877212524,0.24585045874118805,MR
../data/DWT_NEW/MR/New_MR_200.wav,94.78556823730469,-13.367414474487305,12.74038314819336,-1.4097440242767334,-10.10504150390625,18.8525390625,-13.987529754638672,8.084465980529785,-3.7330095767974854,-2.804100513458252,4.599551677703857,-7.047411918640137,1.5506212711334229,-1.9337999820709229,6.5505828857421875,-1.0996103286743164,0.8842400312423706,2.4895710945129395,-3.9790353775024414,1.2123737335205078,-0.7290589213371277,-0.72810959815979,-2.443516254425049,7.0319976806640625,-2.374547243118286,0.7735745906829834,-1.2046854496002197,0.23233002424240112,-1.072432518005371,3.702052354812622,1.909775733947754,3.4289865493774414,-0.20604681968688965,-5.069997787475586,3.1347970962524414,1.4563266038894653,0.41132545471191406,1.344119906425476,1.1929395198822021,1.3852207660675049,0.19396434724330902,0.11090071499347687,0.04864407330751419,0.07313653826713562,0.15001513063907623,0.2182433307170868,0.26032647490501404,0.2624680995941162,0.21700340509414673,0.13680677115917206,0.09868050366640091,0.18763263523578644,0.26510676741600037,0.2831379771232605,0.236191064119339,0.1868521124124527,0.21616658568382263,0.22446483373641968,0.15923558175563812,0.1328229010105133,0.18124675750732422,0.14568418264389038,0.17805132269859314,0.2499098777770996,0.22313551604747772,0.1831730306148529,0.21285587549209595,0.29824188351631165,0.3213769495487213,0.29482942819595337,0.25039833784103394,0.218956857919693,0.19529801607131958,0.12318378686904907,0.1828283667564392,0.25488150119781494,0.2794159948825836,0.3292596936225891,0.36487630009651184,0.35561251640319824,0.3471290171146393,0.3360588848590851,0.3163600564002991,0.29110580682754517,0.25629281997680664,0.17759746313095093,0.09766504913568497,0.10002334415912628,0.15654560923576355,0.16346946358680725,0.12664727866649628,0.14378292858600616,0.20130473375320435,0.19372686743736267,0.19928257167339325,0.23265331983566284,0.2528691589832306,0.2520372271537781,0.22718748450279236,0.1765701174736023,0.13495011627674103,MR
../data/DWT_NEW/MR/New_MR_075.wav,136.17373657226562,-40.37621307373047,-9.273948669433594,-2.0733227729797363,-2.6370339393615723,0.1917695254087448,9.853593826293945,3.9415600299835205,-2.0072529315948486,-4.111841201782227,0.47685980796813965,-6.085873603820801,1.6456087827682495,2.808844566345215,0.33110278844833374,-3.0777764320373535,-1.472827672958374,-3.543309211730957,1.964005708694458,-3.332818031311035,-5.3839569091796875,-4.446556568145752,-2.4660637378692627,0.4168875813484192,0.5140201449394226,0.5196897983551025,2.3781890869140625,0.2996620833873749,0.5478214025497437,1.7812068462371826,3.9344706535339355,-2.418670177459717,1.0266462564468384,-0.35210880637168884,1.2386043071746826,-0.6755015850067139,-3.9909892082214355,1.5621956586837769,2.7383787631988525,-1.045686960220337,0.29491758346557617,0.16700997948646545,0.1636376976966858,0.14601875841617584,0.11214760690927505,0.06363353133201599,0.02958204597234726,0.085329070687294,0.14305993914604187,0.17793016135692596,0.1737772524356842,0.1202671080827713,0.0472995787858963,0.13099688291549683,0.24355557560920715,0.30354148149490356,0.2807099521160126,0.18675416707992554,0.08634931594133377,0.096509650349617,0.08535149693489075,0.1592315435409546,0.25041434168815613,0.25739824771881104,0.2383551150560379,0.2522711157798767,0.21317657828330994,0.2215341031551361,0.24376621842384338,0.29913991689682007,0.3106984496116638,0.2628803253173828,0.22291643917560577,0.21998463571071625,0.19163694977760315,0.13628916442394257,0.1378476768732071,0.16469848155975342,0.19916418194770813,0.2321602702140808,0.24855604767799377,0.2586232125759125,0.2590945363044739,0.23889102041721344,0.18119604885578156,0.15286822617053986,0.1931646317243576,0.22185629606246948,0.20135897397994995,0.09963969886302948,0.09147810190916061,0.2218298763036728,0.2869817316532135,0.2899819016456604,0.2624138295650482,0.2631905674934387,0.2706862986087799,0.2729409337043762,0.25519901514053345,0.22022102773189545,0.13068297505378723,MR
../data/DWT_NEW/MR/New_MR_062.wav,130.87051391601562,-40.22296905517578,-13.836475372314453,-4.905757904052734,-5.278106689453125,-0.9810817837715149,7.801064491271973,0.5118268728256226,-5.221073150634766,-9.18972396850586,2.3707685470581055,-5.884075164794922,-0.3764341175556183,-2.4758453369140625,-2.420117139816284,-2.943836212158203,-4.559929370880127,-4.719413757324219,-0.9903234839439392,-2.3646812438964844,-7.309286594390869,-0.27811217308044434,0.05146223306655884,4.066641807556152,3.6876673698425293,2.012068271636963,3.266796350479126,1.116926908493042,-0.8118659257888794,1.6761176586151123,3.879127025604248,-1.7605409622192383,-0.7629735469818115,-0.7074434161186218,0.24811524152755737,0.041936516761779785,-2.7297987937927246,1.539341926574707,5.449990272521973,0.9212805032730103,0.27226656675338745,0.08979080617427826,0.07243331521749496,0.04587816447019577,0.013637091964483261,0.03356941044330597,0.07403799891471863,0.10911193490028381,0.13027819991111755,0.13239091634750366,0.11369261890649796,0.07831898331642151,0.04756686091423035,0.06450903415679932,0.09186190366744995,0.11093342304229736,0.12041547894477844,0.11107441037893295,0.07512769103050232,0.08341457694768906,0.1415541172027588,0.14150434732437134,0.1204042062163353,0.19133251905441284,0.22340728342533112,0.21099591255187988,0.24488496780395508,0.2551558017730713,0.2698768377304077,0.28908684849739075,0.31704360246658325,0.32179805636405945,0.2958562672138214,0.2734725773334503,0.2666437327861786,0.24012425541877747,0.1942775845527649,0.15820536017417908,0.1490093469619751,0.15498489141464233,0.15944236516952515,0.17550715804100037,0.18816377222537994,0.1884901523590088,0.17095378041267395,0.14271242916584015,0.09455545991659164,0.11587432026863098,0.15465247631072998,0.15936324000358582,0.16238972544670105,0.20101207494735718,0.22116157412528992,0.1782735288143158,0.06816519051790237,0.17458301782608032,0.22949755191802979,0.14525564014911652,0.04232354834675789,0.15167738497257233,0.19238527119159698,MR
../data/DWT_NEW/MR/New_MR_044.wav,141.0028533935547,-28.726240158081055,21.388290405273438,3.1726934909820557,-15.720304489135742,-10.00230598449707,5.9202446937561035,7.381599426269531,10.777774810791016,4.445927619934082,0.8371511697769165,-11.426146507263184,-6.225862503051758,-14.430097579956055,-6.761905193328857,-11.759552001953125,-6.609440326690674,16.343107223510742,1.6459587812423706,2.762944221496582,3.6282031536102295,-13.201711654663086,2.5252087116241455,11.440756797790527,1.9529225826263428,-0.3763238191604614,-6.655722618103027,4.80269718170166,-1.0596462488174438,-3.2963662147521973,-3.952528715133667,-4.0775146484375,-2.4872887134552,-1.463815450668335,2.6648974418640137,-0.10536840558052063,2.484189033508301,3.125056743621826,-10.213632583618164,6.132678985595703,0.3641326427459717,0.04653452709317207,0.029016312211751938,0.039575569331645966,0.10108241438865662,0.18302825093269348,0.2724567949771881,0.3525265157222748,0.4001745283603668,0.39751482009887695,0.3321313261985779,0.20568980276584625,0.07295768707990646,0.18127158284187317,0.2535703480243683,0.20987898111343384,0.1196984350681305,0.31057626008987427,0.47651684284210205,0.46697869896888733,0.297391414642334,0.2439597249031067,0.304138720035553,0.26548758149147034,0.3715296983718872,0.44115960597991943,0.4203145503997803,0.4572993218898773,0.44027480483055115,0.39218777418136597,0.5001710653305054,0.6336838603019714,0.5353881120681763,0.43531328439712524,0.5293233394622803,0.44754016399383545,0.31129196286201477,0.2560132145881653,0.17379674315452576,0.15272709727287292,0.14545556902885437,0.13635608553886414,0.16821730136871338,0.25033795833587646,0.32375669479370117,0.32977116107940674,0.2721482515335083,0.32403016090393066,0.6370843052864075,0.9833464622497559,1.1307072639465332,0.9745218753814697,0.6517961621284485,0.4297809302806854,0.3761613965034485,0.39027029275894165,0.37413105368614197,0.2692318260669708,0.2016770839691162,0.22881123423576355,0.2683209180831909,MR
../data/DWT_NEW/MR/New_MR_091.wav,136.85546875,-22.28466796875,12.724339485168457,-11.066258430480957,-3.14005184173584,-13.695720672607422,-0.3492210805416107,-2.294036626815796,3.176426887512207,3.4539809226989746,-10.944570541381836,1.3304744958877563,-5.858682155609131,3.990143299102783,5.117672920227051,-9.33671760559082,-0.26093727350234985,-0.1322948932647705,-1.8828741312026978,-10.50379753112793,-2.068469524383545,8.380305290222168,-1.7656440734863281,-7.719893455505371,10.1556978225708,5.091012954711914,3.7525343894958496,1.7808254957199097,0.6514376401901245,-2.678412914276123,-3.195161819458008,2.8357625007629395,5.194649696350098,4.444491386413574,-0.9787057042121887,-2.9568047523498535,-0.3226575255393982,-0.49057942628860474,5.945135593414307,4.705225467681885,0.31476518511772156,0.20070001482963562,0.2313491702079773,0.25563597679138184,0.2600805461406708,0.23451456427574158,0.1798664927482605,0.11011544615030289,0.07770226895809174,0.10944981873035431,0.11517086625099182,0.06850289553403854,0.061726681888103485,0.14004842936992645,0.1650332659482956,0.11878997832536697,0.04618864506483078,0.07669313251972198,0.173797607421875,0.25341662764549255,0.23409433662891388,0.17008242011070251,0.17516806721687317,0.2712479829788208,0.3283250331878662,0.27978476881980896,0.2646180987358093,0.2402571141719818,0.37441790103912354,0.3912554383277893,0.2514086365699768,0.3418293595314026,0.4132215678691864,0.33698171377182007,0.38237980008125305,0.3787131607532501,0.37382176518440247,0.35776156187057495,0.3455313444137573,0.36636072397232056,0.3944864571094513,0.4495365023612976,0.5078490376472473,0.6175349354743958,0.6759527921676636,0.5995954871177673,0.3395816683769226,0.23790663480758667,0.44012171030044556,0.44925183057785034,0.5277082920074463,0.7449098825454712,0.6775599718093872,0.5851420164108276,0.6977455019950867,0.6067687273025513,0.4263754189014435,0.3719850778579712,0.30893802642822266,0.26862114667892456,0.23210248351097107,MR
../data/DWT_NEW/MR/New_MR_130.wav,127.95944213867188,-29.05490493774414,-2.6590967178344727,4.5880303382873535,-4.910343170166016,-2.4341955184936523,10.947221755981445,3.522984266281128,-0.012250661849975586,-4.966316223144531,4.519846439361572,-3.158546209335327,3.515223979949951,4.13855504989624,0.3875778913497925,-2.4332449436187744,-2.745300769805908,-0.9325448274612427,1.1917672157287598,-0.7272167205810547,-4.6876983642578125,-1.5554307699203491,-2.2932581901550293,0.53706955909729,1.048222541809082,1.7550402879714966,3.4581687450408936,1.2936511039733887,0.5436218976974487,0.7551152110099792,1.9882657527923584,-3.363912343978882,-1.1642396450042725,0.11699849367141724,1.2116299867630005,-1.6559975147247314,-6.577171325683594,0.46158546209335327,3.9464774131774902,-1.4222893714904785,0.2469547688961029,0.28996410965919495,0.2753463089466095,0.23824843764305115,0.1770387589931488,0.09555454552173615,0.03983081877231598,0.12429214268922806,0.20287543535232544,0.24240583181381226,0.2234293520450592,0.13935989141464233,0.0768597275018692,0.22167843580245972,0.3647764027118683,0.4283427894115448,0.3780432939529419,0.23983414471149445,0.1314338594675064,0.18509702384471893,0.1585487425327301,0.16894222795963287,0.2721365988254547,0.28935229778289795,0.22907453775405884,0.23219555616378784,0.21661517024040222,0.23832708597183228,0.26011922955513,0.29375723004341125,0.31120699644088745,0.30733489990234375,0.28737303614616394,0.2673986256122589,0.24110622704029083,0.19205427169799805,0.165136456489563,0.1661187708377838,0.18198928236961365,0.22240830957889557,0.25316715240478516,0.2753620147705078,0.2803093492984772,0.2548687160015106,0.18197357654571533,0.15120060741901398,0.23343467712402344,0.28402435779571533,0.25520673394203186,0.12191981822252274,0.07059194892644882,0.22836363315582275,0.2885737717151642,0.24358507990837097,0.15385478734970093,0.21145743131637573,0.21074837446212769,0.22791121900081635,0.21827584505081177,0.20387721061706543,0.12495347857475281,MR
../data/DWT_NEW/MR/New_MR_188.wav,97.33760070800781,5.822412490844727,-1.900795340538025,7.860367298126221,2.4693164825439453,7.798806190490723,-15.527167320251465,-1.8897440433502197,7.089694023132324,11.76852798461914,1.7939752340316772,1.048947811126709,4.038633823394775,-1.357485055923462,-2.0937983989715576,-4.210361957550049,2.4779269695281982,1.8385097980499268,3.638821601867676,3.6214442253112793,-4.764826774597168,-1.1327407360076904,1.1953797340393066,-1.121652364730835,2.7897801399230957,-3.278660297393799,1.677151083946228,-0.724657416343689,-0.9046594500541687,-2.804893970489502,-5.152639865875244,-2.7860050201416016,2.3509135246276855,-0.3087806701660156,4.976718425750732,0.2754024267196655,0.8204551935195923,0.5991065502166748,1.8991637229919434,3.131427764892578,0.1522386521100998,0.39582276344299316,0.38658612966537476,0.35232239961624146,0.2905023694038391,0.210822194814682,0.1657235026359558,0.22614353895187378,0.32685303688049316,0.3989795446395874,0.40689247846603394,0.34057509899139404,0.2546365261077881,0.27379724383354187,0.32685232162475586,0.27982115745544434,0.14569656550884247,0.3173229694366455,0.5128947496414185,0.5120455026626587,0.32446959614753723,0.20680317282676697,0.23129135370254517,0.21803869307041168,0.35406023263931274,0.38550877571105957,0.277309387922287,0.2229670286178589,0.18330854177474976,0.2595439553260803,0.2563636898994446,0.20222541689872742,0.2294211983680725,0.27756035327911377,0.30005860328674316,0.33975106477737427,0.34621551632881165,0.35655876994132996,0.32698869705200195,0.24252615869045258,0.25508344173431396,0.2602814733982086,0.32936161756515503,0.44702041149139404,0.4981837868690491,0.4629631042480469,0.3953975439071655,0.4383258819580078,0.5343126654624939,0.5565568208694458,0.4754412770271301,0.30465611815452576,0.16890816390514374,0.09216523170471191,0.16724520921707153,0.18555140495300293,0.16379716992378235,0.09513579308986664,0.03893904760479927,0.11445251852273941,0.12325943261384964,MR
../data/DWT_NEW/MR/New_MR_073.wav,138.2607421875,-32.53907775878906,-6.164781093597412,4.3634138107299805,4.444354057312012,1.2097309827804565,13.28384017944336,2.89735746383667,-2.3611998558044434,-5.7899065017700195,4.986509323120117,-1.1251717805862427,3.1693124771118164,2.9687159061431885,-0.5087082982063293,-0.7043466567993164,-3.4939746856689453,-2.3723082542419434,1.8624235391616821,-1.000045657157898,-4.512041091918945,-1.7952675819396973,-2.935216188430786,1.1261873245239258,1.6503623723983765,2.1006898880004883,3.0977723598480225,0.9790145754814148,0.17941635847091675,0.41615983843803406,2.1388895511627197,-3.7145516872406006,0.02915024757385254,-0.7860045433044434,-0.5264602899551392,-1.4323383569717407,-5.858380317687988,1.0023770332336426,3.9350507259368896,-0.13163012266159058,0.2839920222759247,0.21130616962909698,0.25961804389953613,0.3094814419746399,0.35383278131484985,0.38450467586517334,0.3974428176879883,0.3877456784248352,0.35448378324508667,0.3105202317237854,0.27496033906936646,0.25627294182777405,0.2357119470834732,0.18159988522529602,0.0881541520357132,0.18664133548736572,0.33759284019470215,0.40879175066947937,0.3620481491088867,0.262833833694458,0.30507323145866394,0.32024601101875305,0.23326937854290009,0.22904831171035767,0.2579977512359619,0.2578098475933075,0.33417126536369324,0.3263396918773651,0.2501193881034851,0.2576763927936554,0.31845253705978394,0.3235752582550049,0.28203195333480835,0.290053129196167,0.2936314046382904,0.2564360499382019,0.22412428259849548,0.2016535997390747,0.1872895061969757,0.19247335195541382,0.2257455736398697,0.2681814432144165,0.29805129766464233,0.30302155017852783,0.27714166045188904,0.23073089122772217,0.1647288203239441,0.1049627959728241,0.15754812955856323,0.19922348856925964,0.21269243955612183,0.19469276070594788,0.15137448906898499,0.10395020246505737,0.13036879897117615,0.18742141127586365,0.202676460146904,0.14077416062355042,0.06571604311466217,0.127791166305542,0.16224510967731476,MR
../data/DWT_NEW/MR/New_MR_055.wav,143.54586791992188,-30.782373428344727,-10.34213924407959,6.879378318786621,8.30882740020752,7.581776142120361,12.059216499328613,7.0683913230896,-1.734529733657837,-4.994492530822754,-2.4975178241729736,-0.370294988155365,4.641144752502441,4.408208847045898,1.5507230758666992,-1.0430840253829956,0.049253880977630615,-2.5136470794677734,3.550049066543579,-2.6114654541015625,-3.454580783843994,-1.8041969537734985,0.743060290813446,-0.8205796480178833,3.7271618843078613,2.247634172439575,6.182482719421387,2.573812484741211,2.142155647277832,-3.34592342376709,-0.11121323704719543,-5.411153793334961,0.711077094078064,-1.2986576557159424,1.5261015892028809,0.6276887655258179,-3.527881622314453,-0.029129505157470703,4.023066997528076,-1.1784861087799072,0.29046913981437683,0.3193504214286804,0.3919818103313446,0.457427442073822,0.5063098669052124,0.5297643542289734,0.5275149345397949,0.5001891851425171,0.4542849659919739,0.4083443880081177,0.3738042712211609,0.3386831283569336,0.2785709500312805,0.175752192735672,0.07973475754261017,0.23133105039596558,0.3934996724128723,0.4733489453792572,0.4438225030899048,0.3416452407836914,0.2789595127105713,0.2796916663646698,0.2166498899459839,0.2080683410167694,0.296268105506897,0.29846668243408203,0.31514835357666016,0.3743439018726349,0.3367629647254944,0.27614274621009827,0.27313435077667236,0.34159696102142334,0.35466617345809937,0.3175777792930603,0.2948129177093506,0.29326045513153076,0.28857946395874023,0.2678847312927246,0.23959942162036896,0.2020733505487442,0.17624056339263916,0.23466645181179047,0.3007217347621918,0.33245810866355896,0.3111708462238312,0.244021475315094,0.13524280488491058,0.06728656589984894,0.1680068075656891,0.21907766163349152,0.2083321213722229,0.1566251814365387,0.11046004295349121,0.13035695254802704,0.1231100857257843,0.15815596282482147,0.20503218472003937,0.16914646327495575,0.07280104607343674,0.08962460607290268,0.13650701940059662,MR
../data/DWT_NEW/MR/New_MR_099.wav,150.0074462890625,-21.53961181640625,13.750402450561523,-12.290793418884277,-3.5128631591796875,-12.094223976135254,2.0932159423828125,-3.12075138092041,4.371397495269775,1.9398449659347534,-9.438758850097656,1.1819897890090942,-3.9945321083068848,5.3598432540893555,5.68447732925415,-10.88879680633545,0.582652747631073,-2.186070442199707,-1.3318067789077759,-11.525816917419434,-1.2843239307403564,5.985642433166504,-2.3099117279052734,-5.567744255065918,11.470945358276367,6.09234619140625,0.9666947722434998,-0.9927368760108948,0.28301918506622314,-5.3727126121521,-6.345536231994629,4.308124542236328,4.657499313354492,4.1660261154174805,-1.1117302179336548,-1.0962038040161133,-1.0193885564804077,-1.067921757698059,5.66459321975708,3.564663887023926,0.3667014539241791,0.25850048661231995,0.2854209542274475,0.29832780361175537,0.28525036573410034,0.24073010683059692,0.17672351002693176,0.1279095709323883,0.13312891125679016,0.14151975512504578,0.10083828121423721,0.05395125597715378,0.15792295336723328,0.21953421831130981,0.1867370903491974,0.09494006633758545,0.04034576937556267,0.1026548519730568,0.28571653366088867,0.39337673783302307,0.31868666410446167,0.1917719542980194,0.16726724803447723,0.3866698145866394,0.4545702338218689,0.37097102403640747,0.3117554187774658,0.2965725064277649,0.42064136266708374,0.4082431495189667,0.23357148468494415,0.3146948516368866,0.41276276111602783,0.3688720464706421,0.4607624113559723,0.4935230612754822,0.4791181683540344,0.4605327248573303,0.4015563726425171,0.40153777599334717,0.41582244634628296,0.45927560329437256,0.5234299898147583,0.6363911628723145,0.7184067964553833,0.6898490190505981,0.4795609712600708,0.3509451150894165,0.3519282937049866,0.40986865758895874,0.6151586174964905,0.8426790237426758,0.7683160305023193,0.6616575717926025,0.7597318887710571,0.6671354174613953,0.5012956857681274,0.42363613843917847,0.3339530825614929,0.258091002702713,0.22482213377952576,MR
../data/DWT_NEW/MR/New_MR_028.wav,134.6473846435547,-35.30082321166992,-22.81247329711914,-5.758794784545898,-9.382987976074219,-1.8882081508636475,4.266648292541504,3.053729295730591,-1.9228771924972534,-4.198704242706299,-1.5022447109222412,-2.236985206604004,1.4720934629440308,2.424436092376709,-0.8858792781829834,-5.514997959136963,-2.920635223388672,-7.4137773513793945,0.49415522813796997,-7.223556041717529,-5.7550435066223145,-3.4962759017944336,0.5451048612594604,1.2758610248565674,2.859498977661133,-0.26726022362709045,1.0433776378631592,-0.4377133250236511,-0.8261144757270813,0.2835842967033386,1.8842447996139526,-4.386190414428711,-0.7158734798431396,-0.28719156980514526,-0.6939258575439453,-0.1811210811138153,-4.87699556350708,1.1137487888336182,2.4950270652770996,0.028173208236694336,0.2659899592399597,0.02615886554121971,0.014697736129164696,0.02022686041891575,0.040524400770664215,0.0634610578417778,0.08469018340110779,0.0997028797864914,0.10297280550003052,0.09082067012786865,0.061762481927871704,0.026861807331442833,0.0748390257358551,0.14348337054252625,0.19777360558509827,0.21975120902061462,0.19647863507270813,0.13038264214992523,0.06009095162153244,0.0781463235616684,0.1026121973991394,0.11303039640188217,0.200407475233078,0.2654520869255066,0.24921557307243347,0.17374129593372345,0.12522214651107788,0.13007162511348724,0.14769291877746582,0.18855449557304382,0.18914161622524261,0.15864580869674683,0.12157464027404785,0.13707032799720764,0.16534371674060822,0.14682522416114807,0.1207902580499649,0.11389236897230148,0.11818033456802368,0.13052435219287872,0.15769249200820923,0.21054978668689728,0.2779242992401123,0.3222481608390808,0.3293997347354889,0.28291139006614685,0.19701334834098816,0.09631206095218658,0.12798020243644714,0.14435234665870667,0.1210036426782608,0.12183620035648346,0.10983484238386154,0.15077480673789978,0.22801357507705688,0.19363953173160553,0.09402984380722046,0.14528794586658478,0.1442105621099472,0.14598745107650757,0.15386967360973358,MR
../data/DWT_NEW/MR/New_MR_177.wav,135.12451171875,-36.007080078125,-6.855378150939941,0.013966798782348633,-0.46812254190444946,-1.8779966831207275,11.691427230834961,1.410865306854248,0.541015625,-6.18089485168457,4.666895389556885,-7.300990104675293,0.8838245868682861,4.10421085357666,0.38256871700286865,-1.5901743173599243,-3.8403079509735107,-1.7357313632965088,0.4816778898239136,-2.499056339263916,-8.02155876159668,-1.4151146411895752,-3.0519628524780273,1.490828514099121,0.9317586421966553,0.3461008667945862,1.8067275285720825,-1.8170515298843384,-0.5768450498580933,0.309994637966156,2.021470069885254,-5.273502349853516,-2.3507981300354004,-1.7262588739395142,0.5056708455085754,-2.5091094970703125,-4.892759323120117,1.2553588151931763,3.4237210750579834,-1.6200971603393555,0.2860439121723175,0.1620086133480072,0.1846855878829956,0.20539258420467377,0.22037209570407867,0.22580751776695251,0.22120091319084167,0.20586609840393066,0.18165504932403564,0.15691812336444855,0.1413639485836029,0.13972795009613037,0.15050524473190308,0.18060775101184845,0.2273385226726532,0.28420543670654297,0.3283940553665161,0.32948458194732666,0.28113242983818054,0.20447367429733276,0.16256244480609894,0.205791175365448,0.25457143783569336,0.2690655589103699,0.2435477077960968,0.20243273675441742,0.157919779419899,0.17588002979755402,0.17571979761123657,0.08781972527503967,0.16029411554336548,0.194056898355484,0.13959893584251404,0.08758832514286041,0.16595149040222168,0.1750403344631195,0.14446529746055603,0.14402985572814941,0.14126037061214447,0.13709363341331482,0.14304561913013458,0.18466848134994507,0.2425624132156372,0.28448963165283203,0.29138118028640747,0.24623943865299225,0.16166186332702637,0.085396908223629,0.15760567784309387,0.1813836246728897,0.16876129806041718,0.1575806438922882,0.10535934567451477,0.09705772250890732,0.2071836292743683,0.19184377789497375,0.06508487462997437,0.09457460045814514,0.1443914771080017,0.1937471628189087,0.206788569688797,MR
../data/DWT_NEW/MR/New_MR_068.wav,133.24850463867188,-34.75943374633789,-16.706331253051758,4.614436149597168,8.020700454711914,8.53104019165039,11.951253890991211,6.033544063568115,-0.7476398944854736,-7.224268913269043,-5.3354997634887695,-1.0232950448989868,4.551156997680664,4.473644256591797,-0.603306770324707,-1.579569697380066,-1.6149213314056396,-6.767154216766357,1.6652584075927734,-5.913063049316406,-5.030336380004883,-0.9172240495681763,4.586575508117676,2.468231201171875,5.255707740783691,2.5015907287597656,5.848773002624512,1.3041269779205322,1.2693768739700317,-3.2716400623321533,0.539085865020752,-5.684423923492432,1.7308025360107422,1.9024204015731812,2.9939489364624023,1.7652720212936401,-3.4306507110595703,-0.6542671918869019,2.7505736351013184,-1.680254340171814,0.26884427666664124,0.2350406050682068,0.29375284910202026,0.3428831100463867,0.37361449003219604,0.3781034052371979,0.3562328815460205,0.31095999479293823,0.25405246019363403,0.2105312943458557,0.19627602398395538,0.18955139815807343,0.15843674540519714,0.09523507207632065,0.05712200701236725,0.15722432732582092,0.25426894426345825,0.31012070178985596,0.3075926601886749,0.23861441016197205,0.13549251854419708,0.1643899828195572,0.1737544983625412,0.1863333284854889,0.2986551821231842,0.3202279210090637,0.30781644582748413,0.3454541265964508,0.3474488854408264,0.3392375409603119,0.34661316871643066,0.3692721724510193,0.3457608222961426,0.28900855779647827,0.2521766424179077,0.23198436200618744,0.21361248195171356,0.1976548284292221,0.1821475625038147,0.1573759764432907,0.1131914034485817,0.13771647214889526,0.20780636370182037,0.24936147034168243,0.2418026328086853,0.19524867832660675,0.14565937221050262,0.09816604852676392,0.11717216670513153,0.15351048111915588,0.16498979926109314,0.15730002522468567,0.15843406319618225,0.17442786693572998,0.11891362071037292,0.08207817375659943,0.1626434028148651,0.14568917453289032,0.06326106190681458,0.07104186713695526,0.10921119898557663,MR
../data/DWT_NEW/MR/New_MR_133.wav,138.75318908691406,-36.94981002807617,-9.692708969116211,-0.7621104717254639,2.0079550743103027,2.3249921798706055,11.685239791870117,0.912070631980896,-3.0743000507354736,-5.366016387939453,3.131981134414673,-1.0205376148223877,-0.6867548823356628,3.0027401447296143,-2.119614601135254,-1.6526379585266113,-2.949164390563965,-4.5416436195373535,1.8243848085403442,-2.3038852214813232,-3.8205697536468506,-2.895310163497925,-1.6609233617782593,2.491671562194824,1.789381742477417,1.7087624073028564,3.249415397644043,0.46262460947036743,0.4906129837036133,1.2433152198791504,2.578430414199829,-2.8717575073242188,-0.9377890825271606,-2.461409091949463,-1.0371129512786865,-0.6110830903053284,-5.37613582611084,1.1924502849578857,4.466531753540039,0.9827821850776672,0.29130253195762634,0.13664039969444275,0.15911075472831726,0.1864406168460846,0.2164759337902069,0.24486246705055237,0.26802054047584534,0.28010183572769165,0.275674045085907,0.2568873167037964,0.22960937023162842,0.19941169023513794,0.1677345186471939,0.1248834878206253,0.07165483385324478,0.1329594850540161,0.22848084568977356,0.2744411826133728,0.24695947766304016,0.21205708384513855,0.2689652740955353,0.26708099246025085,0.1877085268497467,0.20120418071746826,0.22368118166923523,0.24164831638336182,0.31857773661613464,0.3136186897754669,0.2734660804271698,0.2783961892127991,0.3323180079460144,0.3416100740432739,0.29934272170066833,0.2778165936470032,0.279400497674942,0.24628517031669617,0.19653841853141785,0.16923898458480835,0.16481414437294006,0.17665570974349976,0.19323888421058655,0.21434521675109863,0.21926409006118774,0.20535233616828918,0.17240452766418457,0.1322403848171234,0.07621168345212936,0.09525905549526215,0.1591334491968155,0.18512572348117828,0.18572592735290527,0.1797788143157959,0.17211315035820007,0.1340498924255371,0.0948132872581482,0.19313743710517883,0.244421124458313,0.16962352395057678,0.018855620175600052,0.13274748623371124,0.17794515192508698,MR
../data/DWT_NEW/MR/New_MR_141.wav,128.25506591796875,-27.98876190185547,-4.382706165313721,8.129400253295898,7.270473957061768,8.048362731933594,15.633782386779785,4.840757846832275,-1.9899201393127441,-10.586556434631348,-0.5361610054969788,-0.7779574394226074,8.564175605773926,6.992072105407715,1.0811553001403809,-0.7907077670097351,-5.0930986404418945,-4.84021520614624,-2.7156875133514404,-0.2900426387786865,-5.5185227394104,2.5203804969787598,2.5883450508117676,2.4672646522521973,2.3415656089782715,1.1713484525680542,1.6154165267944336,2.597036361694336,1.0870108604431152,-0.7690056562423706,2.5765726566314697,-2.2111270427703857,-1.5806915760040283,-0.5978564620018005,-1.6263521909713745,0.26187437772750854,-5.30416202545166,-0.5125540494918823,3.8365392684936523,0.5372280478477478,0.24584326148033142,0.4206472635269165,0.4030122458934784,0.35390713810920715,0.27088791131973267,0.15909823775291443,0.06898200511932373,0.1720370054244995,0.2926844358444214,0.3694736957550049,0.3734273910522461,0.29018062353134155,0.16347816586494446,0.23890145123004913,0.41414016485214233,0.5078508257865906,0.45547133684158325,0.2782357931137085,0.1783563196659088,0.30373963713645935,0.3179181218147278,0.2264517992734909,0.34186387062072754,0.38799744844436646,0.29887595772743225,0.2005317360162735,0.17703428864479065,0.31561803817749023,0.38927504420280457,0.3332332968711853,0.22412848472595215,0.31646525859832764,0.38600271940231323,0.3269864022731781,0.26890984177589417,0.2600339353084564,0.20008905231952667,0.13236694037914276,0.11598697304725647,0.1464032530784607,0.19052192568778992,0.2209518402814865,0.23256251215934753,0.22644203901290894,0.18412762880325317,0.11056780815124512,0.13897083699703217,0.18110033869743347,0.16348424553871155,0.08785178512334824,0.10276825726032257,0.20501160621643066,0.2507854998111725,0.21768750250339508,0.28120332956314087,0.3447697162628174,0.3312833309173584,0.2923641800880432,0.23077553510665894,0.1834140121936798,0.1049596518278122,MR
../data/DWT_NEW/MR/New_MR_005.wav,92.44422912597656,-46.24142074584961,3.616377830505371,-3.6172068119049072,6.539782524108887,6.776928424835205,-5.853959083557129,0.3711448907852173,-5.078498840332031,0.2905946969985962,-1.599526286125183,-2.159761428833008,12.864856719970703,-1.3784831762313843,-0.4411041736602783,-3.809584617614746,6.027122497558594,2.543530225753784,-0.6455765962600708,0.8659563064575195,0.08976379036903381,-4.463625907897949,3.7797560691833496,-0.6442750096321106,-5.037447929382324,4.9280266761779785,0.26330190896987915,-2.4645450115203857,-1.7469273805618286,-1.9529304504394531,-1.4986581802368164,-1.2067166566848755,-3.9233555793762207,-3.0209169387817383,2.138817071914673,-0.5847773551940918,4.591704368591309,3.5339512825012207,-3.3364415168762207,2.9646048545837402,0.20057204365730286,0.09830832481384277,0.10896843671798706,0.12413229793310165,0.14238782227039337,0.16236819326877594,0.18302585184574127,0.20234620571136475,0.21600741147994995,0.22250863909721375,0.21918423473834991,0.20108287036418915,0.16982118785381317,0.12014604359865189,0.07231055200099945,0.025656459853053093,0.020059099420905113,0.06756938993930817,0.12191314250230789,0.17514832317829132,0.2075890451669693,0.20414672791957855,0.17089438438415527,0.1448173075914383,0.14063292741775513,0.1025114431977272,0.04839853197336197,0.12966899573802948,0.18938790261745453,0.1789214015007019,0.1377495378255844,0.09786374121904373,0.05906270444393158,0.059081658720970154,0.16519063711166382,0.22595658898353577,0.18150217831134796,0.08937189728021622,0.08218436688184738,0.11989432573318481,0.1485564261674881,0.1813460886478424,0.20461176335811615,0.15111134946346283,0.08489441871643066,0.12181581556797028,0.1670590341091156,0.17882776260375977,0.17328324913978577,0.14343637228012085,0.08135470747947693,0.07729744166135788,0.17312976717948914,0.24814392626285553,0.2779272198677063,0.21643076837062836,0.11698184907436371,0.08441390097141266,0.06401963531970978,0.04525848105549812,0.16213467717170715,MR
../data/DWT_NEW/MR/New_MR_015.wav,121.99971771240234,-43.43119812011719,-5.514518737792969,8.602725982666016,-11.166934967041016,3.9640603065490723,-4.551728248596191,9.737483978271484,-6.20095157623291,-0.3209122121334076,-4.459188461303711,-0.9803544282913208,4.922764778137207,-3.9097628593444824,-4.9664506912231445,-5.303808689117432,2.2762699127197266,2.448399066925049,-2.8631653785705566,-4.316088676452637,-0.19800937175750732,-4.985459327697754,-2.6220295429229736,1.2849880456924438,1.904252290725708,3.6365444660186768,3.1702191829681396,-0.08845829963684082,-0.7038998603820801,3.220121383666992,2.6715052127838135,3.7086164951324463,2.784095048904419,-0.5046806335449219,-3.246192455291748,1.0616023540496826,0.46369481086730957,-2.1781980991363525,-2.652400493621826,1.5338215827941895,0.2722979187965393,0.0675995945930481,0.07503323256969452,0.0848521813750267,0.097225122153759,0.11278136819601059,0.13322985172271729,0.1575915813446045,0.18162600696086884,0.2002466320991516,0.20588642358779907,0.1893254965543747,0.1478683352470398,0.08021081984043121,0.008609338663518429,0.049262091517448425,0.07026900351047516,0.05631037801504135,0.08948640525341034,0.16159269213676453,0.18310756981372833,0.10844259709119797,0.055788423866033554,0.2014191895723343,0.23991933465003967,0.1588817834854126,0.12183259427547455,0.08369411528110504,0.0786888524889946,0.19682715833187103,0.1986907422542572,0.1264103502035141,0.020280316472053528,0.10566262155771255,0.14291034638881683,0.11875297129154205,0.09049472957849503,0.1437847763299942,0.18807923793792725,0.19813980162143707,0.2181987166404724,0.22193187475204468,0.19711372256278992,0.1270620971918106,0.03688223287463188,0.05118074640631676,0.09451588243246078,0.08202248811721802,0.049975838512182236,0.12208066135644913,0.22019530832767487,0.22500263154506683,0.11762873083353043,0.021810226142406464,0.09387724846601486,0.21197421848773956,0.21868260204792023,0.10417266190052032,0.090297169983387,0.12734994292259216,0.10045615583658218,MR
../data/DWT_NEW/MR/New_MR_069.wav,131.46493530273438,-34.159141540527344,-14.432707786560059,2.8204703330993652,9.639078140258789,7.8389105796813965,14.66690444946289,0.620948314666748,1.682640790939331,-8.801843643188477,-2.5915780067443848,-3.297532320022583,4.041192531585693,1.14206862449646,-0.08847728371620178,0.7772858738899231,-2.4050188064575195,-3.763364315032959,0.018988341093063354,-4.3239946365356445,-5.776828765869141,1.0583455562591553,1.9531617164611816,4.769747257232666,6.052933216094971,4.516616344451904,4.099341869354248,0.8952059149742126,-1.0114409923553467,-2.526094913482666,0.30850839614868164,-5.146611213684082,-0.6768544912338257,1.3365415334701538,2.833421230316162,3.8696036338806152,0.3696464002132416,1.3132119178771973,3.2387845516204834,-1.6180601119995117,0.26570186018943787,0.28002530336380005,0.26805490255355835,0.2415435016155243,0.20204386115074158,0.15789833664894104,0.1331595629453659,0.1491663157939911,0.18504634499549866,0.21130219101905823,0.21384529769420624,0.19475698471069336,0.183815598487854,0.21046578884124756,0.24441629648208618,0.24539044499397278,0.19506679475307465,0.12626896798610687,0.1596180945634842,0.20827583968639374,0.20880411565303802,0.23886504769325256,0.3112333118915558,0.3069848120212555,0.21599379181861877,0.12151573598384857,0.16256830096244812,0.28321605920791626,0.32268452644348145,0.2467239946126938,0.18214571475982666,0.22522512078285217,0.2770995497703552,0.24073383212089539,0.22436538338661194,0.21870659291744232,0.17065930366516113,0.12516574561595917,0.09836622327566147,0.10569459944963455,0.13685709238052368,0.1755865514278412,0.21158790588378906,0.2368031144142151,0.23745669424533844,0.2145477533340454,0.17108498513698578,0.11500629037618637,0.08367130905389786,0.1379050463438034,0.20732271671295166,0.2552630603313446,0.2493552267551422,0.22269847989082336,0.2828385829925537,0.2935008406639099,0.3004593849182129,0.329679399728775,0.27451103925704956,0.21516531705856323,0.1075216680765152,MR
../data/DWT_NEW/MR/New_MR_078.wav,146.993408203125,-27.024988174438477,-2.4638333320617676,10.180720329284668,9.082207679748535,5.658429145812988,12.389825820922852,3.5610973834991455,1.4220995903015137,-5.429835796356201,-1.889269232749939,-3.0818028450012207,6.801901817321777,1.9700721502304077,-1.3255131244659424,-3.934786796569824,-1.669546127319336,-2.8836426734924316,4.080361366271973,1.3166402578353882,-3.715550422668457,0.4025346040725708,0.5789656639099121,-0.8992466330528259,2.345029830932617,1.5421730279922485,4.830305576324463,1.794636845588684,0.7435904741287231,-2.0616374015808105,-0.7455710172653198,-4.7882304191589355,-1.1554813385009766,0.07214787602424622,0.12446025013923645,1.5110623836517334,-4.277470588684082,0.527917742729187,2.892503261566162,-1.356414794921875,0.30042925477027893,0.4019235670566559,0.443434476852417,0.4737226366996765,0.48698681592941284,0.48023831844329834,0.4616619944572449,0.4413013458251953,0.42974668741226196,0.43244850635528564,0.4330819249153137,0.40126800537109375,0.32563692331314087,0.24837765097618103,0.29452070593833923,0.4392753541469574,0.5420867204666138,0.5374276041984558,0.4501887559890747,0.3863763213157654,0.3869932293891907,0.349153071641922,0.3288630247116089,0.38735395669937134,0.3498186469078064,0.21404308080673218,0.2600700259208679,0.3849310278892517,0.3670560419559479,0.21456044912338257,0.28811031579971313,0.41560888290405273,0.39309558272361755,0.2962096929550171,0.3578093349933624,0.3569152355194092,0.30345457792282104,0.2996881902217865,0.2835162281990051,0.23556384444236755,0.1816159039735794,0.14328983426094055,0.19501139223575592,0.2760339379310608,0.31274381279945374,0.27483704686164856,0.1728850156068802,0.07468073070049286,0.18244287371635437,0.27309370040893555,0.30373674631118774,0.24299024045467377,0.09891815483570099,0.18293258547782898,0.3232961893081665,0.2671854496002197,0.075410857796669,0.1423347294330597,0.1502448171377182,0.14131179451942444,0.16711163520812988,MR
../data/DWT_NEW/MR/New_MR_183.wav,142.30584716796875,-28.081392288208008,-7.132146835327148,2.7236928939819336,3.904186248779297,2.7290964126586914,11.000592231750488,3.379110336303711,-1.9916495084762573,-2.1100146770477295,2.72243070602417,1.8209466934204102,6.849104404449463,5.216225624084473,0.6291019320487976,-3.1004104614257812,-1.8189315795898438,-4.182354927062988,2.731447219848633,0.24836665391921997,-3.65865421295166,-1.09226393699646,0.8526840806007385,1.9732438325881958,0.39361435174942017,2.4685916900634766,0.986454963684082,2.403550148010254,-1.1795244216918945,-2.1476807594299316,0.06470024585723877,-4.101284027099609,-2.374112367630005,-0.07525330781936646,0.5964916944503784,1.5660167932510376,-2.5798678398132324,2.892486572265625,2.8508424758911133,-0.5026121139526367,0.27706485986709595,0.32751771807670593,0.36340802907943726,0.3863663077354431,0.3921361565589905,0.3793486952781677,0.3575572371482849,0.3407488465309143,0.3431115746498108,0.36546218395233154,0.3826051354408264,0.35823434591293335,0.2751477360725403,0.14735260605812073,0.14864787459373474,0.30806300044059753,0.41702237725257874,0.4202076196670532,0.3362604081630707,0.28087273240089417,0.3252596855163574,0.31118184328079224,0.22157038748264313,0.24365822970867157,0.2781612277030945,0.22031143307685852,0.22413702309131622,0.2933901250362396,0.25696316361427307,0.17721664905548096,0.206887885928154,0.27940037846565247,0.2753666043281555,0.2413257658481598,0.2706638276576996,0.29230374097824097,0.287389874458313,0.2758127748966217,0.2626159191131592,0.23144817352294922,0.21304796636104584,0.24603542685508728,0.3205283284187317,0.38224339485168457,0.39069342613220215,0.3255919814109802,0.21688413619995117,0.1761689931154251,0.2393456995487213,0.26849934458732605,0.25091198086738586,0.19266100227832794,0.09430393576622009,0.172910675406456,0.27471646666526794,0.21741418540477753,0.06401994824409485,0.12306316196918488,0.13607996702194214,0.1601594239473343,0.17443759739398956,MR
../data/DWT_NEW/MR/New_MR_147.wav,142.92819213867188,-30.353349685668945,-0.06405952572822571,3.540048360824585,-0.16216611862182617,0.7776234149932861,11.008633613586426,5.6371307373046875,0.06391263008117676,-2.319934129714966,4.065821647644043,-2.7145071029663086,3.4598522186279297,4.991606712341309,0.4070900082588196,-4.164144515991211,-1.8647602796554565,-3.267887592315674,3.2699217796325684,-0.596121609210968,-2.914205312728882,-3.5602517127990723,-0.4709283113479614,1.1656420230865479,1.8522968292236328,1.6483747959136963,1.8211987018585205,1.3981359004974365,1.3090119361877441,0.3307343125343323,1.813719391822815,-2.4329681396484375,-0.36802938580513,1.044251561164856,3.068571090698242,-0.6492524743080139,-4.747154235839844,1.3303656578063965,2.2638001441955566,-1.7206053733825684,0.296641081571579,0.4153684973716736,0.396370530128479,0.3458363115787506,0.2616816759109497,0.14803427457809448,0.04001634195446968,0.15196403861045837,0.2662571668624878,0.33299970626831055,0.3253971338272095,0.2282024323940277,0.08901721239089966,0.22409071028232574,0.42154890298843384,0.5270981192588806,0.48391804099082947,0.30969271063804626,0.14946523308753967,0.22905400395393372,0.2162955105304718,0.21351715922355652,0.3592180907726288,0.38597625494003296,0.28435081243515015,0.2829710841178894,0.28815415501594543,0.35154345631599426,0.3824295401573181,0.3833007216453552,0.37601709365844727,0.3758387565612793,0.35387206077575684,0.3101816475391388,0.26437002420425415,0.2083582878112793,0.14861205220222473,0.17776645720005035,0.22249576449394226,0.25729745626449585,0.26874059438705444,0.2664577066898346,0.25363481044769287,0.23275884985923767,0.18198636174201965,0.18251733481884003,0.24892623722553253,0.29143697023391724,0.2694419026374817,0.16020934283733368,0.09695082157850266,0.18643638491630554,0.25425755977630615,0.24568383395671844,0.2064756453037262,0.23452934622764587,0.22821977734565735,0.23861461877822876,0.22762447595596313,0.20981848239898682,0.13654987514019012,MR
../data/DWT_NEW/MR/New_MR_119.wav,141.76388549804688,-33.21036148071289,-7.095364570617676,1.011796236038208,-0.6450321674346924,1.8445650339126587,14.369606018066406,6.3660664558410645,-0.35761070251464844,-2.2331082820892334,4.792671203613281,-0.020517826080322266,5.266140460968018,6.387906551361084,0.9358556270599365,-3.4869046211242676,-1.772003412246704,-4.867893695831299,3.0607662200927734,-1.5403165817260742,-2.414036989212036,-0.10697135329246521,1.2915910482406616,2.0892224311828613,1.407731294631958,0.8440056443214417,1.2194563150405884,1.1169298887252808,-0.13309644162654877,-0.7319601774215698,2.5162839889526367,-3.4689011573791504,0.07646289467811584,-1.428078293800354,0.8330203294754028,-0.7866898775100708,-5.217624187469482,0.9934821128845215,3.5015177726745605,-1.17093026638031,0.29588308930397034,0.3825657069683075,0.3737415671348572,0.3356941342353821,0.2660781145095825,0.17095983028411865,0.09781458973884583,0.16861829161643982,0.27524614334106445,0.34463661909103394,0.3433935046195984,0.2515277564525604,0.10320375859737396,0.19468998908996582,0.39252638816833496,0.5014165639877319,0.46059393882751465,0.2860584855079651,0.14383752644062042,0.2161140888929367,0.20772257447242737,0.19023020565509796,0.3313763737678528,0.3762630820274353,0.27924248576164246,0.19909925758838654,0.19891051948070526,0.24175649881362915,0.27524861693382263,0.27509284019470215,0.2694142758846283,0.28053826093673706,0.27704375982284546,0.2409733682870865,0.21234700083732605,0.17679157853126526,0.13195262849330902,0.11418938636779785,0.12972679734230042,0.1775653064250946,0.21389085054397583,0.2406969666481018,0.2442774474620819,0.222447007894516,0.16817662119865417,0.21557994186878204,0.2878485321998596,0.3128473162651062,0.258014440536499,0.11322906613349915,0.09286248683929443,0.24225810170173645,0.30904093384742737,0.2833567261695862,0.25548988580703735,0.29823243618011475,0.27185723185539246,0.2813871502876282,0.25850582122802734,0.232214093208313,0.15082599222660065,MR
../data/DWT_NEW/MR/New_MR_058.wav,139.54446411132812,-30.199398040771484,-8.545089721679688,7.10110330581665,6.551443099975586,10.520536422729492,16.2484073638916,5.34827995300293,-3.7139928340911865,-9.641746520996094,-1.023529291152954,-1.2204649448394775,7.529390811920166,6.593463897705078,1.5285546779632568,-0.14401200413703918,-5.187556266784668,-6.624134063720703,-1.6335245370864868,-2.459461212158203,-4.379802703857422,5.124342441558838,3.822573661804199,4.005297660827637,4.369349956512451,1.1559557914733887,2.1964309215545654,0.6783531904220581,-1.740065097808838,-1.951568365097046,1.5917404890060425,-1.7317968606948853,0.2805478572845459,1.4118820428848267,1.4103505611419678,1.4216173887252808,-4.465829372406006,0.33945634961128235,3.382197380065918,-0.6973884105682373,0.2768140733242035,0.4630221128463745,0.43765804171562195,0.37766820192337036,0.28126853704452515,0.15290099382400513,0.04034213721752167,0.16373607516288757,0.2880423069000244,0.36063653230667114,0.35704565048217773,0.2657274007797241,0.1280803680419922,0.21842069923877716,0.39591193199157715,0.4907703995704651,0.4456920027732849,0.2764105796813965,0.15224513411521912,0.2566225826740265,0.28001686930656433,0.20455169677734375,0.349340558052063,0.407878041267395,0.3184382915496826,0.19876894354820251,0.17898330092430115,0.3424263298511505,0.42323005199432373,0.3437292277812958,0.1833575963973999,0.29053664207458496,0.358769029378891,0.27162688970565796,0.1929481029510498,0.1956050992012024,0.12550635635852814,0.06703276932239532,0.07062137126922607,0.11216685175895691,0.14482556283473969,0.1833515167236328,0.21169957518577576,0.21914072334766388,0.1944323033094406,0.16937033832073212,0.20128434896469116,0.20043852925300598,0.14915131032466888,0.09706902503967285,0.16909310221672058,0.26436281204223633,0.30112504959106445,0.2619273066520691,0.34944066405296326,0.395654559135437,0.3746878504753113,0.35852253437042236,0.2933453321456909,0.2288040816783905,0.1379089057445526,MR
../data/DWT_NEW/MR/New_MR_191.wav,108.1172866821289,5.181148052215576,-11.195455551147461,-7.695425987243652,1.8965249061584473,4.316411018371582,-14.299602508544922,0.22452867031097412,-0.15929317474365234,6.224320411682129,-1.4944090843200684,-5.799956321716309,3.8998098373413086,1.9419740438461304,7.311275482177734,-4.336136817932129,-4.244498252868652,-5.2546281814575195,1.1606351137161255,-4.867081642150879,1.2107086181640625,2.474400520324707,-0.6819533109664917,0.9898503422737122,-1.4176565408706665,7.801453590393066,3.0060410499572754,3.6169495582580566,4.059996604919434,0.4665253758430481,-0.5033659934997559,-3.90537691116333,-0.21028637886047363,6.009788513183594,-0.4668170213699341,0.8682644963264465,2.1011757850646973,-2.7823572158813477,0.5411628484725952,3.1174144744873047,0.16920889914035797,0.20461878180503845,0.20266297459602356,0.2045932412147522,0.21457305550575256,0.23085585236549377,0.24750234186649323,0.2539307773113251,0.2409544438123703,0.2084648609161377,0.16173261404037476,0.10886335372924805,0.06059044599533081,0.0481593944132328,0.09903623908758163,0.14428254961967468,0.14923566579818726,0.10215947031974792,0.0764375552535057,0.16015690565109253,0.214168518781662,0.24185867607593536,0.27584829926490784,0.2704482972621918,0.20507070422172546,0.2304898351430893,0.2939761281013489,0.24207741022109985,0.13492316007614136,0.19150042533874512,0.31488245725631714,0.32431381940841675,0.2173955738544464,0.2307318150997162,0.2541951835155487,0.15352562069892883,0.06025340408086777,0.09640857577323914,0.22257891297340393,0.3291255235671997,0.36281344294548035,0.33473509550094604,0.28937670588493347,0.3608487844467163,0.42436137795448303,0.4419538974761963,0.39248859882354736,0.3635687828063965,0.41760149598121643,0.41889578104019165,0.3301437795162201,0.20805883407592773,0.32322585582733154,0.5437362194061279,0.6905517578125,0.6416962146759033,0.4655281901359558,0.2995719313621521,0.3192375898361206,0.3658362030982971,0.3620220124721527,MR
../data/DWT_NEW/MR/New_MR_126.wav,134.52120971679688,-36.99195098876953,-9.341715812683105,-3.280805826187134,-7.351111888885498,-2.160614490509033,11.045921325683594,2.1262528896331787,-1.018959879875183,-5.958578109741211,7.132957458496094,-0.9270223379135132,5.084709167480469,5.0829362869262695,0.7023015022277832,-2.454153060913086,-3.8408215045928955,-2.054320812225342,0.14183741807937622,-1.3241593837738037,-5.176796913146973,-0.10223999619483948,-1.6441460847854614,2.7996294498443604,0.3886885643005371,2.501455068588257,3.7811121940612793,0.027469992637634277,0.6025886535644531,0.33002156019210815,2.1294145584106445,-3.530121088027954,-0.08319982886314392,0.6076465249061584,0.9482221007347107,-1.20419442653656,-4.893912315368652,0.9641852974891663,2.130654811859131,-2.3701415061950684,0.2808256149291992,0.20902732014656067,0.2035389244556427,0.18358558416366577,0.14948655664920807,0.10894131660461426,0.09251327812671661,0.12683819234371185,0.17451956868171692,0.20277339220046997,0.19234447181224823,0.13365910947322845,0.05325867980718613,0.14069871604442596,0.2556883692741394,0.3203917145729065,0.2991243004798889,0.19680537283420563,0.08710332959890366,0.10212034732103348,0.09902369230985641,0.11983712017536163,0.21927298605442047,0.2508224844932556,0.19163182377815247,0.14100782573223114,0.13451120257377625,0.16007748246192932,0.18879027664661407,0.2275756299495697,0.25113633275032043,0.22741371393203735,0.20301246643066406,0.21302947402000427,0.2004978060722351,0.15826460719108582,0.1289171278476715,0.12145402282476425,0.14613117277622223,0.1901429295539856,0.22027528285980225,0.24900655448436737,0.26678186655044556,0.26016831398010254,0.21646647155284882,0.22565396130084991,0.2773106098175049,0.30015456676483154,0.26222747564315796,0.14079909026622772,0.09366291761398315,0.20669633150100708,0.278036504983902,0.2666677236557007,0.23747822642326355,0.2492075264453888,0.23163481056690216,0.25595512986183167,0.23700465261936188,0.2060582935810089,0.11650392413139343,MR
../data/DWT_NEW/MR/New_MR_150.wav,134.30206298828125,-35.36669158935547,-13.24194049835205,-1.2656508684158325,3.7349960803985596,3.101541757583618,14.641836166381836,6.738708972930908,4.323894500732422,-8.954022407531738,-3.1730687618255615,-5.400341987609863,4.962617874145508,2.522188663482666,-1.2582862377166748,0.28714826703071594,-4.613102436065674,-0.7462729215621948,-2.359621047973633,-4.397218704223633,-5.853549480438232,3.298020839691162,1.9038690328598022,5.675796985626221,4.421361923217773,3.2461037635803223,2.0142974853515625,1.8314099311828613,-0.36189132928848267,-0.3815493583679199,2.5630297660827637,-1.1902134418487549,2.298679828643799,1.9803247451782227,0.6517438888549805,1.5437004566192627,-3.1935222148895264,-1.0718739032745361,1.7144224643707275,-1.8215259313583374,0.2732008993625641,0.23436333239078522,0.2551316022872925,0.2652277946472168,0.26319774985313416,0.25019150972366333,0.23458828032016754,0.22520312666893005,0.22632986307144165,0.2335539311170578,0.2322957068681717,0.205976665019989,0.15179625153541565,0.0857543796300888,0.11171659082174301,0.18109819293022156,0.20741373300552368,0.17397373914718628,0.12522132694721222,0.1793770045042038,0.21209122240543365,0.16765616834163666,0.1536225527524948,0.25260090827941895,0.27353811264038086,0.2169315218925476,0.2033294439315796,0.23769986629486084,0.23521621525287628,0.28635454177856445,0.3001188039779663,0.2909203767776489,0.2675011157989502,0.23990461230278015,0.22961345314979553,0.19899839162826538,0.16300258040428162,0.11931324750185013,0.08854299783706665,0.06801434606313705,0.05325799435377121,0.07054343819618225,0.13394251465797424,0.18907392024993896,0.2187110334634781,0.21054160594940186,0.174504816532135,0.13102172315120697,0.10286739468574524,0.10531440377235413,0.12044702470302582,0.10877461731433868,0.07072343677282333,0.13229632377624512,0.19310589134693146,0.15260210633277893,0.04719114676117897,0.11215358972549438,0.1342698037624359,0.13210870325565338,0.10734032094478607,MR
../data/DWT_NEW/MR/New_MR_082.wav,56.121368408203125,-16.164752960205078,20.163131713867188,-11.449935913085938,-11.757728576660156,11.946264266967773,-19.353618621826172,16.27815055847168,-11.124368667602539,-2.393892288208008,-4.1730194091796875,1.1964818239212036,8.501379013061523,-3.8825902938842773,-0.08236417174339294,2.8672797679901123,0.847280740737915,-6.1751275062561035,0.5720290541648865,-11.609402656555176,-2.868471145629883,4.056823253631592,1.3160884380340576,-5.934684753417969,-4.062479019165039,-6.175429344177246,-1.8367469310760498,0.1335005760192871,-2.6218624114990234,-1.1863055229187012,0.5075397491455078,0.2575641870498657,-2.1417763233184814,-2.027128219604492,-1.8905401229858398,-0.44943130016326904,-3.369825601577759,-0.6354333758354187,2.633073091506958,0.5357987880706787,0.15102000534534454,0.04045023024082184,0.026611223816871643,0.0399993471801281,0.06812473386526108,0.09380179643630981,0.10867514461278915,0.10634135454893112,0.08392453193664551,0.049821093678474426,0.05106247216463089,0.09214863181114197,0.12161127477884293,0.12000970542430878,0.1236877515912056,0.1554284542798996,0.18642538785934448,0.17690972983837128,0.14011965692043304,0.18729323148727417,0.232526957988739,0.20329566299915314,0.1618996262550354,0.1994718760251999,0.18639011681079865,0.1993546187877655,0.2246207594871521,0.18747760355472565,0.1259341537952423,0.08022674918174744,0.060231901705265045,0.06309378892183304,0.10773226618766785,0.16043782234191895,0.15705615282058716,0.1473638266324997,0.16878002882003784,0.16296353936195374,0.13988910615444183,0.1591252237558365,0.2316109836101532,0.28070223331451416,0.27847790718078613,0.24397704005241394,0.21881386637687683,0.23062734305858612,0.24888908863067627,0.2524113953113556,0.22629810869693756,0.19626732170581818,0.15508291125297546,0.1249312311410904,0.18860530853271484,0.22276055812835693,0.21359704434871674,0.19242553412914276,0.13607513904571533,0.06091321259737015,0.07440777868032455,0.09592381119728088,0.10992611199617386,MR
../data/DWT_NEW/MR/New_MR_113.wav,136.62088012695312,-30.727182388305664,-14.210479736328125,-0.7059814929962158,3.527937650680542,4.202308654785156,14.513423919677734,4.11465311050415,-1.1262041330337524,-8.449308395385742,0.4419460594654083,2.9662559032440186,6.489583969116211,6.215644359588623,0.8152097463607788,-0.10160374641418457,-1.8947176933288574,-6.944205284118652,0.21250566840171814,-4.246941566467285,-4.679003715515137,0.6718542575836182,1.5566558837890625,2.7418761253356934,3.294924020767212,2.82210636138916,3.1957759857177734,3.2011876106262207,1.150486707687378,-1.370182752609253,3.077759265899658,-3.5470433235168457,-0.1277574896812439,-1.2892295122146606,0.3081337511539459,1.770073413848877,-3.575551986694336,-0.4516775608062744,4.078082084655762,-1.0240964889526367,0.2717846930027008,0.3701598644256592,0.3605223596096039,0.3256077468395233,0.2625676989555359,0.1723129153251648,0.06720590591430664,0.06401979923248291,0.16038839519023895,0.2249101847410202,0.2343795746564865,0.17527541518211365,0.07272721827030182,0.13992449641227722,0.2908289134502411,0.3855670392513275,0.37477338314056396,0.25741952657699585,0.1249786987900734,0.1884947419166565,0.22389289736747742,0.16754233837127686,0.21813365817070007,0.27996131777763367,0.23733270168304443,0.155539408326149,0.1342688500881195,0.2589867115020752,0.3281301259994507,0.27765947580337524,0.17387670278549194,0.23855023086071014,0.2995367646217346,0.24685993790626526,0.18423059582710266,0.17098954319953918,0.12575779855251312,0.08011661469936371,0.10071831941604614,0.1527695208787918,0.19534145295619965,0.21896973252296448,0.21991758048534393,0.19503629207611084,0.14192217588424683,0.1251133531332016,0.14883928000926971,0.1331988126039505,0.07390505820512772,0.06772986799478531,0.19048169255256653,0.2845636308193207,0.3071126341819763,0.2763453722000122,0.32263654470443726,0.3476064205169678,0.29052871465682983,0.2876726984977722,0.25774556398391724,0.20514440536499023,0.11243905127048492,MR
../data/DWT_NEW/MR/New_MR_043.wav,147.3617401123047,-27.56122589111328,17.106531143188477,2.5187087059020996,-14.187152862548828,-14.648746490478516,1.2247473001480103,2.9416871070861816,7.323206424713135,0.5836530923843384,-2.9365651607513428,-14.757440567016602,-7.553463935852051,-17.80816650390625,-4.581409931182861,-8.518600463867188,-2.7909913063049316,13.556600570678711,-0.9635597467422485,0.8767061233520508,5.176227569580078,-12.924354553222656,0.17902114987373352,7.760683536529541,2.2070724964141846,1.8360025882720947,-5.0251617431640625,3.0868330001831055,-0.45324772596359253,-1.945014476776123,-2.3880276679992676,-5.917494773864746,-0.5743451118469238,0.9796918630599976,1.2126069068908691,-0.7476421594619751,3.7105982303619385,4.413272857666016,-9.813507080078125,2.8415398597717285,0.3764287233352661,0.07611195743083954,0.07396229356527328,0.06132829934358597,0.04264221340417862,0.05470028519630432,0.10765460133552551,0.17155389487743378,0.2265320122241974,0.25577548146247864,0.24350744485855103,0.17958003282546997,0.08189970254898071,0.103651262819767,0.17717918753623962,0.1719970703125,0.09704364091157913,0.2287949174642563,0.3638130724430084,0.3643408417701721,0.23359186947345734,0.2195151448249817,0.2768062949180603,0.24858641624450684,0.36294272541999817,0.42861825227737427,0.41970711946487427,0.4825327396392822,0.4854336977005005,0.4585793614387512,0.5701812505722046,0.7241657972335815,0.661129355430603,0.5868396759033203,0.7045494318008423,0.6382279396057129,0.49460458755493164,0.4164460301399231,0.2881409823894501,0.20585179328918457,0.15260860323905945,0.10697761178016663,0.10742826759815216,0.2108016163110733,0.306705117225647,0.34764236211776733,0.32949021458625793,0.341767817735672,0.6211479902267456,1.0265586376190186,1.2572077512741089,1.1405460834503174,0.8071951270103455,0.545878529548645,0.4707767963409424,0.43902793526649475,0.4053557217121124,0.32051730155944824,0.16355492174625397,0.1153944805264473,0.1807333528995514,MR
../data/DWT_NEW/MR/New_MR_034.wav,53.0467529296875,-17.321840286254883,20.59609031677246,-2.8486990928649902,-11.45233154296875,16.34967613220215,-15.654537200927734,20.821535110473633,-12.90626335144043,-1.1920323371887207,-4.638691425323486,8.375469207763672,4.4919633865356445,-1.0058894157409668,0.63490891456604,7.639918327331543,0.7821948528289795,-5.967472076416016,-1.2861762046813965,0.267223060131073,-1.5548439025878906,-0.37212640047073364,1.091355562210083,-4.7402753829956055,2.8689475059509277,-2.876288890838623,-5.094707489013672,2.5098729133605957,0.3557024598121643,-4.240603446960449,1.8432868719100952,-3.9454703330993652,-3.0480451583862305,2.839353561401367,-1.6746399402618408,-1.945350170135498,1.3185105323791504,-0.44985103607177734,0.857986569404602,2.5141282081604004,0.14870114624500275,0.03641150891780853,0.06060405820608139,0.08861444890499115,0.10660775005817413,0.10614415258169174,0.08243465423583984,0.03645440936088562,0.04948693513870239,0.1283418834209442,0.2003454566001892,0.2376253753900528,0.22230497002601624,0.14911194145679474,0.06497747451066971,0.13627156615257263,0.18299376964569092,0.14994247257709503,0.12266917526721954,0.23840564489364624,0.28446346521377563,0.21595872938632965,0.14091025292873383,0.14460958540439606,0.14934201538562775,0.2101055085659027,0.22215819358825684,0.15863163769245148,0.09099062532186508,0.06327478587627411,0.08272586017847061,0.051303088665008545,0.09578189253807068,0.14579877257347107,0.1301233321428299,0.10929934680461884,0.13955406844615936,0.13671015202999115,0.1333497315645218,0.18287737667560577,0.22126179933547974,0.24186477065086365,0.22289249300956726,0.1736893653869629,0.14264021813869476,0.16698041558265686,0.18449531495571136,0.16420409083366394,0.14581170678138733,0.17819447815418243,0.1887727677822113,0.1508789360523224,0.17755699157714844,0.2257879674434662,0.23648934066295624,0.21788707375526428,0.16978079080581665,0.10947319865226746,0.08915922045707703,0.11429596692323685,0.13137294352054596,MR
../data/DWT_NEW/MR/New_MR_065.wav,141.07461547851562,-34.27271270751953,-15.673404693603516,0.3389359712600708,3.195220708847046,8.609723091125488,14.461973190307617,9.14150333404541,2.7092199325561523,-3.828990936279297,-2.885664463043213,-1.9137928485870361,5.806790351867676,1.8817299604415894,0.8979466557502747,-0.7204378843307495,-1.0657289028167725,-5.27256965637207,0.10371771454811096,-7.581892967224121,-4.976468563079834,-0.44004538655281067,2.6535067558288574,2.7761006355285645,5.048943519592285,3.099658966064453,6.191898345947266,3.118720054626465,0.5656321048736572,-1.0139846801757812,0.8090773820877075,-3.0618655681610107,0.9082709550857544,0.7964248657226562,-1.137083649635315,0.4883204996585846,-3.689211368560791,-0.9899553060531616,1.4626578092575073,-1.6600313186645508,0.2870616614818573,0.23894377052783966,0.27002543210983276,0.29587680101394653,0.3159814774990082,0.331275999546051,0.3473905324935913,0.36525043845176697,0.3785877525806427,0.379049152135849,0.3527446389198303,0.28473055362701416,0.1779288947582245,0.06959512084722519,0.13666760921478271,0.23592211306095123,0.2692163288593292,0.23545193672180176,0.21441256999969482,0.27415990829467773,0.2943871319293976,0.232845738530159,0.19265806674957275,0.26295924186706543,0.2520308196544647,0.1883762925863266,0.2242622822523117,0.2999765872955322,0.28528445959091187,0.25164663791656494,0.28097203373908997,0.29778534173965454,0.2692129909992218,0.22160787880420685,0.20726937055587769,0.15614430606365204,0.09852766990661621,0.10015149414539337,0.08773312717676163,0.06904799491167068,0.10885010659694672,0.1501835733652115,0.21024315059185028,0.26036810874938965,0.27863019704818726,0.252054899930954,0.1955474317073822,0.13755390048027039,0.11314034461975098,0.1428605616092682,0.1816907674074173,0.16724717617034912,0.05176224559545517,0.17231491208076477,0.3066861033439636,0.2524412274360657,0.06325817108154297,0.12219041585922241,0.1380569040775299,0.13105736672878265,0.12415020167827606,MR
../data/DWT_NEW/MR/New_MR_125.wav,118.03556823730469,-27.175594329833984,-6.5506591796875,2.111630916595459,-3.568599224090576,-3.286757469177246,11.464384078979492,4.567331790924072,4.187250137329102,-6.284919738769531,3.842804193496704,-1.2564352750778198,4.441179275512695,2.706833600997925,-1.0995681285858154,-0.98082435131073,-4.0724101066589355,-1.0061527490615845,-1.6769229173660278,-2.8568782806396484,-5.093950271606445,0.1887364387512207,-1.4411617517471313,0.7616093158721924,0.4313334822654724,1.1027926206588745,1.297248363494873,-0.3650534152984619,1.155843734741211,1.6128491163253784,2.904686450958252,-3.601330518722534,0.6785101890563965,0.41420799493789673,-0.6815305948257446,-1.8158924579620361,-4.586909770965576,2.632519006729126,2.581022262573242,-2.1181294918060303,0.21878503262996674,0.2440105378627777,0.23950037360191345,0.2145475149154663,0.16649989783763885,0.09675733745098114,0.02593991719186306,0.09850344061851501,0.17589020729064941,0.22125932574272156,0.21466633677482605,0.1454395055770874,0.05798310413956642,0.16304633021354675,0.2924288511276245,0.3527348041534424,0.311122328042984,0.19488579034805298,0.14540304243564606,0.18970990180969238,0.14960959553718567,0.17885130643844604,0.2912828326225281,0.2972548305988312,0.2099306285381317,0.22541387379169464,0.20812810957431793,0.21941153705120087,0.2409391701221466,0.2593875825405121,0.2698027491569519,0.23913154006004333,0.21055133640766144,0.2160044014453888,0.20431296527385712,0.15935465693473816,0.12561936676502228,0.12613487243652344,0.14284701645374298,0.17727965116500854,0.21835973858833313,0.2594253122806549,0.2751334011554718,0.25020936131477356,0.17682629823684692,0.16830281913280487,0.24616721272468567,0.28714826703071594,0.2545626759529114,0.13255062699317932,0.09664810448884964,0.24345403909683228,0.3161401152610779,0.28285422921180725,0.19831210374832153,0.186031773686409,0.14809390902519226,0.1831832230091095,0.1958445906639099,0.17881275713443756,0.1189996600151062,MR
../data/DWT_NEW/MR/New_MR_092.wav,149.31455993652344,-20.658483505249023,13.40333080291748,-5.2550201416015625,-5.2216339111328125,-1.2661830186843872,-6.780238151550293,13.299867630004883,1.6516156196594238,6.185810089111328,-2.1338276863098145,-4.598114967346191,6.095013618469238,-5.165289878845215,11.038021087646484,0.8760355114936829,-1.1324536800384521,5.307339191436768,-5.090043544769287,-7.094825267791748,-2.2300868034362793,-4.770110130310059,-1.4228897094726562,-2.2884271144866943,9.521475791931152,2.7771382331848145,-5.639601707458496,9.848573684692383,0.5034393072128296,-6.411741256713867,-1.5045114755630493,0.3793095648288727,6.298735618591309,5.709137916564941,-0.386670857667923,-1.419560432434082,-2.345184564590454,-4.53940486907959,7.476086139678955,-6.342123985290527,0.3522352874279022,0.10749705135822296,0.14748188853263855,0.2878571152687073,0.40740588307380676,0.4606713354587555,0.43096625804901123,0.353880912065506,0.366397500038147,0.5022256374359131,0.5854796171188354,0.49743637442588806,0.2728472054004669,0.3572864532470703,0.5786565542221069,0.5770547389984131,0.3947586715221405,0.3882293105125427,0.3906417489051819,0.22153478860855103,0.2084876298904419,0.2549667954444885,0.2196163386106491,0.2509525716304779,0.2912050485610962,0.254254549741745,0.37017327547073364,0.448501318693161,0.3826133906841278,0.43395671248435974,0.5046031475067139,0.4004547595977783,0.24074982106685638,0.2980388104915619,0.254960834980011,0.17962737381458282,0.27045631408691406,0.2244626134634018,0.2351841926574707,0.37813037633895874,0.4946168065071106,0.552767276763916,0.5517194867134094,0.5090999603271484,0.5049377679824829,0.4759572148323059,0.3341996669769287,0.11147236824035645,0.15425509214401245,0.20477281510829926,0.39083239436149597,0.6396323442459106,0.5725750923156738,0.38826698064804077,0.39435186982154846,0.449781596660614,0.4582221210002899,0.36568814516067505,0.26270633935928345,0.3453701436519623,0.5310033559799194,MR
../data/DWT_NEW/MR/New_MR_161.wav,123.79544067382812,-35.50438690185547,-11.427119255065918,3.6103768348693848,4.494259834289551,8.291400909423828,13.562478065490723,8.245396614074707,-0.32961922883987427,-6.311107158660889,-2.4134202003479004,0.1214798092842102,6.08773136138916,5.661089897155762,1.666507601737976,-1.0182886123657227,-1.5619945526123047,-4.426394462585449,3.3382456302642822,-3.041004180908203,-4.8278703689575195,0.03460913896560669,3.48573637008667,0.950368344783783,4.111626625061035,1.5957093238830566,6.555804252624512,3.345767021179199,2.7964887619018555,-2.102877616882324,0.5867763757705688,-5.4474945068359375,0.5190615653991699,-2.4993185997009277,0.38737916946411133,-0.63981032371521,-4.154090404510498,-0.3756852149963379,4.150843143463135,0.14927688241004944,0.24770832061767578,0.2623654007911682,0.30421632528305054,0.33646512031555176,0.3538854122161865,0.3531048893928528,0.3390546441078186,0.3190966248512268,0.3031054139137268,0.2983969449996948,0.2939480245113373,0.26479771733283997,0.19672462344169617,0.09817355871200562,0.10003028810024261,0.2192094922065735,0.30193352699279785,0.3153846859931946,0.2739064693450928,0.22649630904197693,0.20124226808547974,0.16308145225048065,0.11767741292715073,0.15792353451251984,0.21659588813781738,0.21277262270450592,0.22340035438537598,0.2556423544883728,0.234483540058136,0.2052714228630066,0.2137146145105362,0.25835639238357544,0.25732505321502686,0.22961363196372986,0.2151361107826233,0.2112232744693756,0.2007867395877838,0.17047086358070374,0.1285557597875595,0.09462485462427139,0.14947256445884705,0.21367081999778748,0.26186808943748474,0.27509889006614685,0.23893940448760986,0.16167110204696655,0.07021888345479965,0.06192711368203163,0.11851583421230316,0.13180196285247803,0.12658244371414185,0.12060430645942688,0.11853864789009094,0.12683925032615662,0.09188414365053177,0.1016000509262085,0.151497483253479,0.12467852234840393,0.037781134247779846,0.06598883122205734,0.1006753072142601,MR
../data/DWT_NEW/MR/New_MR_131.wav,150.43942260742188,-26.599178314208984,-4.000004291534424,10.81180191040039,4.81349515914917,4.171331405639648,11.786376953125,3.5720696449279785,-2.793242931365967,-5.2584686279296875,0.06954443454742432,0.734931468963623,6.659693717956543,5.651871681213379,-2.6835546493530273,-3.132148027420044,-4.6294050216674805,-4.6159796714782715,3.8578786849975586,0.8616252541542053,-3.3137388229370117,-0.9658957123756409,-0.9459518194198608,1.7644157409667969,0.12783411145210266,2.6897153854370117,2.147038459777832,4.891054153442383,0.5029488801956177,-1.5294225215911865,-0.6719018220901489,-5.782130241394043,-1.346109390258789,0.14984339475631714,1.6551504135131836,1.8876032829284668,-3.924224853515625,0.7499921321868896,2.4094347953796387,-0.6313060522079468,0.2994486689567566,0.34159383177757263,0.37609606981277466,0.40442201495170593,0.4207375645637512,0.4214932918548584,0.41262537240982056,0.40183475613594055,0.3979809880256653,0.4072265028953552,0.41790157556533813,0.40567547082901,0.3612555265426636,0.31096595525741577,0.3114973306655884,0.3865323066711426,0.4557890295982361,0.4564891755580902,0.40566563606262207,0.38117465376853943,0.4077827036380768,0.4206874966621399,0.40821242332458496,0.36398231983184814,0.26459044218063354,0.14661170542240143,0.28300797939300537,0.44251060485839844,0.4217754602432251,0.22052308917045593,0.21859070658683777,0.3716292381286621,0.3515533208847046,0.192560076713562,0.2423086315393448,0.2402481734752655,0.20770263671875,0.24989640712738037,0.25710955262184143,0.2306397706270218,0.20283260941505432,0.18770389258861542,0.23876290023326874,0.31777721643447876,0.3458617925643921,0.29337015748023987,0.1790369749069214,0.16340485215187073,0.23709967732429504,0.26691383123397827,0.266876220703125,0.2405730038881302,0.1382661908864975,0.18218165636062622,0.3194979429244995,0.2666156589984894,0.07782638072967529,0.12207755446434021,0.13482649624347687,0.1595836877822876,0.18571627140045166,MR
../data/DWT_NEW/MR/New_MR_106.wav,135.54222106933594,-40.09121322631836,-11.61668872833252,-5.630425453186035,-5.221551895141602,1.967173457145691,9.768898010253906,-0.021202266216278076,-2.495425224304199,-7.870674133300781,2.6053404808044434,-6.466220855712891,-0.9542820453643799,-3.867070198059082,-3.2279930114746094,-5.4676103591918945,-7.6898322105407715,-5.036643028259277,-1.8216204643249512,-2.748141288757324,-7.487868309020996,0.12693780660629272,0.3122588098049164,3.49200439453125,2.236543655395508,-0.13711470365524292,2.355072021484375,-0.33712589740753174,-0.9810726642608643,1.5763258934020996,3.7140567302703857,-1.396214485168457,-1.5195372104644775,0.469910204410553,-0.7377021312713623,-1.2241270542144775,-4.767798900604248,0.34779858589172363,2.879967451095581,0.8954373002052307,0.2881534993648529,0.06309792399406433,0.04603775590658188,0.029148105531930923,0.03722795099020004,0.06821717321872711,0.10318201780319214,0.13379836082458496,0.15273873507976532,0.1558464914560318,0.14078643918037415,0.1073821410536766,0.06282979995012283,0.028480289503932,0.0730329304933548,0.12238454073667526,0.15081873536109924,0.13788114488124847,0.08919121325016022,0.14918340742588043,0.23275253176689148,0.23180612921714783,0.16898685693740845,0.2009306252002716,0.23258905112743378,0.24392591416835785,0.3211926817893982,0.3371395170688629,0.3037812113761902,0.29275256395339966,0.36296960711479187,0.3922555446624756,0.3341835141181946,0.2866508960723877,0.28765544295310974,0.24576343595981598,0.17981722950935364,0.14917096495628357,0.13896454870700836,0.1382010132074356,0.11793089658021927,0.10790447890758514,0.13769778609275818,0.1771710216999054,0.2126283049583435,0.2208242118358612,0.1825091540813446,0.13914132118225098,0.14928336441516876,0.1540711224079132,0.16051799058914185,0.20055314898490906,0.23207569122314453,0.1965494155883789,0.07416389137506485,0.18815664947032928,0.2832857668399811,0.20756670832633972,0.04821290820837021,0.1516483724117279,0.2159174680709839,MR
../data/DWT_NEW/MR/New_MR_151.wav,117.91299438476562,-34.391021728515625,-13.748546600341797,3.9621875286102295,9.278501510620117,2.3990981578826904,12.646973609924316,3.8923463821411133,4.270847797393799,-6.436456680297852,1.8515440225601196,-1.0598583221435547,7.702197074890137,4.571958065032959,1.177561640739441,-1.138120412826538,-3.514324903488159,0.4831630289554596,-1.0774250030517578,-0.6678795218467712,-5.793379306793213,1.3794329166412354,-0.5871894955635071,1.840204119682312,2.111212730407715,3.5348854064941406,4.438859939575195,2.933898448944092,0.4746428430080414,-2.237135648727417,-1.5184317827224731,-3.840847969055176,-0.44991886615753174,0.05691465735435486,-0.3886578679084778,0.8548482656478882,-5.336991786956787,-1.1959902048110962,2.4161453247070312,-1.7225992679595947,0.231328085064888,0.21192780137062073,0.2565333843231201,0.29737693071365356,0.32896673679351807,0.34592491388320923,0.34800028800964355,0.33480048179626465,0.30880284309387207,0.2799839973449707,0.2549595832824707,0.22809287905693054,0.18637964129447937,0.11939473450183868,0.06918095052242279,0.18289853632450104,0.2985539436340332,0.35493558645248413,0.32653191685676575,0.2352709174156189,0.16879796981811523,0.1741417646408081,0.13403400778770447,0.15498891472816467,0.21764543652534485,0.20397251844406128,0.19971688091754913,0.22225253283977509,0.1987479329109192,0.1742851436138153,0.18217328190803528,0.22118932008743286,0.22704926133155823,0.2072860300540924,0.1855148822069168,0.171175017952919,0.1622793823480606,0.13702963292598724,0.11378176510334015,0.1058715432882309,0.1411818563938141,0.18753214180469513,0.22204726934432983,0.23218101263046265,0.21353629231452942,0.1754387617111206,0.1157069057226181,0.06983020156621933,0.1065412312746048,0.13120660185813904,0.11693769693374634,0.07825784385204315,0.06973731517791748,0.09530207514762878,0.09943357110023499,0.12286388874053955,0.1393061876296997,0.10770270973443985,0.052881043404340744,0.06194790452718735,0.07274454832077026,MR
../data/DWT_NEW/MR/New_MR_192.wav,90.49031066894531,6.755449295043945,-8.837223052978516,-0.5100545883178711,-3.8727023601531982,1.5210857391357422,-15.955780982971191,-1.480393886566162,-2.799182891845703,-6.740530014038086,-2.400949239730835,5.508666515350342,-0.7445587515830994,0.23629766702651978,7.471900463104248,-1.0978127717971802,7.118547439575195,0.35849529504776,3.6770081520080566,1.5082123279571533,1.7905845642089844,0.21326255798339844,4.435500144958496,0.3562566936016083,-1.3577702045440674,2.4559850692749023,7.4964399337768555,4.15040397644043,-2.115248918533325,3.661550283432007,3.657804012298584,-2.696131467819214,1.3828620910644531,4.052165508270264,0.019638419151306152,2.845526695251465,1.1115105152130127,0.6286940574645996,1.1195701360702515,0.5757646560668945,0.13928627967834473,0.09720104932785034,0.14369434118270874,0.16601517796516418,0.15678372979164124,0.11283387243747711,0.042915597558021545,0.06638120114803314,0.15756604075431824,0.2288658171892166,0.2597980499267578,0.2404928207397461,0.18375523388385773,0.11556440591812134,0.07727210968732834,0.07240227609872818,0.09514201432466507,0.12126702070236206,0.11486414074897766,0.07796390354633331,0.04737461358308792,0.08702471852302551,0.1424446552991867,0.13885043561458588,0.150033637881279,0.18121735751628876,0.13695958256721497,0.09502336382865906,0.15571783483028412,0.2138473391532898,0.13136568665504456,0.09940630197525024,0.23327374458312988,0.23093421757221222,0.198121577501297,0.2707136869430542,0.3501933515071869,0.3965206444263458,0.45759403705596924,0.514450192451477,0.5302642583847046,0.4982841908931732,0.4433255195617676,0.4462132751941681,0.4432106912136078,0.35356229543685913,0.18438376486301422,0.15848401188850403,0.3303331732749939,0.4112016558647156,0.38924306631088257,0.3647119998931885,0.3552345037460327,0.32479119300842285,0.27664297819137573,0.22905269265174866,0.3014618754386902,0.3876604735851288,0.37986236810684204,0.2408059537410736,0.21121929585933685,MR
../data/DWT_NEW/MR/New_MR_187.wav,100.59492492675781,7.0865254402160645,-1.5042325258255005,10.57345962524414,3.7129499912261963,3.5233428478240967,-5.283907890319824,-6.4283366203308105,-7.224520683288574,-0.8075039982795715,-3.770357847213745,-0.040353477001190186,-0.7521968483924866,4.600821495056152,3.7775373458862305,-0.4912566840648651,-8.986467361450195,-3.7640228271484375,1.6722501516342163,-3.6099419593811035,-2.7325375080108643,2.2484703063964844,2.6378371715545654,-1.0488247871398926,-1.5027570724487305,-7.102214813232422,-8.310802459716797,1.1036789417266846,0.9157260656356812,-5.878917694091797,2.2916955947875977,-1.7198233604431152,-2.077864646911621,1.3191930055618286,-2.773662567138672,4.755362510681152,-0.806411862373352,-1.7292170524597168,-0.8576401472091675,-1.41542649269104,0.15352679789066315,0.10130813717842102,0.09800712764263153,0.09043343365192413,0.08856828510761261,0.11212524026632309,0.16353458166122437,0.22666364908218384,0.28433480858802795,0.3271985650062561,0.35238969326019287,0.360159695148468,0.3520852327346802,0.30592185258865356,0.22583067417144775,0.14078547060489655,0.2535596489906311,0.379822313785553,0.425188273191452,0.4280117154121399,0.44755077362060547,0.37674450874328613,0.2650931477546692,0.40262749791145325,0.42612504959106445,0.31764134764671326,0.36609381437301636,0.37218815088272095,0.40020716190338135,0.37213605642318726,0.31709954142570496,0.3120611011981964,0.34476932883262634,0.3264178931713104,0.3443011939525604,0.4495716094970703,0.48539596796035767,0.497405081987381,0.5288863778114319,0.4764312505722046,0.3933800458908081,0.26648011803627014,0.1542987823486328,0.21220050752162933,0.30606573820114136,0.37525495886802673,0.335610955953598,0.18362420797348022,0.030549515038728714,0.14497306942939758,0.20426598191261292,0.26211613416671753,0.36003434658050537,0.4854183793067932,0.5103116035461426,0.43327003717422485,0.34599852561950684,0.2918826639652252,0.2212899923324585,0.07283756136894226,0.271596223115921,MR
../data/DWT_NEW/MR/New_MR_070.wav,128.8938751220703,-30.706356048583984,-4.88234281539917,6.740335464477539,4.528170585632324,4.363595962524414,15.821922302246094,3.848761558532715,-2.4523141384124756,-4.508708477020264,3.0294713973999023,-0.0012264847755432129,7.993499279022217,6.141042709350586,0.9012993574142456,-5.1183295249938965,-3.21274995803833,-5.3515777587890625,2.34200382232666,0.15570807456970215,-1.7549766302108765,-1.0408198833465576,0.19101566076278687,0.2796329855918884,0.8481427431106567,2.237133502960205,3.1783463954925537,4.004471778869629,1.4697091579437256,-0.8858108520507812,1.565955638885498,-4.4720354080200195,-2.5177083015441895,-1.7030372619628906,0.8116491436958313,1.5829854011535645,-3.962362289428711,-0.06903734803199768,3.6840858459472656,-0.8102278709411621,0.2581452429294586,0.39809244871139526,0.3725074529647827,0.31351348757743835,0.2195529341697693,0.09703628718852997,0.0716853067278862,0.210053488612175,0.32588380575180054,0.38496774435043335,0.36240893602371216,0.24636809527873993,0.09337379038333893,0.22646179795265198,0.4177471101284027,0.5077486634254456,0.4440111517906189,0.2567059099674225,0.16749311983585358,0.27435600757598877,0.2560688555240631,0.2056616246700287,0.33289140462875366,0.3700690269470215,0.27423495054244995,0.21645614504814148,0.22999316453933716,0.3145182132720947,0.3491532802581787,0.3151824474334717,0.28139975666999817,0.3234330415725708,0.33492445945739746,0.2726892828941345,0.2293277233839035,0.2031625360250473,0.14006966352462769,0.12302413582801819,0.1427258551120758,0.15939277410507202,0.16209790110588074,0.16537848114967346,0.1750740259885788,0.1837889850139618,0.16344523429870605,0.11551768332719803,0.14963951706886292,0.1903376579284668,0.18375539779663086,0.11225582659244537,0.020949289202690125,0.11860707402229309,0.18448562920093536,0.19105815887451172,0.20261362195014954,0.2206442803144455,0.20349344611167908,0.17972323298454285,0.1256805658340454,0.11693128943443298,0.0680532157421112,MR
../data/DWT_NEW/MR/New_MR_176.wav,133.3005828857422,-34.76990509033203,-11.238873481750488,-1.2300379276275635,-6.068446636199951,-1.328918218612671,10.905029296875,3.8004255294799805,0.4219566583633423,-7.376486301422119,6.44317102432251,-0.796911358833313,4.64240026473999,3.5561909675598145,-1.6068196296691895,-2.0463552474975586,-2.0526044368743896,-1.230820655822754,0.5257892608642578,-1.0136057138442993,-4.074832439422607,0.29580575227737427,-2.212618350982666,0.20757591724395752,-0.28818976879119873,3.893678665161133,5.324265480041504,2.020723819732666,0.22073549032211304,1.940748929977417,3.246190071105957,-2.94911527633667,-1.390103816986084,-0.4045988917350769,0.6506008505821228,-1.7603130340576172,-5.1511335372924805,0.6352121233940125,3.3111655712127686,-0.6569604277610779,0.26934826374053955,0.1881551742553711,0.19372299313545227,0.18534432351589203,0.15738864243030548,0.10705913603305817,0.0416639968752861,0.06094947084784508,0.13973110914230347,0.2007618546485901,0.2228115051984787,0.1926935613155365,0.12933067977428436,0.13639043271541595,0.22776228189468384,0.28699445724487305,0.2642822861671448,0.16693609952926636,0.09215566515922546,0.14488324522972107,0.12555938959121704,0.12501883506774902,0.2147909700870514,0.22344493865966797,0.15316720306873322,0.18994590640068054,0.17282405495643616,0.15979446470737457,0.18263253569602966,0.23152929544448853,0.2661420404911041,0.2372874915599823,0.20862843096256256,0.23381635546684265,0.22500568628311157,0.17236459255218506,0.13726720213890076,0.10857497155666351,0.10506726801395416,0.15219855308532715,0.20117217302322388,0.2459944784641266,0.266805499792099,0.247065007686615,0.1795005053281784,0.1755499541759491,0.25186625123023987,0.2917766571044922,0.2537425458431244,0.12394635379314423,0.0958566814661026,0.21216946840286255,0.2604665756225586,0.223298579454422,0.23137584328651428,0.25351113080978394,0.22434453666210175,0.2646450102329254,0.265555739402771,0.23644277453422546,0.14419998228549957,MR
../data/DWT_NEW/MR/New_MR_059.wav,141.7820281982422,-33.20265197753906,-3.6098885536193848,6.427055358886719,2.720521926879883,0.5399609804153442,9.957939147949219,-0.606415867805481,-1.1320064067840576,-5.603158950805664,4.200721263885498,-4.232985019683838,4.970253944396973,4.751345157623291,1.475684642791748,-3.193675994873047,-3.988126754760742,-1.7253098487854004,1.7817747592926025,1.6873668432235718,-6.339512825012207,-2.6354312896728516,-0.7933357954025269,1.740265130996704,3.1089162826538086,1.778823971748352,3.4752049446105957,-0.7887744307518005,-0.7919559478759766,-1.2467396259307861,1.0059518814086914,-3.2183594703674316,-1.620627522468567,-0.6997249126434326,1.2880066633224487,-0.6859886646270752,-4.481184005737305,1.5648925304412842,4.21963357925415,-0.6184060573577881,0.29702746868133545,0.1908302903175354,0.19642475247383118,0.20394578576087952,0.20886188745498657,0.2071024626493454,0.20008227229118347,0.19335231184959412,0.1984739750623703,0.22543752193450928,0.26653411984443665,0.3022790253162384,0.3216010332107544,0.33352458477020264,0.3421209156513214,0.3574024438858032,0.35882532596588135,0.3114740550518036,0.21785975992679596,0.1383042335510254,0.19506824016571045,0.28197336196899414,0.3646385669708252,0.37768128514289856,0.2840028405189514,0.12207041680812836,0.10733530670404434,0.2699359059333801,0.3058655858039856,0.18103764951229095,0.06997296214103699,0.24415139853954315,0.26079851388931274,0.15405991673469543,0.1941736340522766,0.219270259141922,0.20299701392650604,0.229134663939476,0.2350982427597046,0.21976310014724731,0.20313899219036102,0.20241765677928925,0.26070737838745117,0.3329630196094513,0.3672645688056946,0.34012818336486816,0.25828686356544495,0.1438254415988922,0.12575244903564453,0.17805683612823486,0.20960263907909393,0.2234271913766861,0.15350642800331116,0.09141620993614197,0.24604439735412598,0.24667198956012726,0.09983344376087189,0.0807814747095108,0.11110073328018188,0.16297324001789093,0.19239021837711334,MR
../data/DWT_NEW/MR/New_MR_120.wav,133.92835998535156,-33.4183349609375,-13.218790054321289,-1.0503692626953125,2.7265546321868896,2.1338024139404297,8.35633659362793,0.12922263145446777,-4.049055576324463,-10.325615882873535,-2.144752025604248,-3.3878331184387207,1.6310688257217407,-3.1360745429992676,-3.7286224365234375,-1.7393122911453247,-2.680396556854248,-2.1206753253936768,0.4639255404472351,-2.78118634223938,-3.2952094078063965,0.30557888746261597,0.7947143316268921,1.6796480417251587,3.2323999404907227,2.1052932739257812,4.2377824783325195,2.2445077896118164,1.202946662902832,2.468623399734497,4.633700847625732,-1.920918345451355,-0.10800045728683472,1.5884225368499756,1.3944419622421265,2.6920132637023926,-2.4555270671844482,1.6841976642608643,3.73724102973938,0.18061083555221558,0.26619192957878113,0.14017876982688904,0.12747131288051605,0.11420730501413345,0.10226228833198547,0.09413780272006989,0.09263443946838379,0.0963146761059761,0.10110396891832352,0.10597777366638184,0.11340393126010895,0.12606509029865265,0.14309406280517578,0.15831509232521057,0.15741051733493805,0.1390465945005417,0.10525873303413391,0.06239299848675728,0.028857290744781494,0.07345235347747803,0.13394886255264282,0.1936517208814621,0.2384878396987915,0.25456035137176514,0.23260273039340973,0.16684779524803162,0.14124993979930878,0.2570629417896271,0.2903653681278229,0.24808596074581146,0.19832126796245575,0.19161075353622437,0.24469219148159027,0.19199340045452118,0.15322867035865784,0.14259739220142365,0.11289558559656143,0.10159189999103546,0.13818441331386566,0.18832963705062866,0.23562949895858765,0.27031809091567993,0.2834891080856323,0.26744288206100464,0.22653800249099731,0.21742109954357147,0.238271102309227,0.24199195206165314,0.20471447706222534,0.15129227936267853,0.19603532552719116,0.2438192516565323,0.26222896575927734,0.2612113356590271,0.2731597125530243,0.27269747853279114,0.27902162075042725,0.3046262860298157,0.26089271903038025,0.19372695684432983,0.09077486395835876,MR
../data/DWT_NEW/AS/New_AS_172.wav,213.87750244140625,9.032499313354492,3.9747281074523926,8.830041885375977,-3.4655399322509766,-4.351551055908203,-8.62472152709961,13.192317008972168,15.414633750915527,5.131416320800781,2.539545774459839,-0.5873690247535706,-0.6269955635070801,-3.186584949493408,-3.0186305046081543,-3.2963669300079346,-8.923561096191406,-0.7440637350082397,2.1498494148254395,4.436824321746826,2.379288911819458,-3.092153310775757,4.328094482421875,-7.457271575927734,-1.700361967086792,-0.7136760950088501,7.49005126953125,-4.193333625793457,-6.45452880859375,2.7155299186706543,-0.00416150689125061,-4.5154337882995605,-1.101320505142212,2.3089675903320312,0.33271414041519165,-4.679599285125732,1.7511239051818848,2.8255791664123535,-4.950491905212402,1.20173180103302,0.5156669020652771,0.3836078345775604,0.1967446357011795,0.333313912153244,0.6372309923171997,0.9329564571380615,1.1665968894958496,1.3120495080947876,1.384652018547058,1.465853214263916,1.5979243516921997,1.6702431440353394,1.5191432237625122,1.0709275007247925,0.45971062779426575,0.7363032102584839,1.1919307708740234,1.467972755432129,1.8294031620025635,2.003115653991699,1.578697681427002,0.8026703596115112,0.6046735048294067,1.143819808959961,1.7066407203674316,1.5134209394454956,0.690990149974823,0.7371843457221985,1.2950348854064941,1.0107523202896118,0.714094877243042,0.9978433847427368,0.8467962145805359,0.9410520792007446,0.9365651607513428,0.9034702181816101,0.9578589797019958,0.8942734599113464,0.9440377354621887,0.9415581226348877,0.9437918066978455,0.9182440042495728,0.9205007553100586,0.9626065492630005,1.010541319847107,1.0616024732589722,1.2612738609313965,1.6140756607055664,1.8823636770248413,1.8421316146850586,1.4766011238098145,1.0043655633926392,0.782925009727478,0.9157031774520874,1.1283149719238281,1.0956531763076782,0.8123013973236084,0.4308435618877411,0.5501656532287598,0.8875077962875366,0.8576139211654663,AS
../data/DWT_NEW/AS/New_AS_140.wav,31.892059326171875,-74.40409851074219,31.780426025390625,-13.833463668823242,-4.557579040527344,11.074036598205566,-6.523284435272217,7.764446258544922,-0.958733320236206,-9.727250099182129,-0.3996572196483612,-2.4533534049987793,-0.46088069677352905,-4.685441017150879,-0.5513719320297241,-7.322474956512451,2.338716506958008,-1.6572495698928833,0.783860445022583,-2.3287267684936523,3.727604389190674,-1.716829776763916,-1.1347661018371582,3.036046028137207,-1.529151201248169,-3.301189422607422,-3.282970905303955,-4.081942081451416,-5.944518089294434,3.9551849365234375,1.9399054050445557,-10.176600456237793,-5.491818428039551,1.0176981687545776,2.8133749961853027,-1.4826593399047852,1.2239725589752197,2.8088197708129883,-2.828914165496826,-5.257755279541016,0.23279599845409393,0.013834327459335327,0.011339856311678886,0.017903652042150497,0.028926819562911987,0.03559344261884689,0.03339647501707077,0.025829069316387177,0.030960481613874435,0.04172644019126892,0.036634959280490875,0.031364135444164276,0.07413305342197418,0.10265374928712845,0.09171465039253235,0.06273660808801651,0.08221634477376938,0.07020216435194016,0.07394338399171829,0.117190882563591,0.09721933305263519,0.059122126549482346,0.05251682549715042,0.057442888617515564,0.0564381405711174,0.050475139170885086,0.050383105874061584,0.06397916376590729,0.08057057857513428,0.09889495372772217,0.11116975545883179,0.10736697912216187,0.08437350392341614,0.07680274546146393,0.07379582524299622,0.0581958033144474,0.08728842437267303,0.11508242785930634,0.08821405470371246,0.08167639374732971,0.03678130358457565,0.019671939313411713,0.04511889070272446,0.03893014043569565,0.0530235581099987,0.06889796257019043,0.0804675817489624,0.07067961990833282,0.07245044410228729,0.07532081753015518,0.0664471685886383,0.061105355620384216,0.0639742910861969,0.049031972885131836,0.019252046942710876,0.04026567563414574,0.06766404211521149,0.06721431016921997,0.05220218747854233,0.05317084863781929,0.05903920531272888,AS
../data/DWT_NEW/AS/New_AS_190.wav,185.8027801513672,9.367897033691406,-2.48032546043396,-12.401134490966797,3.3039891719818115,-9.419225692749023,8.095791816711426,-17.557865142822266,1.2336488962173462,-4.838560104370117,8.88871955871582,-2.2419376373291016,2.2710464000701904,-5.039514064788818,-5.831691741943359,-0.8104851245880127,-4.746068000793457,3.04467511177063,2.06496000289917,0.34101125597953796,4.072464942932129,1.5560393333435059,-1.8858532905578613,0.5369035005569458,-0.7070695161819458,-0.1788395643234253,0.49466753005981445,-5.877910614013672,-1.7641736268997192,-3.8856863975524902,-3.3075201511383057,0.7832235097885132,-3.6146621704101562,-1.6365920305252075,3.465385913848877,1.4682421684265137,-2.0493671894073486,-2.9588911533355713,3.8198647499084473,-2.9872233867645264,0.41805344820022583,0.15969052910804749,0.035785675048828125,0.13262435793876648,0.2610365152359009,0.3421870470046997,0.35435259342193604,0.3191453218460083,0.3592541813850403,0.5376847982406616,0.7124832272529602,0.7412525415420532,0.5626786351203918,0.2534838020801544,0.3432329297065735,0.5992825627326965,0.5749112367630005,0.4180391728878021,0.6735402941703796,0.6932721734046936,0.46122366189956665,0.6286291480064392,0.6811636090278625,0.5445572137832642,0.5424131751060486,0.5582412481307983,0.6427024602890015,0.5527589321136475,0.5486428737640381,0.5814535021781921,0.5607495903968811,0.7949503660202026,0.8425114154815674,0.9117485880851746,1.1688168048858643,1.1500697135925293,1.2736601829528809,1.3028315305709839,1.245556354522705,1.1753339767456055,0.9385582208633423,0.647477388381958,0.3029441833496094,0.39566054940223694,0.7834012508392334,1.0924469232559204,1.254494309425354,1.2575089931488037,1.161897897720337,1.021456241607666,0.8853822946548462,0.7426393032073975,0.5649277567863464,0.4773109555244446,0.7028526663780212,1.138960838317871,1.5377748012542725,1.6946437358856201,1.5837581157684326,1.373317003250122,1.1399691104888916,AS
../data/DWT_NEW/AS/New_AS_069.wav,84.92860412597656,-77.3213119506836,24.25214385986328,13.78069019317627,2.1315081119537354,-3.7304179668426514,-0.8231682777404785,3.6377506256103516,3.8074631690979004,-6.89457893371582,2.3243260383605957,0.6576160192489624,3.600773811340332,0.9736642241477966,-9.275679588317871,-5.316347122192383,5.634530544281006,2.1817617416381836,4.348815441131592,0.9511620998382568,2.8543906211853027,2.737095355987549,3.273902416229248,-3.4397895336151123,-1.17825186252594,1.1223338842391968,3.4070136547088623,-1.3901278972625732,-2.3916923999786377,-8.457571029663086,-4.0441999435424805,3.062547206878662,-2.1445164680480957,-1.3729276657104492,-2.7462120056152344,3.3991241455078125,4.465090751647949,-0.0918889045715332,1.7655097246170044,-0.3599627912044525,0.32667168974876404,0.04601344093680382,0.06682668626308441,0.0889628529548645,0.10645750164985657,0.11638244986534119,0.12049049139022827,0.12367741763591766,0.13052965700626373,0.13904336094856262,0.13803255558013916,0.11751462519168854,0.08911989629268646,0.09571817517280579,0.1264159232378006,0.13247650861740112,0.11538955569267273,0.12631551921367645,0.14949768781661987,0.13681189715862274,0.11903474479913712,0.1192905455827713,0.07996965944766998,0.09722377359867096,0.1340082585811615,0.12546610832214355,0.07993365824222565,0.04885771498084068,0.10396724939346313,0.13289615511894226,0.1244233101606369,0.09037020802497864,0.13326655328273773,0.15507079660892487,0.09490396082401276,0.14001578092575073,0.11367173492908478,0.10153372585773468,0.09281746298074722,0.08349243551492691,0.08380793780088425,0.09135596454143524,0.10557328909635544,0.1225469633936882,0.14065422117710114,0.15533185005187988,0.16581639647483826,0.1749718189239502,0.1829727739095688,0.1803690642118454,0.16263392567634583,0.1349639892578125,0.10755542665719986,0.10170397162437439,0.10841569304466248,0.10400807112455368,0.09459491074085236,0.08413603156805038,0.07153953611850739,0.06928955018520355,0.1080414429306984,AS
../data/DWT_NEW/AS/New_AS_134.wav,116.03213500976562,-60.09481430053711,15.022726058959961,2.214306354522705,11.057640075683594,-5.241989612579346,3.1494152545928955,-9.167425155639648,-0.04484438896179199,2.6538009643554688,3.3122658729553223,3.9300448894500732,4.577620506286621,-1.1843208074569702,-7.5691986083984375,6.557830810546875,-0.45060670375823975,0.7768114805221558,-1.6294598579406738,1.4721450805664062,-5.163765907287598,-9.970405578613281,-5.027509689331055,0.392203688621521,-1.2252752780914307,0.5202738046646118,-0.6200919151306152,2.259006977081299,1.0530394315719604,-0.7728201150894165,-0.6895190477371216,-2.201956272125244,-0.0898241177201271,3.830561637878418,1.2417263984680176,-0.5089419484138489,-0.6224527359008789,-1.8294591903686523,-0.5592858791351318,0.8967883586883545,0.3711245357990265,0.195083349943161,0.20139679312705994,0.19327351450920105,0.17004437744617462,0.13761630654335022,0.11700575053691864,0.1294570118188858,0.156345933675766,0.1660102903842926,0.14119383692741394,0.08880678564310074,0.10422930866479874,0.18490560352802277,0.23163604736328125,0.20623928308486938,0.1291561871767044,0.1778661012649536,0.2469807267189026,0.21928906440734863,0.13883306086063385,0.20163455605506897,0.1908610612154007,0.21016494929790497,0.27220970392227173,0.238045334815979,0.17796605825424194,0.1925610601902008,0.2300230860710144,0.21064990758895874,0.16388383507728577,0.17428937554359436,0.1732032746076584,0.15245087444782257,0.15939174592494965,0.16031916439533234,0.16580843925476074,0.18597865104675293,0.19025088846683502,0.20517633855342865,0.21342885494232178,0.2205301970243454,0.22730635106563568,0.22790180146694183,0.2047627568244934,0.1491856575012207,0.08343712240457535,0.12452702224254608,0.20091012120246887,0.25828349590301514,0.27643364667892456,0.23379944264888763,0.14535290002822876,0.08142690360546112,0.15967737138271332,0.25062939524650574,0.3129124641418457,0.3201480209827423,0.3516499698162079,0.4157170057296753,0.47736936807632446,AS
../data/DWT_NEW/AS/New_AS_131.wav,135.31976318359375,-47.86688995361328,-4.152198314666748,-9.57004165649414,19.39653205871582,-5.007094383239746,9.731623649597168,-11.802091598510742,-15.367630958557129,-14.492137908935547,-6.454949855804443,-0.32370030879974365,-2.519946575164795,2.955839157104492,4.318179607391357,-4.162075996398926,-10.915579795837402,-10.065921783447266,-7.444176197052002,5.990725040435791,-0.40349751710891724,-3.4397222995758057,11.984541893005371,-11.215781211853027,3.444781541824341,-8.881453514099121,-3.9804444313049316,1.09389328956604,-1.2358381748199463,0.6306169033050537,3.1606874465942383,-1.2859551906585693,-0.4698622524738312,-5.436005115509033,-0.7365912199020386,-3.7981340885162354,0.7458815574645996,0.5262290239334106,-0.6885521411895752,2.1074695587158203,0.4343094229698181,0.0908946692943573,0.086682990193367,0.07424698770046234,0.05345086753368378,0.027197498828172684,0.015642523765563965,0.03390580043196678,0.03996508941054344,0.030127622187137604,0.05963420495390892,0.1265089362859726,0.18764904141426086,0.2111104130744934,0.1614246517419815,0.07267016172409058,0.060940951108932495,0.06416994333267212,0.12414973229169846,0.25445589423179626,0.28370967507362366,0.1871928721666336,0.09279031306505203,0.1413297802209854,0.29370254278182983,0.31925398111343384,0.19793187081813812,0.1736585646867752,0.34359046816825867,0.34179532527923584,0.21963614225387573,0.33950766921043396,0.3695128560066223,0.2856329381465912,0.3626982867717743,0.33975982666015625,0.3370164930820465,0.35728293657302856,0.35340818762779236,0.36156779527664185,0.36237987875938416,0.36052554845809937,0.36411595344543457,0.37232768535614014,0.3791217803955078,0.3794556260108948,0.366860032081604,0.32990705966949463,0.26503413915634155,0.1690719723701477,0.06285593658685684,0.15393997728824615,0.3319326639175415,0.4985242486000061,0.6287046670913696,0.7029393911361694,0.730449378490448,0.7487759590148926,0.8082386255264282,0.9041566252708435,0.966536283493042,AS
../data/DWT_NEW/AS/New_AS_144.wav,131.04718017578125,-38.77220153808594,21.179691314697266,-17.79779815673828,-4.295103073120117,-7.115814208984375,-9.071990013122559,3.194521427154541,-3.567497491836548,4.507378101348877,-5.787600994110107,-9.565147399902344,2.3867928981781006,-5.503824234008789,-1.2817022800445557,-1.971233606338501,2.844640016555786,-0.8858907222747803,-0.9588454961776733,-6.294735908508301,2.586273193359375,-5.59223747253418,1.5462735891342163,-2.228177547454834,-1.0077677965164185,-4.131331443786621,5.860109329223633,-4.131841659545898,-5.557525157928467,7.595434188842773,-3.237142324447632,-4.7584757804870605,1.1244754791259766,3.667008399963379,-8.275827407836914,3.3355534076690674,-7.515254020690918,1.2399380207061768,-5.375382900238037,3.314350128173828,0.4173019826412201,0.07804261147975922,0.07612551748752594,0.07404172420501709,0.06644818186759949,0.05443353205919266,0.06508297473192215,0.11082577705383301,0.15984050929546356,0.1838456392288208,0.16239680349826813,0.09512855857610703,0.06285985559225082,0.13722355663776398,0.18606728315353394,0.214125394821167,0.24942946434020996,0.2451999932527542,0.1654956340789795,0.09333857148885727,0.1516435146331787,0.2464929074048996,0.2874529957771301,0.21467524766921997,0.14112097024917603,0.12389116734266281,0.21253123879432678,0.24594485759735107,0.22375833988189697,0.18952658772468567,0.25461405515670776,0.31252560019493103,0.27257639169692993,0.30474868416786194,0.3058890402317047,0.28474023938179016,0.3070424795150757,0.2851809561252594,0.3203442692756653,0.3160036504268646,0.36238893866539,0.3407372832298279,0.30212366580963135,0.26602011919021606,0.25235652923583984,0.294387549161911,0.33012107014656067,0.31932729482650757,0.3053678870201111,0.27136147022247314,0.27804484963417053,0.27692437171936035,0.20560961961746216,0.14163222908973694,0.19058914482593536,0.1466793715953827,0.11048658192157745,0.0955025851726532,0.09480516612529755,0.1727934181690216,0.15778593719005585,AS
../data/DWT_NEW/AS/New_AS_182.wav,174.3616943359375,8.728494644165039,-11.923001289367676,-4.3456220626831055,-1.5385040044784546,5.004079341888428,-6.451530933380127,5.459953784942627,-4.706366062164307,10.588878631591797,1.8617780208587646,-3.586254119873047,2.310342788696289,-0.38558024168014526,3.649751901626587,-2.2117655277252197,-1.0136966705322266,1.691345453262329,1.6810494661331177,-1.0809381008148193,6.294249057769775,1.184844732284546,-7.950808525085449,-0.80909663438797,-0.5891048312187195,-5.104844093322754,3.366973400115967,1.1908131837844849,-1.5287435054779053,1.4194614887237549,-3.157785415649414,4.738755702972412,-3.039252758026123,-1.36039400100708,5.6601409912109375,-2.307708501815796,0.27864307165145874,-0.7219526171684265,-0.7068255543708801,-0.02719464898109436,0.3246607482433319,0.4987803101539612,0.5525299310684204,0.6053348779678345,0.6423313617706299,0.6468201279640198,0.6114153265953064,0.529801607131958,0.40960726141929626,0.29604572057724,0.28172722458839417,0.3676697611808777,0.4481920003890991,0.4977946877479553,0.5249215364456177,0.6318663358688354,0.7637268304824829,0.7617239952087402,0.5580918192863464,0.28141823410987854,0.4667857885360718,0.5261877775192261,0.38325563073158264,0.47458627820014954,0.5326331257820129,0.5131324529647827,0.6211475729942322,0.597832202911377,0.48114898800849915,0.4723368287086487,0.5901569724082947,0.5690878629684448,0.46347576379776,0.4304296374320984,0.4364197850227356,0.38963162899017334,0.3089561462402344,0.2707754969596863,0.23144713044166565,0.32415077090263367,0.42120635509490967,0.5001335144042969,0.511193573474884,0.46912699937820435,0.39695513248443604,0.4129750728607178,0.5410060882568359,0.6693600416183472,0.7584269642829895,0.8291587829589844,0.8400019407272339,0.765643835067749,0.789055585861206,0.8271077871322632,0.7541640400886536,0.7083714604377747,0.6998870372772217,0.6388847827911377,0.6284111738204956,0.734971821308136,0.7554101347923279,AS
../data/DWT_NEW/AS/New_AS_002.wav,135.22006225585938,-55.0081901550293,9.70833969116211,-4.547192096710205,2.703035831451416,-16.596755981445312,4.571556091308594,0.33232200145721436,5.055054187774658,-4.025444984436035,-1.7076435089111328,3.606644868850708,6.086298942565918,0.7534508109092712,-3.122022867202759,1.860109806060791,1.6191514730453491,-2.9735164642333984,2.5504934787750244,1.246856689453125,0.7743574380874634,0.13170799612998962,1.5010135173797607,2.4043025970458984,-2.1675143241882324,-1.1964150667190552,0.7454871535301208,-2.3012146949768066,1.9274797439575195,1.216221809387207,-1.0826940536499023,-2.1692464351654053,-3.17043137550354,1.6978278160095215,0.784223198890686,0.7509337663650513,-2.2109107971191406,-0.3417750298976898,-1.0332869291305542,3.070258617401123,0.4295996427536011,0.14972829818725586,0.10185800492763519,0.0489666685461998,0.04910688474774361,0.10236325860023499,0.14493240416049957,0.15934249758720398,0.13517749309539795,0.07621128112077713,0.06086689978837967,0.15576286613941193,0.2366560697555542,0.2648141384124756,0.22204776108264923,0.12521758675575256,0.06968940794467926,0.12343496084213257,0.11570418626070023,0.10208354890346527,0.20354539155960083,0.24986818432807922,0.19446860253810883,0.12057660520076752,0.10694244503974915,0.14761078357696533,0.1986653208732605,0.1823357343673706,0.12459468841552734,0.12747186422348022,0.1758021116256714,0.16508503258228302,0.14266107976436615,0.15951822698116302,0.19157320261001587,0.20218515396118164,0.2131575047969818,0.2420317530632019,0.24416592717170715,0.24565988779067993,0.25012263655662537,0.26785632967948914,0.2919434905052185,0.32129910588264465,0.353294312953949,0.3926607668399811,0.43301481008529663,0.44753509759902954,0.436801552772522,0.41681188344955444,0.3858063817024231,0.3414139151573181,0.2916049361228943,0.23602649569511414,0.1565888375043869,0.08972617983818054,0.1692337691783905,0.250021368265152,0.26568543910980225,0.26479092240333557,0.2616819441318512,AS
../data/DWT_NEW/AS/New_AS_162.wav,132.1754150390625,-24.060726165771484,9.116427421569824,-12.44407844543457,-10.264063835144043,-0.4055848717689514,-7.8393073081970215,0.5174969434738159,9.146897315979004,-1.4640469551086426,-2.403658628463745,6.543913841247559,3.7057414054870605,-8.651910781860352,2.2499353885650635,6.480618476867676,2.2930264472961426,4.038788795471191,1.8043146133422852,5.899761199951172,2.1495909690856934,-3.4332427978515625,-0.6103233695030212,-3.2409636974334717,-0.9308609962463379,3.253314971923828,1.521680235862732,2.4859814643859863,-1.3705971240997314,0.9566596746444702,2.620375156402588,-0.18512678146362305,2.125610828399658,-2.918917655944824,-0.09399127215147018,-0.24398145079612732,-2.135491371154785,1.3882567882537842,-0.8215942978858948,-2.2180700302124023,0.27197927236557007,0.23604494333267212,0.23535700142383575,0.23715655505657196,0.24013984203338623,0.2393447756767273,0.22993281483650208,0.20520222187042236,0.16371089220046997,0.12272857129573822,0.1294480264186859,0.18632638454437256,0.24324923753738403,0.28278636932373047,0.2837432622909546,0.25879818201065063,0.22328422963619232,0.1746196448802948,0.10775810480117798,0.09445782005786896,0.1737925410270691,0.21632716059684753,0.1997000277042389,0.13845713436603546,0.08071697503328323,0.11708828806877136,0.16221840679645538,0.14954730868339539,0.07889135181903839,0.08712679892778397,0.19270867109298706,0.19424328207969666,0.13184432685375214,0.20428308844566345,0.2581058740615845,0.24570971727371216,0.28837135434150696,0.3443072438240051,0.3656620979309082,0.3993401527404785,0.42317962646484375,0.432595431804657,0.4084513783454895,0.35044652223587036,0.2672038972377777,0.2343224287033081,0.2764471173286438,0.3844756484031677,0.4903697371482849,0.5530238151550293,0.5256156921386719,0.39816874265670776,0.2523612380027771,0.17361900210380554,0.25381696224212646,0.33182674646377563,0.38067910075187683,0.36410534381866455,0.274751752614975,0.18807417154312134,0.1806735098361969,AS
../data/DWT_NEW/AS/New_AS_022.wav,140.31048583984375,-56.72444152832031,3.370786666870117,-7.20037841796875,10.068095207214355,-0.4221782088279724,13.935466766357422,5.541170120239258,13.27613353729248,4.450920104980469,2.4605252742767334,-3.072856903076172,4.955415725708008,1.944406509399414,-4.327239513397217,5.224379539489746,6.159472465515137,-0.04322099685668945,3.7128186225891113,-0.14246238768100739,-2.809784173965454,-3.113165855407715,-3.8410801887512207,-0.29233381152153015,-4.118653297424316,-4.8322858810424805,-0.4328179955482483,-1.3200197219848633,1.9010180234909058,4.215181827545166,-0.16835641860961914,-5.776771545410156,-0.09715643525123596,0.15015122294425964,2.440068244934082,-1.7456209659576416,-0.7020835876464844,-2.001837730407715,1.2359962463378906,2.7085394859313965,0.44677385687828064,0.3675746023654938,0.39551234245300293,0.4024925231933594,0.3821551501750946,0.3337576985359192,0.2729986310005188,0.22979269921779633,0.2323344647884369,0.2575860023498535,0.25972458720207214,0.22833377122879028,0.23574493825435638,0.3355126976966858,0.4311208426952362,0.4360917806625366,0.32862088084220886,0.2048407793045044,0.27437445521354675,0.292533278465271,0.24606004357337952,0.3219710886478424,0.3168395161628723,0.23299488425254822,0.24059057235717773,0.2365313023328781,0.20277749001979828,0.18630127608776093,0.16474726796150208,0.15299302339553833,0.14109374582767487,0.12252411246299744,0.07988979667425156,0.10372356325387955,0.11322206258773804,0.08152216672897339,0.09050031006336212,0.06721290946006775,0.07164575159549713,0.10307982563972473,0.144722118973732,0.17443254590034485,0.17561940848827362,0.14395777881145477,0.1136103942990303,0.10981220006942749,0.11434778571128845,0.14645329117774963,0.21170037984848022,0.27069833874702454,0.3196881413459778,0.37738949060440063,0.44599252939224243,0.49003270268440247,0.4849298596382141,0.47514548897743225,0.4908818006515503,0.515563428401947,0.5093705058097839,0.5039598345756531,0.5244942903518677,AS
../data/DWT_NEW/AS/New_AS_040.wav,110.1189193725586,-57.462520599365234,14.332387924194336,-0.3818995952606201,11.177212715148926,-0.47549763321876526,6.412071228027344,-9.120443344116211,0.31181085109710693,-1.5392937660217285,-0.040437668561935425,1.8206367492675781,5.44713830947876,-1.305826187133789,-3.4063429832458496,9.681825637817383,0.5101411938667297,-2.0561561584472656,-3.1531686782836914,-1.4590989351272583,-2.4057822227478027,-4.4548492431640625,0.5306679010391235,1.832301139831543,-4.135677814483643,1.0666439533233643,-0.40120840072631836,0.928595781326294,0.5237666368484497,1.561642050743103,-0.07339593768119812,-1.1256580352783203,-0.568179726600647,2.5450785160064697,1.126680612564087,-1.28855562210083,0.7158982753753662,-0.8308472633361816,0.7441985011100769,-0.4542851448059082,0.3416532576084137,0.19774582982063293,0.19603312015533447,0.18868765234947205,0.17658878862857819,0.1604730486869812,0.14150512218475342,0.11634683609008789,0.08137043565511703,0.04657704383134842,0.07253879308700562,0.13039177656173706,0.1825966238975525,0.21716414391994476,0.23016348481178284,0.21325185894966125,0.15714167058467865,0.0837312787771225,0.1282482147216797,0.18886548280715942,0.199046328663826,0.19056718051433563,0.17363113164901733,0.15148234367370605,0.2099919617176056,0.23257409036159515,0.18052156269550323,0.14050793647766113,0.1781761199235916,0.19208312034606934,0.1592889130115509,0.15069253742694855,0.13860009610652924,0.1247108057141304,0.14340248703956604,0.13048924505710602,0.12792177498340607,0.1389504373073578,0.1301412135362625,0.13851940631866455,0.15384697914123535,0.16048075258731842,0.1604650467634201,0.1518094539642334,0.1323203444480896,0.09410838782787323,0.04719418287277222,0.06547177582979202,0.10051392018795013,0.11449972540140152,0.11516082286834717,0.10016550123691559,0.14775648713111877,0.20925849676132202,0.23786196112632751,0.26269787549972534,0.29903775453567505,0.320732057094574,0.3190673887729645,0.33453240990638733,0.3729589879512787,AS
../data/DWT_NEW/AS/New_AS_092.wav,123.69255065917969,-44.83580017089844,12.206024169921875,-5.000860691070557,3.338308334350586,-3.1437857151031494,-0.7933653593063354,-11.693191528320312,3.775156021118164,-3.099480152130127,-1.7156672477722168,-10.78988265991211,2.033954620361328,-2.581165313720703,2.5371646881103516,6.27128791809082,3.0209550857543945,0.5873388648033142,-0.43989744782447815,-1.407616376876831,-3.555117130279541,1.2565655708312988,1.7616184949874878,6.779543399810791,-2.8073158264160156,0.3230687379837036,-0.11939537525177002,1.28806471824646,0.2807868719100952,1.877246379852295,0.004342854022979736,-1.792001485824585,-0.2128877341747284,-0.5549405813217163,3.8473944664001465,-2.165163993835449,1.3040276765823364,-1.436463713645935,0.774553656578064,-1.0651648044586182,0.34069472551345825,0.15450355410575867,0.17312583327293396,0.17186519503593445,0.14707478880882263,0.1005159392952919,0.05436781793832779,0.08502280712127686,0.14149320125579834,0.1715628057718277,0.15540796518325806,0.08950937539339066,0.05498206242918968,0.15096934139728546,0.21601641178131104,0.2078920304775238,0.13048005104064941,0.060334570705890656,0.10222791880369186,0.10286714136600494,0.11317351460456848,0.18535324931144714,0.19697657227516174,0.13256147503852844,0.115597665309906,0.14623039960861206,0.14952979981899261,0.17062494158744812,0.1214502677321434,0.16455170512199402,0.15745949745178223,0.15714430809020996,0.13157381117343903,0.17077815532684326,0.17068397998809814,0.14032316207885742,0.1748584806919098,0.14479418098926544,0.13988327980041504,0.12334737181663513,0.12149621546268463,0.11335676908493042,0.11322800815105438,0.10886141657829285,0.10630366206169128,0.1055249571800232,0.11162116378545761,0.11742180585861206,0.12568075954914093,0.1259428858757019,0.12197090685367584,0.21697700023651123,0.31429386138916016,0.3641566038131714,0.3505345582962036,0.31920287013053894,0.318276047706604,0.3083902895450592,0.2649618983268738,0.3364403545856476,0.46177172660827637,AS
../data/DWT_NEW/AS/New_AS_091.wav,118.35221862792969,-61.26817321777344,13.139494895935059,-5.838132858276367,7.140760898590088,-8.941139221191406,-1.1662871837615967,-6.641595363616943,-0.22445255517959595,0.31372684240341187,-2.661266803741455,-1.9984604120254517,3.874885320663452,1.5376672744750977,-0.14816275238990784,7.782107353210449,-2.262505531311035,1.5520272254943848,-1.0828330516815186,2.2062954902648926,-1.5194960832595825,0.2937423586845398,4.425381660461426,3.78901743888855,1.6364154815673828,1.4926639795303345,2.4824044704437256,1.680546522140503,2.6245856285095215,1.2237261533737183,2.0417580604553223,0.4921432137489319,2.106847047805786,1.5826712846755981,3.6860077381134033,-1.0242669582366943,1.3984657526016235,1.23545241355896,0.45186111330986023,-0.14932914078235626,0.3947782814502716,0.05859526991844177,0.09711713343858719,0.12315734475851059,0.13008242845535278,0.1131364107131958,0.07347346097230911,0.027484692633152008,0.07834021747112274,0.1426827311515808,0.18473947048187256,0.18545275926589966,0.14183777570724487,0.06940598040819168,0.04194911569356918,0.08329606056213379,0.08516520261764526,0.05404505506157875,0.08506622165441513,0.11478942632675171,0.09659048914909363,0.05656985938549042,0.05092652142047882,0.06506551802158356,0.1458272784948349,0.19154992699623108,0.16361890733242035,0.11951324343681335,0.1459769904613495,0.20648565888404846,0.21408505737781525,0.19024646282196045,0.18964242935180664,0.20860028266906738,0.2179897576570511,0.21501031517982483,0.22295254468917847,0.23610439896583557,0.24835065007209778,0.2673838138580322,0.28493791818618774,0.2987145185470581,0.31151774525642395,0.31911414861679077,0.3220582604408264,0.3179458975791931,0.3010002076625824,0.2779816687107086,0.26513850688934326,0.2642233967781067,0.27135390043258667,0.28341343998908997,0.28959524631500244,0.2572811543941498,0.16748259961605072,0.08987678587436676,0.14249011874198914,0.21863490343093872,0.2752765715122223,0.30765554308891296,0.29081857204437256,AS
../data/DWT_NEW/AS/New_AS_036.wav,114.75863647460938,-55.59490203857422,11.356934547424316,-2.799429178237915,12.278562545776367,-2.5804924964904785,4.4240007400512695,2.0468521118164062,11.36563777923584,7.389871597290039,-0.18004673719406128,-3.095010995864868,2.672267436981201,3.4482836723327637,-2.497957706451416,8.465585708618164,-0.6034340262413025,-1.8345435857772827,-1.2024409770965576,-0.8339998722076416,-1.6367828845977783,-3.107992172241211,-1.1511645317077637,3.713904619216919,-1.4529227018356323,-0.16293299198150635,1.3513548374176025,-1.256184697151184,2.3316023349761963,-0.8610979318618774,-1.8054721355438232,-6.031534194946289,-1.091454267501831,-2.1427416801452637,0.8327683210372925,-1.8466112613677979,0.9720703363418579,-0.7030976414680481,1.7190237045288086,0.32951533794403076,0.3494948446750641,0.21221104264259338,0.19666549563407898,0.17526963353157043,0.1557404100894928,0.15049967169761658,0.16622507572174072,0.19000892341136932,0.20404548943042755,0.20359456539154053,0.20276883244514465,0.22896775603294373,0.2815684676170349,0.3215598464012146,0.3167586624622345,0.25459593534469604,0.16936135292053223,0.15006102621555328,0.18064305186271667,0.21345114707946777,0.28719964623451233,0.3186897933483124,0.247498020529747,0.12124457955360413,0.07974708080291748,0.16621457040309906,0.23306027054786682,0.2026681900024414,0.12836408615112305,0.12492093443870544,0.16590897738933563,0.17236235737800598,0.16389302909374237,0.1708967685699463,0.18872836232185364,0.18905076384544373,0.1864393651485443,0.1789354383945465,0.14942899346351624,0.12758862972259521,0.10527504980564117,0.10015198588371277,0.11620910465717316,0.1388993263244629,0.15674357116222382,0.16234923899173737,0.15597809851169586,0.14042283594608307,0.1277702897787094,0.14257197082042694,0.1743948757648468,0.19833964109420776,0.22365602850914001,0.23816633224487305,0.19045394659042358,0.20128649473190308,0.21201267838478088,0.23310279846191406,0.21220792829990387,0.21239323914051056,0.21750542521476746,AS
../data/DWT_NEW/AS/New_AS_185.wav,117.07485961914062,-26.49654197692871,11.717893600463867,-11.350746154785156,-3.5684213638305664,7.4318132400512695,3.139317035675049,16.894771575927734,2.1695542335510254,4.482893943786621,0.057784855365753174,2.6213903427124023,9.113844871520996,0.9295716881752014,-3.2883825302124023,4.508727073669434,0.4909268617630005,11.124058723449707,-3.2204480171203613,-1.339530110359192,-8.366004943847656,-0.08451318740844727,-5.523933410644531,-2.0639686584472656,-2.1668879985809326,5.899399757385254,0.10173529386520386,-5.611748218536377,-5.464625835418701,1.1552412509918213,-5.9736409187316895,-3.9958243370056152,2.411062240600586,-4.230101585388184,3.7108471393585205,1.8829708099365234,-2.3522915840148926,4.0170369148254395,-1.558276653289795,-0.06022036075592041,0.25685280561447144,0.30147072672843933,0.38985857367515564,0.4745020866394043,0.540641188621521,0.5714887380599976,0.5569466948509216,0.48729944229125977,0.3626173436641693,0.2069883942604065,0.07501182705163956,0.1204179972410202,0.13525186479091644,0.07450347393751144,0.23483678698539734,0.46622979640960693,0.6316097974777222,0.6307665705680847,0.45519447326660156,0.2218901515007019,0.1468595564365387,0.15020155906677246,0.27051016688346863,0.4145410358905792,0.4033164381980896,0.2711547017097473,0.14016851782798767,0.17664451897144318,0.2540629506111145,0.23016183078289032,0.1308201402425766,0.10402838885784149,0.11435771733522415,0.08588988333940506,0.14371508359909058,0.2188519388437271,0.26548928022384644,0.26537662744522095,0.23860295116901398,0.18333642184734344,0.12879933416843414,0.15324527025222778,0.24487493932247162,0.31281331181526184,0.33569803833961487,0.3117001950740814,0.23876112699508667,0.14399592578411102,0.17414623498916626,0.31495246291160583,0.3895430564880371,0.2947451174259186,0.16517692804336548,0.28055548667907715,0.44175854325294495,0.5731827020645142,0.5811231136322021,0.39760082960128784,0.11463339626789093,0.1911339908838272,0.24998129904270172,AS
../data/DWT_NEW/AS/New_AS_061.wav,80.47982788085938,-80.93276977539062,-1.1407420635223389,-6.0089640617370605,-3.6361780166625977,-3.916109561920166,-3.484194278717041,-13.783380508422852,2.6262457370758057,-2.1972782611846924,2.5112714767456055,-8.269774436950684,-4.299389362335205,-2.681483745574951,-5.489209175109863,-2.5087780952453613,6.8260297775268555,9.26601791381836,-2.2235107421875,-10.166400909423828,1.2319644689559937,-3.1375374794006348,-2.543565273284912,-8.113801956176758,-5.988377571105957,-0.1901288628578186,0.875927746295929,0.6678159236907959,4.910454750061035,-1.2689728736877441,0.55601966381073,-3.6380295753479004,0.5811423063278198,-2.74589204788208,-0.768389880657196,0.5279994010925293,-2.8658900260925293,-1.0955326557159424,1.524399757385254,3.8473150730133057,0.3198605477809906,0.025867793709039688,0.022473791614174843,0.016196586191654205,0.007084314711391926,0.006283894646912813,0.018747400492429733,0.0300598181784153,0.03658789396286011,0.03583620488643646,0.026864513754844666,0.011932173743844032,0.010901549831032753,0.026378054171800613,0.036660145968198776,0.047252148389816284,0.05704893916845322,0.05666956678032875,0.04492580518126488,0.04938182607293129,0.06686433404684067,0.06682318449020386,0.05404619127511978,0.04983215034008026,0.06909279525279999,0.07816968858242035,0.04807836562395096,0.015965551137924194,0.06591634452342987,0.07459770888090134,0.052130091935396194,0.062095507979393005,0.08719523251056671,0.08794206380844116,0.08756949752569199,0.09334088116884232,0.0918506532907486,0.09129379689693451,0.09987953305244446,0.11463858187198639,0.11829079687595367,0.12217774987220764,0.11638399958610535,0.10735198855400085,0.09111623466014862,0.07001476734876633,0.05091794580221176,0.06672218441963196,0.09852667152881622,0.13542020320892334,0.17021533846855164,0.18626649677753448,0.18128684163093567,0.17291750013828278,0.16536304354667664,0.14975954592227936,0.15033946931362152,0.1520245373249054,0.13401387631893158,0.1368369460105896,0.24945901334285736,AS
../data/DWT_NEW/AS/New_AS_006.wav,144.87841796875,-58.16667938232422,7.876344680786133,-7.861209869384766,12.057299613952637,1.8103110790252686,4.10743522644043,-0.9380322694778442,8.204904556274414,2.319429874420166,-5.355066776275635,-8.695039749145508,1.6333929300308228,4.311194896697998,-3.4605631828308105,9.438848495483398,2.0833499431610107,0.09148001670837402,2.3747966289520264,1.436201810836792,-4.777372360229492,-1.5832749605178833,1.3451967239379883,3.825713634490967,1.0692750215530396,-2.2985918521881104,2.9498307704925537,-1.5491001605987549,1.9974753856658936,1.3591034412384033,-0.5812615156173706,-5.518251895904541,0.553973376750946,-1.0535800457000732,2.26424503326416,-0.8297262191772461,-0.4480595290660858,-0.7418602705001831,1.1413447856903076,0.7973419427871704,0.48442384600639343,0.16270369291305542,0.1393241286277771,0.10522766411304474,0.0607011616230011,0.04090221971273422,0.10365194082260132,0.18010438978672028,0.2464691549539566,0.28829094767570496,0.2971261739730835,0.2779444456100464,0.26172226667404175,0.2665311396121979,0.2660040557384491,0.21893593668937683,0.12442632764577866,0.10013802349567413,0.18154236674308777,0.21346165239810944,0.2357855588197708,0.27739375829696655,0.24886703491210938,0.156735360622406,0.10308055579662323,0.14880412817001343,0.2295592576265335,0.23201334476470947,0.18769237399101257,0.1919867992401123,0.23066571354866028,0.2544412612915039,0.26748645305633545,0.27655738592147827,0.30058780312538147,0.31388187408447266,0.30862563848495483,0.30859455466270447,0.2941991686820984,0.2810707986354828,0.2777586281299591,0.2813526391983032,0.2919827103614807,0.29906031489372253,0.2882155776023865,0.25399112701416016,0.20359313488006592,0.17889848351478577,0.19160772860050201,0.20808832347393036,0.24954552948474884,0.3163795471191406,0.3585202693939209,0.35363394021987915,0.2958816885948181,0.2055503875017166,0.2106035202741623,0.3286505937576294,0.321170449256897,0.3215239942073822,0.3204694390296936,AS
../data/DWT_NEW/AS/New_AS_108.wav,106.10853576660156,-50.573524475097656,18.08505630493164,-6.406033039093018,12.411239624023438,4.684513092041016,2.8371376991271973,-5.2398681640625,-0.48606979846954346,0.40824973583221436,-4.535243034362793,-4.4701385498046875,0.7546591758728027,6.989930152893066,-1.5419807434082031,8.280141830444336,-2.0096800327301025,-2.605102062225342,-2.887467384338379,1.4782791137695312,-0.48701211810112,-4.986270904541016,0.41229355335235596,-0.26703786849975586,-1.849657654762268,-3.3105828762054443,2.7658629417419434,0.9397395849227905,2.5096993446350098,1.08735990524292,0.6681582927703857,-3.2114827632904053,-3.3051493167877197,1.8251115083694458,0.3727591037750244,-0.8092272281646729,0.9992075562477112,0.23443818092346191,-0.3519057333469391,1.5104966163635254,0.31310954689979553,0.0848071426153183,0.07585421204566956,0.07318402081727982,0.07358527928590775,0.07504060864448547,0.082524374127388,0.10407282412052155,0.1397060751914978,0.1821245551109314,0.22116106748580933,0.24530386924743652,0.24954958260059357,0.23175935447216034,0.1886376440525055,0.12782219052314758,0.09170764684677124,0.1353726089000702,0.16087783873081207,0.1747729629278183,0.24175947904586792,0.2767239212989807,0.220441535115242,0.15936903655529022,0.16311553120613098,0.19300401210784912,0.251373291015625,0.24230709671974182,0.193656325340271,0.19230803847312927,0.22979959845542908,0.2253742814064026,0.20241692662239075,0.2135508954524994,0.2227638065814972,0.211523175239563,0.21676640212535858,0.23053991794586182,0.24071604013442993,0.26737180352211,0.3000700771808624,0.32476863265037537,0.33333638310432434,0.31392955780029297,0.26856571435928345,0.21831640601158142,0.18325664103031158,0.1826733946800232,0.20051144063472748,0.20532238483428955,0.1911775767803192,0.19889304041862488,0.22431322932243347,0.20467886328697205,0.13126754760742188,0.04250291362404823,0.10830480605363846,0.17092743515968323,0.21152523159980774,0.2770329713821411,0.3502511978149414,AS
../data/DWT_NEW/AS/New_AS_170.wav,174.42347717285156,19.320438385009766,-0.7418094873428345,7.336482048034668,-5.436806678771973,-3.8784842491149902,-6.1501054763793945,10.496418952941895,10.206819534301758,7.346213340759277,3.009431838989258,4.496224880218506,0.7755667567253113,-0.9857501983642578,-6.074916839599609,-6.284588813781738,-6.966350078582764,-4.157951354980469,7.199222564697266,4.479408264160156,3.4070897102355957,-4.638309478759766,4.938202857971191,2.3641164302825928,-2.5619890689849854,-0.9900005459785461,3.8268628120422363,-2.1661086082458496,-4.0628581047058105,2.3267087936401367,-2.876206398010254,-2.4052090644836426,-0.2548009157180786,-1.556760549545288,5.175994873046875,-4.906259536743164,2.3516621589660645,0.40200430154800415,-1.8915408849716187,0.342116117477417,0.33406364917755127,1.061992883682251,1.0422608852386475,0.9629157781600952,0.8449467420578003,0.7376943826675415,0.6939535140991211,0.6684271097183228,0.5455543994903564,0.2719896733760834,0.3321551978588104,0.8313761949539185,1.2104370594024658,1.2760882377624512,1.0452923774719238,0.8350268602371216,0.890275239944458,0.7024303674697876,0.4785269498825073,0.8890538811683655,1.00287926197052,0.7533872127532959,0.9119516611099243,0.7609705924987793,0.6640094518661499,0.6770639419555664,0.7882366180419922,0.8208938837051392,0.6865541934967041,0.6446967124938965,0.715482234954834,0.7630736231803894,0.7794392108917236,0.6847587823867798,0.8404585123062134,0.8474018573760986,0.7684440612792969,0.7981866598129272,0.6613131761550903,0.5620205998420715,0.4354713559150696,0.4106154143810272,0.49543020129203796,0.6038731932640076,0.7463750243186951,0.918408989906311,1.1415212154388428,1.3984739780426025,1.6410964727401733,1.6917102336883545,1.4905877113342285,1.109948992729187,0.8587140440940857,0.8979284763336182,1.006859540939331,0.9030007123947144,0.5898895263671875,0.3169001340866089,0.32150429487228394,0.41848224401474,0.5293227434158325,AS
../data/DWT_NEW/AS/New_AS_163.wav,130.15606689453125,-27.892831802368164,12.08684253692627,-3.9337902069091797,-8.424934387207031,-7.893802165985107,0.02516523003578186,5.392958641052246,-10.200135231018066,-6.139571189880371,1.3347911834716797,5.837443828582764,1.5600543022155762,2.2346949577331543,2.621380567550659,1.4131895303726196,-4.448457717895508,-0.1825268268585205,3.3235926628112793,0.8808019161224365,-3.8318629264831543,0.1900404840707779,1.5483529567718506,-2.2997543811798096,3.030689239501953,3.176030158996582,4.024253845214844,-2.3918113708496094,-4.397905349731445,-4.74763298034668,2.2019948959350586,0.46175456047058105,-2.3356964588165283,-3.3985040187835693,0.05414512753486633,-4.023442268371582,-2.704108238220215,-3.205967903137207,-0.3783758878707886,0.299858421087265,0.27211058139801025,0.14006349444389343,0.1915217638015747,0.2440873384475708,0.29146331548690796,0.3263958692550659,0.34465932846069336,0.3408404588699341,0.3116326332092285,0.26378345489501953,0.20726828277111053,0.1480860859155655,0.08398184925317764,0.04689808189868927,0.1416773498058319,0.24474333226680756,0.3165896534919739,0.3414009213447571,0.328174889087677,0.27849218249320984,0.19106560945510864,0.14290651679039001,0.16330307722091675,0.12697289884090424,0.12596766650676727,0.13343769311904907,0.16609033942222595,0.2165469527244568,0.22094516456127167,0.23894105851650238,0.24704807996749878,0.23486262559890747,0.2298019826412201,0.2846488058567047,0.30602481961250305,0.302640825510025,0.31730344891548157,0.3438176214694977,0.3593375086784363,0.35165533423423767,0.38778382539749146,0.42601484060287476,0.4427448511123657,0.3903895318508148,0.28592199087142944,0.28138110041618347,0.35167938470840454,0.3779585361480713,0.31649070978164673,0.17307433485984802,0.2288089096546173,0.2420138418674469,0.21287257969379425,0.27165889739990234,0.354680597782135,0.36725661158561707,0.21637699007987976,0.12737949192523956,0.23509064316749573,0.2362569123506546,0.09407995641231537,AS
../data/DWT_NEW/AS/New_AS_090.wav,102.37528991699219,-49.86557388305664,15.916143417358398,0.3498603105545044,15.502050399780273,-1.9456143379211426,4.2510294914245605,-2.949341297149658,5.6038103103637695,-2.3158068656921387,0.13320647180080414,-4.172335147857666,-0.1569025218486786,2.3922195434570312,1.1668028831481934,4.249850273132324,0.5534651279449463,-3.734868049621582,0.012526988983154297,-0.5926120281219482,-0.8683621883392334,-1.1786988973617554,0.4672650098800659,5.342301845550537,-3.7492899894714355,-0.15841010212898254,2.755720853805542,-1.8328077793121338,-0.6391143798828125,0.6254857778549194,-3.4714019298553467,-2.742677688598633,-0.805341899394989,-0.30466076731681824,1.868186116218567,-0.2912781834602356,-1.2122939825057983,0.3966151177883148,-0.40539515018463135,1.2987010478973389,0.29950305819511414,0.11351779103279114,0.08224870264530182,0.07969233393669128,0.10700500756502151,0.13435253500938416,0.14349019527435303,0.12767243385314941,0.10258237272500992,0.13286863267421722,0.21681807935237885,0.2932189702987671,0.32354849576950073,0.2918541133403778,0.20272192358970642,0.11741200089454651,0.13904769718647003,0.140967458486557,0.11109035462141037,0.22012455761432648,0.29810085892677307,0.27710431814193726,0.18812452256679535,0.1168631911277771,0.12429710477590561,0.19297318160533905,0.23053449392318726,0.19661349058151245,0.12615913152694702,0.1602703332901001,0.21879097819328308,0.20246562361717224,0.17288297414779663,0.2182987779378891,0.22245566546916962,0.19927199184894562,0.2065352499485016,0.19561278820037842,0.1881578117609024,0.1923018991947174,0.20200547575950623,0.2089318037033081,0.21804110705852509,0.23108097910881042,0.23625227808952332,0.23061718046665192,0.2127295434474945,0.19575989246368408,0.1996552050113678,0.22060847282409668,0.22988617420196533,0.22183743119239807,0.21286636590957642,0.18456149101257324,0.15561582148075104,0.10594579577445984,0.09897743910551071,0.15431265532970428,0.20178329944610596,0.25563231110572815,0.2673225402832031,AS
../data/DWT_NEW/AS/New_AS_114.wav,114.28071594238281,-76.93009948730469,2.490784168243408,-4.573550224304199,-1.4390560388565063,-11.378019332885742,7.242157936096191,-8.985063552856445,0.6267520785331726,2.8962926864624023,1.0836981534957886,-10.546631813049316,8.15827751159668,0.39781105518341064,3.462779998779297,-10.466363906860352,-2.8460683822631836,1.3742554187774658,-2.1603846549987793,-2.8779470920562744,0.2584037780761719,-6.800372123718262,-1.2344635725021362,-3.245493173599243,-4.078816890716553,-6.642407417297363,-3.776029586791992,-2.8555638790130615,7.904770374298096,-0.05638527870178223,-3.5930123329162598,-0.19387096166610718,-0.4883863031864166,2.3086156845092773,1.894619107246399,1.3191025257110596,-2.5381453037261963,-6.186778545379639,0.20197147130966187,-4.888556003570557,0.5040919184684753,0.055945370346307755,0.0651169866323471,0.07398323714733124,0.08182433247566223,0.08722008764743805,0.08866509795188904,0.08313757181167603,0.0678732767701149,0.044906847178936005,0.030099932104349136,0.04822207987308502,0.06232113391160965,0.04826870560646057,0.02911348082125187,0.08732324838638306,0.1492389440536499,0.1710028499364853,0.1335265040397644,0.0690343976020813,0.06763475388288498,0.06602984666824341,0.11073775589466095,0.1760222315788269,0.16812323033809662,0.1044098436832428,0.04168281331658363,0.07591133564710617,0.1305759847164154,0.13128803670406342,0.07885831594467163,0.0707383081316948,0.10082946717739105,0.08976352959871292,0.07483097910881042,0.06984651833772659,0.07905371487140656,0.09449627250432968,0.13954377174377441,0.18070317804813385,0.19691962003707886,0.18020901083946228,0.1569139063358307,0.12884534895420074,0.11737795919179916,0.1670021414756775,0.20429593324661255,0.21429482102394104,0.21037106215953827,0.21988597512245178,0.21292118728160858,0.17498210072517395,0.13372258841991425,0.16869093477725983,0.20147910714149475,0.14903287589550018,0.1414586901664734,0.22646135091781616,0.24024581909179688,0.2392641305923462,0.16592514514923096,AS
../data/DWT_NEW/AS/New_AS_011.wav,147.59722900390625,-53.06561279296875,14.048616409301758,-3.07659912109375,9.073965072631836,-6.518421173095703,4.474605560302734,-9.951799392700195,0.5472650527954102,-0.40921974182128906,1.8961305618286133,3.404317617416382,3.9399826526641846,0.31770360469818115,-5.598745346069336,7.4616594314575195,-0.6507028937339783,-2.68061900138855,-1.1574883460998535,4.192413330078125,1.521348476409912,-2.3890280723571777,-1.8244014978408813,0.9732010364532471,-3.998178243637085,-0.9914717674255371,0.3382143974304199,1.4553165435791016,0.579059362411499,-1.152909278869629,-1.6673647165298462,-2.437817096710205,-0.45687106251716614,2.1976189613342285,1.8321864604949951,-0.17043165862560272,0.5693116784095764,-2.390132188796997,-1.8170950412750244,0.5444799661636353,0.48640379309654236,0.2853720784187317,0.2875460982322693,0.2753896415233612,0.2477962225675583,0.20747685432434082,0.16649791598320007,0.140108123421669,0.13482370972633362,0.13834472000598907,0.1440790593624115,0.17330986261367798,0.2406741976737976,0.3130703270435333,0.3457425534725189,0.30772966146469116,0.20327416062355042,0.116239532828331,0.18718299269676208,0.2173379361629486,0.24058663845062256,0.28801408410072327,0.26044583320617676,0.2023533284664154,0.23400430381298065,0.23570089042186737,0.20021764934062958,0.20723192393779755,0.2314649522304535,0.20154236257076263,0.17615395784378052,0.22939857840538025,0.22103537619113922,0.169269859790802,0.21257466077804565,0.20238593220710754,0.18983009457588196,0.20580445230007172,0.19877654314041138,0.20327286422252655,0.20045697689056396,0.20023241639137268,0.2028406858444214,0.18863067030906677,0.15177962183952332,0.10803798586130142,0.1312350034713745,0.19509738683700562,0.25102531909942627,0.24742454290390015,0.2026796191930771,0.09277746826410294,0.12104982137680054,0.3086160719394684,0.4274624288082123,0.4438909888267517,0.39172059297561646,0.5090477466583252,0.5981342792510986,0.6409744024276733,0.6657931208610535,AS
../data/DWT_NEW/AS/New_AS_121.wav,122.85237121582031,-47.06829071044922,14.043378829956055,-4.783965110778809,4.148090839385986,-2.873692035675049,4.833504676818848,-6.712004661560059,-0.11446505784988403,-7.765685081481934,2.3439173698425293,-4.697201728820801,4.608081817626953,0.11481665819883347,0.75958251953125,3.3593780994415283,0.8094382286071777,2.6759984493255615,2.716670036315918,1.3868541717529297,-0.8105130791664124,-1.2537955045700073,2.8030505180358887,4.46699333190918,-3.978653907775879,1.5889570713043213,0.5549925565719604,0.127131849527359,3.322927474975586,-1.208135962486267,-3.0106873512268066,-2.690056800842285,1.1072674989700317,-2.1326351165771484,1.4803447723388672,-1.1644455194473267,0.3729568421840668,-1.9492789506912231,0.6994656324386597,0.046299971640110016,0.3535720705986023,0.21110248565673828,0.23785275220870972,0.24189570546150208,0.2178560495376587,0.16539670526981354,0.10016686469316483,0.08666042983531952,0.14894431829452515,0.1979425847530365,0.1973169445991516,0.13380908966064453,0.053967904299497604,0.16122682392597198,0.25841212272644043,0.2691415846347809,0.18288321793079376,0.0854019820690155,0.15226906538009644,0.15340356528759003,0.11857850849628448,0.2021079659461975,0.2170129418373108,0.14234742522239685,0.09292733669281006,0.10927744209766388,0.15361781418323517,0.15874814987182617,0.11240525543689728,0.13403868675231934,0.1602068692445755,0.153428852558136,0.12636522948741913,0.17443037033081055,0.1698858141899109,0.14223308861255646,0.18188707530498505,0.17570871114730835,0.18339452147483826,0.20391647517681122,0.22448208928108215,0.23398534953594208,0.24617287516593933,0.2386573851108551,0.21913334727287292,0.18795955181121826,0.15620183944702148,0.15860551595687866,0.1868475377559662,0.1982102394104004,0.1840638965368271,0.19715073704719543,0.23703093826770782,0.2985101640224457,0.36537665128707886,0.36880889534950256,0.400631844997406,0.4175340533256531,0.3856635093688965,0.38601863384246826,0.4174002707004547,AS
../data/DWT_NEW/AS/New_AS_071.wav,71.231201171875,-68.98086547851562,24.12005043029785,4.183879375457764,-4.3775153160095215,-5.626665115356445,-3.2291157245635986,-0.4959750175476074,4.86461877822876,-0.2120138704776764,1.633551001548767,0.6606745719909668,-4.622514247894287,-3.591426134109497,-0.48630067706108093,-2.145644187927246,1.9477514028549194,2.9953372478485107,-4.650609493255615,2.6883931159973145,4.432318687438965,1.6903743743896484,-2.427777051925659,6.801849842071533,3.5950324535369873,2.530972957611084,-1.9314241409301758,-0.17095571756362915,-3.340754270553589,1.526384949684143,6.557541370391846,-2.3729279041290283,4.131280899047852,3.609504222869873,1.0691044330596924,-3.287789821624756,4.4094038009643555,-3.52292799949646,1.4498116970062256,0.27605557441711426,0.2618911862373352,0.057960107922554016,0.052743010222911835,0.05032022297382355,0.051295652985572815,0.05597928911447525,0.06476151943206787,0.0767742246389389,0.08976352959871292,0.10132978111505508,0.10797818005084991,0.10543414950370789,0.0927344337105751,0.0750497579574585,0.04957182705402374,0.023973511531949043,0.01348039135336876,0.04025450348854065,0.08063162863254547,0.10657821595668793,0.09138407558202744,0.0509575754404068,0.04074151813983917,0.06520616263151169,0.12138867378234863,0.12339332699775696,0.07659298181533813,0.08043789863586426,0.13842572271823883,0.14123386144638062,0.0843091830611229,0.1199846863746643,0.12894320487976074,0.11186153441667557,0.1302146464586258,0.12394320964813232,0.1467452347278595,0.15219822525978088,0.15165975689888,0.15412220358848572,0.1516975611448288,0.14622865617275238,0.13845166563987732,0.12546859681606293,0.11465714871883392,0.14000417292118073,0.18504619598388672,0.20827390253543854,0.19832369685173035,0.17109423875808716,0.17901545763015747,0.20708006620407104,0.18868137896060944,0.10605433583259583,0.11133739352226257,0.17268207669258118,0.17453259229660034,0.1255873143672943,0.11758680641651154,0.1754170060157776,0.20350204408168793,AS
../data/DWT_NEW/AS/New_AS_027.wav,127.54206085205078,-48.765960693359375,18.15013313293457,-1.1547287702560425,13.461698532104492,-1.8961256742477417,0.2632659375667572,-2.7580738067626953,7.229059219360352,4.154262542724609,-6.0124969482421875,-5.915037155151367,-1.7511472702026367,6.330471992492676,-1.12629234790802,9.05001163482666,1.233849048614502,1.5639243125915527,0.18562570214271545,0.13442173600196838,0.6256090402603149,-4.613310813903809,2.112912178039551,1.1089203357696533,1.284196138381958,-1.866276741027832,2.4674549102783203,0.7121174931526184,2.5621273517608643,1.3426461219787598,-0.6348625421524048,-2.103954792022705,-3.168898582458496,1.9688414335250854,-0.1548650562763214,0.5204139947891235,-0.5385309457778931,0.6733020544052124,-0.031170710921287537,1.057685375213623,0.37633419036865234,0.1262030452489853,0.15103909373283386,0.17490094900131226,0.18040043115615845,0.1587403118610382,0.11742350459098816,0.10885011404752731,0.18624085187911987,0.2879801094532013,0.37027931213378906,0.40238234400749207,0.3756118714809418,0.30327001214027405,0.21429209411144257,0.15454614162445068,0.13467514514923096,0.11157815158367157,0.1371842920780182,0.2519078850746155,0.3379298150539398,0.31967851519584656,0.20876798033714294,0.1040557324886322,0.11426158249378204,0.23372352123260498,0.29560452699661255,0.23804600536823273,0.13995680212974548,0.19068390130996704,0.2662370204925537,0.23296961188316345,0.18784533441066742,0.24757851660251617,0.249346524477005,0.2276572734117508,0.24113480746746063,0.24270981550216675,0.264239102602005,0.28979575634002686,0.3215542435646057,0.3436546325683594,0.3501740097999573,0.3317606449127197,0.2932277023792267,0.2518637776374817,0.21825063228607178,0.2220899760723114,0.26312920451164246,0.3158928155899048,0.3616713285446167,0.40238428115844727,0.41842329502105713,0.36714810132980347,0.25071480870246887,0.16328075528144836,0.19138118624687195,0.20624962449073792,0.20885613560676575,0.23841802775859833,0.3365631401538849,AS
../data/DWT_NEW/AS/New_AS_188.wav,101.65350341796875,-47.49159240722656,40.77039337158203,2.2448697090148926,-11.222848892211914,-2.4358484745025635,1.829774022102356,-1.7731857299804688,8.381099700927734,4.060835838317871,-7.150739669799805,-3.999803066253662,5.709288597106934,-7.595818042755127,0.7694883942604065,3.2397499084472656,2.06073260307312,-3.095705986022949,-5.7417449951171875,4.357057571411133,2.152106285095215,8.361832618713379,-0.6058134436607361,2.6216087341308594,4.438538074493408,5.255755424499512,-0.825061023235321,-5.745542049407959,1.3277842998504639,1.6045137643814087,-4.058648109436035,-0.9747406244277954,-6.105893611907959,-4.993416786193848,0.08039839565753937,-6.636312484741211,-8.113067626953125,6.990355968475342,-3.2774572372436523,6.075423240661621,0.33258187770843506,0.18216091394424438,0.16305378079414368,0.13094809651374817,0.09543018043041229,0.09209628403186798,0.14139966666698456,0.20365752279758453,0.24856826663017273,0.25905174016952515,0.22909826040267944,0.18216568231582642,0.20600304007530212,0.29809942841529846,0.35067349672317505,0.31018736958503723,0.18060138821601868,0.13604916632175446,0.24324721097946167,0.24115809798240662,0.14757998287677765,0.22293783724308014,0.24442216753959656,0.17438235878944397,0.161153182387352,0.15404164791107178,0.07957585155963898,0.08749879896640778,0.14447149634361267,0.17993439733982086,0.21702982485294342,0.31124424934387207,0.3750346899032593,0.3856530785560608,0.3874858319759369,0.3988003730773926,0.3576442003250122,0.283911794424057,0.20918044447898865,0.12167540192604065,0.13075551390647888,0.21582157909870148,0.2930050492286682,0.3221948742866516,0.28710541129112244,0.2024172693490982,0.139483243227005,0.17194125056266785,0.13707458972930908,0.12971967458724976,0.22363027930259705,0.28584223985671997,0.2755048871040344,0.21993061900138855,0.18027231097221375,0.17573800683021545,0.1766054630279541,0.16960018873214722,0.17201553285121918,0.16784030199050903,0.12141960114240646,AS
../data/DWT_NEW/AS/New_AS_056.wav,54.34455108642578,-55.63880157470703,27.5892333984375,13.554460525512695,-16.37883758544922,12.02297592163086,-8.311224937438965,-8.279670715332031,-17.780244827270508,-14.760904312133789,11.02896785736084,13.790563583374023,-7.714277267456055,-2.5248546600341797,8.437148094177246,11.424901962280273,3.503009796142578,7.677455902099609,0.5377870798110962,-0.6372694969177246,-0.40313947200775146,3.6420702934265137,1.8913565874099731,-0.27133792638778687,0.13671237230300903,-1.2235467433929443,0.04018092155456543,-2.163280963897705,0.759346604347229,3.1962201595306396,-3.8151326179504395,-4.652376174926758,-2.300187587738037,-3.326664447784424,-0.7548180222511292,3.0024023056030273,-2.1755566596984863,1.4934157133102417,-2.1485915184020996,-1.391258716583252,0.19537873566150665,0.1147257536649704,0.10830744355916977,0.09909919649362564,0.08911056071519852,0.07931040972471237,0.0684293806552887,0.05121703818440437,0.024933118373155594,0.03392085060477257,0.0825435221195221,0.1265355795621872,0.14731508493423462,0.13285812735557556,0.09891021251678467,0.0804956704378128,0.07087546586990356,0.041704047471284866,0.08524402976036072,0.12755553424358368,0.10847136378288269,0.05611051246523857,0.06277967989444733,0.06556850671768188,0.08823716640472412,0.07985334098339081,0.054772019386291504,0.04786626994609833,0.054169412702322006,0.07087618112564087,0.06389201432466507,0.029140222817659378,0.07971352338790894,0.07625221461057663,0.04455384612083435,0.06195126846432686,0.06596628576517105,0.038560643792152405,0.06506691128015518,0.07172435522079468,0.09294793009757996,0.10591286420822144,0.11134225130081177,0.11777844280004501,0.12292398512363434,0.12740464508533478,0.13083820044994354,0.1365441381931305,0.14638113975524902,0.1381678581237793,0.115228071808815,0.08600880950689316,0.10898512601852417,0.12198030948638916,0.10621961951255798,0.09924493730068207,0.10589054226875305,0.13717973232269287,0.20176872611045837,0.2240733504295349,0.1599091738462448,AS
../data/DWT_NEW/AS/New_AS_058.wav,61.82102584838867,-67.31234741210938,18.231067657470703,-1.720911979675293,-7.197908401489258,1.5270460844039917,1.2897213697433472,-4.8506083488464355,11.767348289489746,1.9538969993591309,7.656933784484863,1.3385238647460938,6.115957260131836,-2.25386381149292,0.38379210233688354,1.0390698909759521,1.3766717910766602,2.202152729034424,5.879273414611816,-0.6512395143508911,-0.8304224014282227,2.3331797122955322,5.75079870223999,-0.9537640810012817,0.8362057209014893,-3.3089241981506348,5.396062850952148,-3.447495460510254,-3.9257047176361084,-0.2936685085296631,-0.7175840139389038,0.2519336938858032,-1.5285147428512573,2.283148765563965,-1.4308730363845825,2.332836627960205,0.6537136435508728,3.104579448699951,-0.7849177122116089,1.4236717224121094,0.24394656717777252,0.0919150859117508,0.09070735424757004,0.08712062239646912,0.08035461604595184,0.0720730870962143,0.06809656322002411,0.07243314385414124,0.08159211277961731,0.09074676036834717,0.10079050064086914,0.11529336869716644,0.12954813241958618,0.12772740423679352,0.09650938212871552,0.04679594933986664,0.021437078714370728,0.02569820173084736,0.05903198570013046,0.11044153571128845,0.11563781648874283,0.07324045151472092,0.06544867157936096,0.06642249971628189,0.08350744843482971,0.08939064294099808,0.07615722715854645,0.07241858541965485,0.07485882192850113,0.06979166716337204,0.04556921124458313,0.05207780748605728,0.06080349534749985,0.03575592115521431,0.06253401935100555,0.06052171438932419,0.08151160180568695,0.07984249293804169,0.0823424905538559,0.07433770596981049,0.060796886682510376,0.045406728982925415,0.0418018214404583,0.05248665064573288,0.07038547098636627,0.09093095362186432,0.11949297785758972,0.15762192010879517,0.19790418446063995,0.22185876965522766,0.2121349424123764,0.1646883338689804,0.09931457042694092,0.07268445938825607,0.07925667613744736,0.11238832771778107,0.14255863428115845,0.11432906985282898,0.11079222708940506,0.14498326182365417,0.1293908953666687,AS
../data/DWT_NEW/AS/New_AS_007.wav,144.7835235595703,-50.765480041503906,11.601877212524414,-6.083618640899658,8.493921279907227,-0.8344515562057495,8.335501670837402,-4.565356731414795,7.341338157653809,1.0340629816055298,-4.562972545623779,-3.179628849029541,0.5917280912399292,5.547011852264404,-1.2905340194702148,7.653439998626709,2.5188703536987305,1.7307722568511963,5.964932441711426,3.6185874938964844,0.1068333089351654,-6.363534927368164,2.1418251991271973,6.4789581298828125,-0.8262033462524414,-3.3477017879486084,-1.044973373413086,-1.2382605075836182,0.38298869132995605,2.2132365703582764,-1.9789252281188965,-3.1331915855407715,-3.8239386081695557,2.5709457397460938,1.2650146484375,-1.4915146827697754,-1.9733808040618896,-0.30800706148147583,-0.998267650604248,1.2422047853469849,0.4526169002056122,0.23035088181495667,0.21380862593650818,0.19419442117214203,0.18212741613388062,0.19309616088867188,0.23100295662879944,0.27760863304138184,0.3095438480377197,0.31470319628715515,0.295284241437912,0.27544575929641724,0.291556179523468,0.3295283913612366,0.3348281979560852,0.2817005515098572,0.21324792504310608,0.22373737394809723,0.24442917108535767,0.21480894088745117,0.24786162376403809,0.30298274755477905,0.25580960512161255,0.14018608629703522,0.12357404083013535,0.12728768587112427,0.2100205421447754,0.20813995599746704,0.16558972001075745,0.1680535525083542,0.21141722798347473,0.2465987205505371,0.26739558577537537,0.28958627581596375,0.3338431417942047,0.35027122497558594,0.3495928645133972,0.366641640663147,0.3564445972442627,0.3537076711654663,0.35312512516975403,0.34086909890174866,0.3204393982887268,0.2968001067638397,0.2793871760368347,0.28133130073547363,0.28318673372268677,0.25567418336868286,0.21481262147426605,0.2186001092195511,0.33651357889175415,0.3929140567779541,0.38250288367271423,0.34073689579963684,0.29583051800727844,0.22868752479553223,0.3083460032939911,0.4083026349544525,0.3762706518173218,0.37636420130729675,0.41799667477607727,AS
../data/DWT_NEW/AS/New_AS_043.wav,94.34446716308594,-56.97071838378906,14.40880012512207,-5.454880237579346,12.399866104125977,4.2961602210998535,8.067687034606934,5.788288116455078,14.280416488647461,4.506229400634766,-2.962246894836426,-4.2363505363464355,2.8446178436279297,3.898787498474121,-0.9446336030960083,9.987799644470215,-0.9011958837509155,-1.7015392780303955,1.77602219581604,1.5227279663085938,-0.37267401814460754,-6.919419765472412,-2.5369534492492676,1.4376553297042847,-0.3151521682739258,-1.6608052253723145,4.778314113616943,-0.3199723958969116,0.8369715213775635,2.903745174407959,-2.1265130043029785,-3.2522518634796143,-3.207019090652466,0.011343732476234436,-0.22534018754959106,-1.7087972164154053,-2.065707206726074,1.7681355476379395,-0.46794596314430237,3.134615898132324,0.29314252734184265,0.16695016622543335,0.1367892324924469,0.1049899235367775,0.08577282726764679,0.09784157574176788,0.1317620575428009,0.16714514791965485,0.1942569613456726,0.21585765480995178,0.2408912479877472,0.27187514305114746,0.29790377616882324,0.29625266790390015,0.25271308422088623,0.1749483346939087,0.10419482737779617,0.11201715469360352,0.15878835320472717,0.2246924638748169,0.2779155969619751,0.2672293782234192,0.18885141611099243,0.08781636506319046,0.0888703465461731,0.15691567957401276,0.17849533259868622,0.14948824048042297,0.09864381700754166,0.07761262357234955,0.10821720957756042,0.13616834580898285,0.13203157484531403,0.13135996460914612,0.15001969039440155,0.15120521187782288,0.14163878560066223,0.13230250775814056,0.11390836536884308,0.095465749502182,0.08543363958597183,0.0805446207523346,0.08321741223335266,0.0905548483133316,0.09630518406629562,0.09642420709133148,0.08549129962921143,0.06579148024320602,0.047970905900001526,0.07851201295852661,0.12100999802350998,0.15984730422496796,0.19685721397399902,0.20477481186389923,0.2338603436946869,0.22737181186676025,0.16150954365730286,0.18377548456192017,0.2089671492576599,0.22292929887771606,0.19700032472610474,AS
../data/DWT_NEW/AS/New_AS_008.wav,138.52667236328125,-55.48439025878906,9.339554786682129,-0.05647683143615723,13.936721801757812,-1.3608351945877075,8.537527084350586,1.7572933435440063,4.421860694885254,-5.301200866699219,-4.137483596801758,-5.161110877990723,2.908754587173462,3.7606441974639893,-3.3044803142547607,0.5168799757957458,2.5271248817443848,-4.988029479980469,4.866996765136719,5.8118510246276855,3.3152456283569336,-3.11289644241333,-1.6426165103912354,1.2737528085708618,-4.866824150085449,-4.240373134613037,0.09374070167541504,-0.11854121088981628,1.4900877475738525,4.347732067108154,-1.2297004461288452,-2.369321346282959,-1.4728765487670898,2.0729737281799316,3.3372931480407715,0.08593705296516418,-0.7446159720420837,-0.9628249406814575,-3.388005256652832,1.8779025077819824,0.4339338541030884,0.2127692848443985,0.14596346020698547,0.06447087228298187,0.03898359090089798,0.12187551707029343,0.18811333179473877,0.21778157353401184,0.19860458374023438,0.14080339670181274,0.12737123668193817,0.2313741147518158,0.33416110277175903,0.36993682384490967,0.31019192934036255,0.17791160941123962,0.11344507336616516,0.20479550957679749,0.2169339656829834,0.1684364676475525,0.26425936818122864,0.3254814147949219,0.27189964056015015,0.20482401549816132,0.22618120908737183,0.2270573377609253,0.2683957517147064,0.27471616864204407,0.2336905598640442,0.21832437813282013,0.2588770091533661,0.2601372003555298,0.23809769749641418,0.25907284021377563,0.2876790463924408,0.2916867733001709,0.3136169910430908,0.339324027299881,0.35312390327453613,0.36113083362579346,0.3547627329826355,0.31946656107902527,0.2581590414047241,0.18401716649532318,0.16437509655952454,0.1980494260787964,0.2575681209564209,0.3033522665500641,0.3185352087020874,0.3193066120147705,0.29704737663269043,0.25217491388320923,0.23797671496868134,0.29072970151901245,0.3116239309310913,0.25170984864234924,0.21887248754501343,0.19517989456653595,0.22058747708797455,0.31742343306541443,0.37672287225723267,AS
../data/DWT_NEW/AS/New_AS_012.wav,141.17381286621094,-54.48603820800781,8.883990287780762,-7.8312835693359375,0.6182936429977417,-16.193714141845703,-1.8539328575134277,-15.905356407165527,-5.113963603973389,-6.148658752441406,-3.8016035556793213,-6.587521553039551,-4.907936096191406,-1.134682059288025,-4.9098124504089355,5.6938395500183105,0.6252642869949341,-3.150441884994507,1.9647873640060425,2.582156181335449,-1.9998021125793457,-1.3158942461013794,1.6044294834136963,4.29706335067749,-1.6732163429260254,-3.4125661849975586,0.8082324266433716,2.2560572624206543,-0.6151443123817444,0.7748504877090454,0.3361872434616089,-0.405748575925827,-2.9869494438171387,2.652376174926758,0.849306046962738,0.8388745188713074,-1.243424892425537,0.4554203152656555,-0.15760813653469086,-0.06641698628664017,0.4574506878852844,0.09055791050195694,0.07682742178440094,0.0539274662733078,0.024312332272529602,0.01927873305976391,0.049656257033348083,0.07085268199443817,0.07302200794219971,0.05603084713220596,0.04536210373044014,0.07824429124593735,0.1078212708234787,0.10462304949760437,0.07541398704051971,0.056173138320446014,0.08149930834770203,0.08104740083217621,0.07076047360897064,0.1113271564245224,0.11730767786502838,0.07461827248334885,0.10788028687238693,0.1237613707780838,0.14356446266174316,0.15037225186824799,0.10501214861869812,0.13500186800956726,0.19246381521224976,0.18892811238765717,0.1715829074382782,0.2613433599472046,0.3220120072364807,0.3293743431568146,0.3953109085559845,0.4275716543197632,0.44053351879119873,0.4621747136116028,0.45169126987457275,0.43822234869003296,0.4187292456626892,0.41546785831451416,0.42775410413742065,0.430766224861145,0.41500648856163025,0.38206231594085693,0.3362894654273987,0.3158179223537445,0.35153740644454956,0.39882463216781616,0.4235919117927551,0.4066503345966339,0.39605793356895447,0.3865848481655121,0.32126379013061523,0.16799193620681763,0.16515988111495972,0.3020865321159363,0.31603994965553284,0.3323802053928375,0.33550530672073364,AS
../data/DWT_NEW/AS/New_AS_155.wav,93.8861083984375,-61.36946105957031,29.4537410736084,-0.24158671498298645,0.04368862509727478,0.07699978351593018,-9.693946838378906,3.6718530654907227,-3.32966685295105,-2.8414907455444336,-3.9604012966156006,-7.895832538604736,-5.777800559997559,11.82060432434082,3.271069049835205,-2.508455276489258,-2.213930130004883,2.133866786956787,-2.857980728149414,-6.044785499572754,-2.2081308364868164,4.3929877281188965,1.5133603811264038,4.045312404632568,9.027803421020508,5.672479152679443,-2.589873790740967,-8.149044036865234,-2.004809617996216,-3.8210582733154297,-1.4151934385299683,3.535980701446533,-1.9958186149597168,-0.5196053981781006,1.9670209884643555,0.2448297142982483,1.4062540531158447,1.558213710784912,1.3955777883529663,2.1307485103607178,0.3323590159416199,0.11369122564792633,0.12957584857940674,0.1274067610502243,0.10121992975473404,0.052879076451063156,0.03556285798549652,0.0942244827747345,0.13270899653434753,0.1273622214794159,0.07672382891178131,0.04014216735959053,0.09326279908418655,0.09425219148397446,0.04653231054544449,0.1131475418806076,0.16162967681884766,0.13172399997711182,0.06263336539268494,0.0636608675122261,0.10918311774730682,0.15591387450695038,0.14256274700164795,0.11369188874959946,0.13142555952072144,0.12936043739318848,0.10707977414131165,0.10849420726299286,0.17571626603603363,0.17251577973365784,0.13024239242076874,0.18427100777626038,0.23541566729545593,0.15737316012382507,0.21962592005729675,0.2020561695098877,0.16219788789749146,0.1614622175693512,0.13121455907821655,0.10272372514009476,0.13022854924201965,0.09284305572509766,0.08791101723909378,0.06612919270992279,0.05968760699033737,0.08945505321025848,0.1037311926484108,0.0835249274969101,0.04477841034531593,0.06750015914440155,0.11505942046642303,0.1284104585647583,0.08763240277767181,0.03836018592119217,0.052732765674591064,0.05452248081564903,0.050735462456941605,0.05748605728149414,0.045838236808776855,0.03870192915201187,0.01367265172302723,AS
../data/DWT_NEW/AS/New_AS_100.wav,112.05317687988281,-50.12432861328125,20.46390151977539,5.533251762390137,13.219307899475098,-3.2216873168945312,2.563697099685669,-9.98272705078125,4.006494998931885,0.2752206325531006,-4.414438724517822,0.10416817665100098,5.896468639373779,2.9851608276367188,-4.759646415710449,4.882305145263672,-0.7998607754707336,-3.650594711303711,-2.2959847450256348,0.9563689231872559,-4.075551986694336,-2.742955207824707,-1.8871378898620605,-1.124255895614624,-3.341766834259033,0.36329787969589233,0.6625669002532959,-0.21998536586761475,3.04951810836792,-0.597077488899231,-1.0698775053024292,-2.614567279815674,0.31758904457092285,1.9525712728500366,1.1682896614074707,-0.09864449501037598,-0.3372673988342285,-1.6350141763687134,1.5153223276138306,-0.2395770400762558,0.3338767886161804,0.14699310064315796,0.12117280066013336,0.09020571410655975,0.06865978240966797,0.08336864411830902,0.12285201251506805,0.16244573891162872,0.19118797779083252,0.21081556379795074,0.2303916960954666,0.2549663484096527,0.27722644805908203,0.27443408966064453,0.23445001244544983,0.15875038504600525,0.0795733779668808,0.11895747482776642,0.21795883774757385,0.30868369340896606,0.3404233455657959,0.29113709926605225,0.20307530462741852,0.13262024521827698,0.2012963593006134,0.2850181460380554,0.2416546642780304,0.17104093730449677,0.15650320053100586,0.17252981662750244,0.1525411158800125,0.15316049754619598,0.14800870418548584,0.134458988904953,0.1492474377155304,0.1712593287229538,0.184607595205307,0.2038784921169281,0.2199428677558899,0.22978219389915466,0.2355232685804367,0.23680561780929565,0.2356787472963333,0.23559769988059998,0.2395317256450653,0.24733944237232208,0.24422404170036316,0.2204308807849884,0.18685512244701385,0.18074628710746765,0.20124921202659607,0.20854780077934265,0.19968369603157043,0.19394314289093018,0.20181724429130554,0.16615843772888184,0.09679581224918365,0.18643814325332642,0.21582841873168945,0.19593507051467896,0.125701904296875,AS
../data/DWT_NEW/AS/New_AS_031.wav,125.89079284667969,-49.31560134887695,14.427821159362793,-2.2052199840545654,10.35601806640625,-1.268519639968872,6.330204963684082,-2.6038010120391846,4.920919418334961,-0.13756054639816284,-0.7592116594314575,-6.906264305114746,-4.5252604484558105,0.8803380727767944,-1.2969928979873657,10.468046188354492,0.7686537504196167,-0.449414998292923,1.2026324272155762,2.252346992492676,-0.5048735737800598,-5.80408239364624,2.1066396236419678,6.9748430252075195,-0.10084497928619385,-0.8743242025375366,2.559401512145996,0.2531206011772156,2.2219793796539307,0.5527796745300293,-1.1034168004989624,-1.059132695198059,-4.859560012817383,0.7407114505767822,1.1737313270568848,1.3284955024719238,-0.8799300789833069,0.14964979887008667,0.21525825560092926,1.4144386053085327,0.36695313453674316,0.1441706418991089,0.11994962394237518,0.09560942649841309,0.0841226875782013,0.10455431044101715,0.1501360833644867,0.20148047804832458,0.24297352135181427,0.26639389991760254,0.2700926661491394,0.26103946566581726,0.2547176480293274,0.249492347240448,0.22420191764831543,0.1675243377685547,0.1264551728963852,0.1797977238893509,0.21749386191368103,0.20029565691947937,0.19822454452514648,0.2281113862991333,0.18887272477149963,0.1548415869474411,0.2030855417251587,0.16683422029018402,0.1746603399515152,0.1993255764245987,0.2368616759777069,0.24142195284366608,0.21929630637168884,0.2614648640155792,0.30554962158203125,0.2979215681552887,0.32439136505126953,0.3340538740158081,0.3214927911758423,0.32399898767471313,0.3017481565475464,0.2898995280265808,0.2865939438343048,0.28590458631515503,0.29256555438041687,0.29496169090270996,0.277854859828949,0.2355751097202301,0.18503010272979736,0.16025128960609436,0.16478711366653442,0.17881689965724945,0.19121837615966797,0.2554364502429962,0.3152257204055786,0.30520543456077576,0.2132941484451294,0.13775648176670074,0.18454676866531372,0.26381367444992065,0.2777652144432068,0.2831089198589325,0.2667476236820221,AS
../data/DWT_NEW/AS/New_AS_103.wav,110.11328125,-50.92735290527344,12.899527549743652,-1.6038954257965088,8.238885879516602,-4.9501261711120605,7.240162372589111,-0.6898409128189087,10.042264938354492,1.3893330097198486,-1.722172737121582,-1.2143723964691162,7.660618782043457,0.9059721231460571,-4.116362571716309,5.168382167816162,1.7598373889923096,-5.136712074279785,0.6860089898109436,1.329041600227356,-2.2354419231414795,-4.536279678344727,-1.896398663520813,1.830334186553955,-3.9594123363494873,0.6698858737945557,1.6818081140518188,0.6738907098770142,2.521580457687378,1.6426427364349365,-1.3262056112289429,-3.546539068222046,-1.1947741508483887,0.7605196833610535,0.4383430480957031,-0.00654977560043335,-0.44490528106689453,-0.720461368560791,0.08639003336429596,1.016797661781311,0.31752416491508484,0.1330517828464508,0.10971270501613617,0.08864001929759979,0.07797013223171234,0.08610047399997711,0.11073128879070282,0.14309276640415192,0.1765459179878235,0.20901399850845337,0.23882898688316345,0.2615666687488556,0.27459269762039185,0.27150338888168335,0.23774749040603638,0.16944065690040588,0.08635488152503967,0.11151456832885742,0.17941120266914368,0.21920138597488403,0.2600789964199066,0.29201921820640564,0.25098586082458496,0.1614316999912262,0.1288326382637024,0.17157618701457977,0.23205649852752686,0.21431294083595276,0.12313519418239594,0.13509395718574524,0.1873025894165039,0.16650457680225372,0.13072898983955383,0.1563478410243988,0.15876105427742004,0.1394958198070526,0.14746923744678497,0.16032351553440094,0.1702844202518463,0.1958828717470169,0.2287016659975052,0.2503625154495239,0.25699669122695923,0.25024423003196716,0.24266941845417023,0.2370203584432602,0.23814186453819275,0.26060906052589417,0.301626592874527,0.3368075489997864,0.3381275534629822,0.3153993487358093,0.28437474370002747,0.25870561599731445,0.2358350306749344,0.15350276231765747,0.1398531049489975,0.14350906014442444,0.15243153274059296,0.16929659247398376,0.20256395637989044,AS
../data/DWT_NEW/AS/New_AS_039.wav,90.08738708496094,-50.373924255371094,13.71306324005127,-2.3654699325561523,14.474518775939941,1.2957465648651123,7.725388526916504,-5.606380462646484,5.134664535522461,0.28017622232437134,-1.0416783094406128,-2.4726762771606445,3.481689453125,-1.510979175567627,-1.0305345058441162,7.5119500160217285,3.6512722969055176,-3.346233367919922,1.2632089853286743,0.643652081489563,0.6196489334106445,-1.1706373691558838,-2.640085220336914,4.310725212097168,-5.171959400177002,-0.6574749946594238,3.0441319942474365,-0.9783746004104614,0.3029125928878784,1.8319644927978516,-2.575317859649658,-1.1218492984771729,-1.3350906372070312,0.10775911808013916,1.2375314235687256,-1.6095359325408936,-0.36952024698257446,0.826416015625,-2.058810234069824,1.9055063724517822,0.2667360305786133,0.11876076459884644,0.0973995178937912,0.0809202641248703,0.07554358243942261,0.0819396823644638,0.0949578732252121,0.11181163787841797,0.13582424819469452,0.1723867803812027,0.21746395528316498,0.2546275854110718,0.2676282227039337,0.2423737645149231,0.18859827518463135,0.13232183456420898,0.09893760085105896,0.08741610497236252,0.12865965068340302,0.1980815976858139,0.2333584725856781,0.21528221666812897,0.16957615315914154,0.12603484094142914,0.11386837065219879,0.14604821801185608,0.16714297235012054,0.1528441607952118,0.12275974452495575,0.1276615560054779,0.15719787776470184,0.15461255609989166,0.14385688304901123,0.1674354374408722,0.17832790315151215,0.1701478362083435,0.1797892451286316,0.18537726998329163,0.18978072702884674,0.2006925344467163,0.21144050359725952,0.21185924112796783,0.20373523235321045,0.1867167204618454,0.16613879799842834,0.15285193920135498,0.15358006954193115,0.17064347863197327,0.19104155898094177,0.20001868903636932,0.19327573478221893,0.1852271854877472,0.16706137359142303,0.11556553840637207,0.05308487266302109,0.06744877994060516,0.13219597935676575,0.1802445501089096,0.2054031789302826,0.24107590317726135,0.2429141104221344,AS
../data/DWT_NEW/AS/New_AS_028.wav,112.625732421875,-45.055946350097656,15.122543334960938,-4.955850601196289,5.217449188232422,-2.904432773590088,-1.4963223934173584,-12.862943649291992,-0.9269788265228271,-6.489051342010498,-4.305764198303223,-11.540582656860352,1.1774225234985352,-1.3167303800582886,1.0732152462005615,4.4905877113342285,-0.7766938805580139,-3.7202866077423096,-3.066025495529175,-0.8891322016716003,-3.1976089477539062,-1.9012573957443237,2.633260726928711,7.946890354156494,-4.239871501922607,1.29055917263031,-0.612627387046814,3.524813652038574,-0.7861892580986023,0.8409992456436157,-0.08842359483242035,-1.1266390085220337,0.09702201187610626,2.0554137229919434,3.9547343254089355,-3.2544801235198975,3.1397597789764404,-0.9609337449073792,1.7714762687683105,-0.5607760548591614,0.3127235770225525,0.07624975591897964,0.08076035976409912,0.07751668244600296,0.06472817808389664,0.04493890702724457,0.03546489402651787,0.05787137150764465,0.08926846086978912,0.1165224015712738,0.13493898510932922,0.14023591578006744,0.12964166700839996,0.10086658596992493,0.06908240914344788,0.07701720297336578,0.08248366415500641,0.0530548095703125,0.10702011734247208,0.18635594844818115,0.1837403029203415,0.1199035719037056,0.13209451735019684,0.13090622425079346,0.1947236955165863,0.24493765830993652,0.2033405900001526,0.18167251348495483,0.1695004403591156,0.2386220097541809,0.21041396260261536,0.18670547008514404,0.15624767541885376,0.17904117703437805,0.16659823060035706,0.1110721156001091,0.14010553061962128,0.11490797996520996,0.11893372237682343,0.1267748922109604,0.14220298826694489,0.1480589061975479,0.14553122222423553,0.1433372050523758,0.15019391477108002,0.13500572741031647,0.09502219408750534,0.08648036420345306,0.08239669352769852,0.10404687374830246,0.1464463770389557,0.14680065214633942,0.20051592588424683,0.2853328287601471,0.3318931460380554,0.34049391746520996,0.34501683712005615,0.3054480254650116,0.2134460210800171,0.28721749782562256,0.4273073971271515,AS
../data/DWT_NEW/AS/New_AS_194.wav,93.46144104003906,-53.433128356933594,27.894775390625,-30.2947998046875,-4.695303916931152,-7.073209762573242,-0.38069337606430054,6.602520942687988,-8.030494689941406,5.206375598907471,-1.7769051790237427,-0.8174140453338623,0.18945324420928955,-7.004384994506836,4.591158390045166,-5.907561779022217,3.4340317249298096,3.993936777114868,0.19339215755462646,-2.3919711112976074,5.378999710083008,-4.890876770019531,0.9367149472236633,-4.143366813659668,-0.4292707145214081,-1.6916393041610718,4.873839378356934,-6.5068039894104,-1.1290944814682007,8.098952293395996,-7.332839012145996,-2.5119287967681885,2.169279098510742,-0.45250287652015686,-11.906579971313477,2.6259145736694336,-8.058847427368164,-2.090892791748047,-6.7439727783203125,-0.6241364479064941,0.43818747997283936,0.04413900896906853,0.07260695099830627,0.09386233985424042,0.10204648971557617,0.09677325189113617,0.09260603785514832,0.11020693182945251,0.1358496993780136,0.13761286437511444,0.09709201753139496,0.04059882462024689,0.10575219988822937,0.14734405279159546,0.1326310634613037,0.12969765067100525,0.16784970462322235,0.1421874761581421,0.10619468986988068,0.1338270604610443,0.11789459735155106,0.13030880689620972,0.12497933954000473,0.10183602571487427,0.08313076943159103,0.08815325796604156,0.06618957966566086,0.050523851066827774,0.09637755900621414,0.07680558413267136,0.12987367808818817,0.15518462657928467,0.17232678830623627,0.20985347032546997,0.19726867973804474,0.19680503010749817,0.15561529994010925,0.11587375402450562,0.08720666170120239,0.13502296805381775,0.19752384722232819,0.2215639352798462,0.20358285307884216,0.15196970105171204,0.09688694775104523,0.11262346804141998,0.16349509358406067,0.1770598441362381,0.14816319942474365,0.13687565922737122,0.15641263127326965,0.12900522351264954,0.0748744010925293,0.09093575179576874,0.07319451868534088,0.06635256856679916,0.0772060751914978,0.06553958356380463,0.09449925273656845,0.09042584151029587,0.07584322988986969,AS
../data/DWT_NEW/AS/New_AS_161.wav,122.29804229736328,-23.61798858642578,25.810998916625977,-3.833524227142334,-5.072104454040527,4.631204605102539,-3.2769834995269775,14.931465148925781,5.77309513092041,3.4208784103393555,-3.4087860584259033,-3.011594772338867,4.132397651672363,-2.2546133995056152,1.5534656047821045,2.4217989444732666,0.25634950399398804,8.971927642822266,4.378212928771973,-0.03712552785873413,-10.934028625488281,-4.441160202026367,3.5922012329101562,0.3329538106918335,-7.633007526397705,0.03393375873565674,5.303758144378662,-3.6992220878601074,-1.3754384517669678,5.785308837890625,-4.116971969604492,1.1565991640090942,1.5649662017822266,-7.484640121459961,1.8822962045669556,-0.8850501775741577,-0.578658938407898,-0.6155987977981567,-0.3228170871734619,-0.015155285596847534,0.2795375883579254,0.3959546685218811,0.43896010518074036,0.45642393827438354,0.43435609340667725,0.36325669288635254,0.25000226497650146,0.13163164258003235,0.18082326650619507,0.3160632848739624,0.40415236353874207,0.3980701267719269,0.30936092138290405,0.28025057911872864,0.42291879653930664,0.5631951093673706,0.5777573585510254,0.45471978187561035,0.3156128525733948,0.31944382190704346,0.2869529724121094,0.2618703246116638,0.395626962184906,0.42056548595428467,0.3410559892654419,0.24638959765434265,0.14574800431728363,0.25341930985450745,0.25536471605300903,0.1836823970079422,0.13329897820949554,0.23118068277835846,0.2642819881439209,0.2621651887893677,0.3135714828968048,0.3481573164463043,0.3634040355682373,0.33994781970977783,0.27127644419670105,0.21763427555561066,0.2084330916404724,0.2638511061668396,0.308612197637558,0.29327332973480225,0.22427256405353546,0.1960330307483673,0.17175737023353577,0.18350839614868164,0.27119866013526917,0.3838256895542145,0.5737367868423462,0.6384739279747009,0.5957816243171692,0.4506298899650574,0.19394955039024353,0.12575553357601166,0.33020609617233276,0.35609960556030273,0.22292107343673706,0.07370105385780334,0.15625832974910736,AS
../data/DWT_NEW/AS/New_AS_115.wav,101.58482360839844,-45.844017028808594,19.367015838623047,0.23431158065795898,10.324153900146484,-5.187859535217285,-2.5864973068237305,-10.789478302001953,0.9959307909011841,-7.679723262786865,-4.051974296569824,-3.805691957473755,4.861072063446045,2.656334638595581,-1.5965218544006348,5.686933517456055,0.45248085260391235,-2.1914212703704834,-2.404517412185669,3.2823452949523926,-2.8819825649261475,-3.8464300632476807,0.11971765756607056,5.2205400466918945,-1.7568882703781128,-1.3274486064910889,-2.0419740676879883,0.7969006299972534,1.134294033050537,1.9322915077209473,1.294870376586914,-2.2461023330688477,0.3475194573402405,4.489213943481445,0.5382630825042725,-1.0584934949874878,1.9124972820281982,-1.2333118915557861,1.4838453531265259,0.218817338347435,0.28472277522087097,0.09701129794120789,0.07249972969293594,0.04512874037027359,0.04156554117798805,0.07436762005090714,0.10994522273540497,0.13270303606987,0.13478238880634308,0.12249694764614105,0.12291209399700165,0.1538020372390747,0.18250878155231476,0.1719886064529419,0.11606801301240921,0.04590191692113876,0.0788528174161911,0.0757150650024414,0.08526337891817093,0.18930989503860474,0.23222337663173676,0.17180700600147247,0.10901283472776413,0.10585495829582214,0.18619774281978607,0.2660263776779175,0.23505929112434387,0.1644321233034134,0.16124244034290314,0.23293569684028625,0.21453383564949036,0.16218236088752747,0.13177359104156494,0.15540176630020142,0.13767443597316742,0.08263634145259857,0.1134420782327652,0.1150020956993103,0.11742684245109558,0.14250630140304565,0.1595141738653183,0.16990113258361816,0.18067491054534912,0.17868059873580933,0.1589009165763855,0.11516904830932617,0.05997294932603836,0.06450873613357544,0.09714752435684204,0.09127242118120193,0.0721631571650505,0.10065248608589172,0.14701876044273376,0.2067621499300003,0.23308658599853516,0.2523556053638458,0.285270631313324,0.2938818335533142,0.25144997239112854,0.2955625355243683,0.397433876991272,AS
../data/DWT_NEW/AS/New_AS_136.wav,136.33566284179688,-25.99251937866211,7.114234924316406,-16.110877990722656,3.5538647174835205,0.5156939029693604,-8.151609420776367,9.58508586883545,-10.552774429321289,-3.277534008026123,11.764739990234375,2.682340145111084,12.425477027893066,4.425318717956543,-6.420096397399902,-0.17294669151306152,3.612898111343384,9.182317733764648,5.645705223083496,0.7808042764663696,-6.0280561447143555,-6.768871307373047,-4.64491081237793,-8.081912994384766,-6.271073341369629,7.362644195556641,0.6414058804512024,5.620638370513916,-4.118592262268066,-2.0943758487701416,-0.025552362203598022,-3.482506275177002,1.1400514841079712,1.604488730430603,-2.230374574661255,1.5659761428833008,2.2522149085998535,-0.675845742225647,2.85746431350708,0.013205945491790771,0.3150087296962738,0.2095920443534851,0.13898956775665283,0.060231707990169525,0.08854302018880844,0.18455278873443604,0.2672366499900818,0.31398603320121765,0.31060314178466797,0.26559457182884216,0.22235935926437378,0.24739181995391846,0.30362892150878906,0.3087417185306549,0.22510400414466858,0.09970980882644653,0.16205976903438568,0.24627962708473206,0.24236634373664856,0.2762693166732788,0.374051570892334,0.3529641032218933,0.2311578392982483,0.20996329188346863,0.21353012323379517,0.2237369418144226,0.3103247880935669,0.29034966230392456,0.22759899497032166,0.1803589165210724,0.14609995484352112,0.12216895073652267,0.10838835686445236,0.11378147453069687,0.14392243325710297,0.14455264806747437,0.23276996612548828,0.3233764171600342,0.3871215581893921,0.4899877905845642,0.5783014297485352,0.6243922710418701,0.6158089637756348,0.5400494337081909,0.41698259115219116,0.3181362748146057,0.3186962902545929,0.41860300302505493,0.5443019270896912,0.6130129098892212,0.5429185628890991,0.36679351329803467,0.23625722527503967,0.1295250952243805,0.181839257478714,0.395047664642334,0.5514887571334839,0.5951510071754456,0.48427531123161316,0.28903406858444214,0.1702761948108673,AS
../data/DWT_NEW/AS/New_AS_197.wav,175.78297424316406,-49.93163299560547,-9.894742012023926,45.05040740966797,-4.849684715270996,-7.795562267303467,14.155462265014648,4.93623685836792,-9.860761642456055,-3.778345823287964,1.4039654731750488,-10.775636672973633,-14.246135711669922,-9.684486389160156,1.2264397144317627,4.176251411437988,7.079826831817627,1.0742343664169312,6.608983039855957,3.875782012939453,-3.0173187255859375,-10.625218391418457,-7.588602542877197,-4.299124717712402,-2.700016736984253,-1.1056451797485352,1.6331360340118408,1.2299103736877441,-1.6431549787521362,-4.658317565917969,0.4491851329803467,5.1245245933532715,-1.3067365884780884,-3.8525593280792236,-0.3783608675003052,-4.408921718597412,2.1318836212158203,-0.5835341215133667,-2.756917953491211,2.6242148876190186,0.5994112491607666,0.3160998821258545,0.3040507435798645,0.25854364037513733,0.18516093492507935,0.12260900437831879,0.15987466275691986,0.23304219543933868,0.2626895308494568,0.24135509133338928,0.24913719296455383,0.35697394609451294,0.4545152187347412,0.42946657538414,0.3062925338745117,0.2545149624347687,0.3935126066207886,0.47124308347702026,0.49236947298049927,0.5086866021156311,0.41390562057495117,0.29041481018066406,0.5173505544662476,0.5591949224472046,0.42723730206489563,0.29171469807624817,0.3472325801849365,0.4805315136909485,0.3364357352256775,0.2188006043434143,0.3858546018600464,0.43042829632759094,0.31477096676826477,0.44637632369995117,0.5530391931533813,0.5083350539207458,0.6273188591003418,0.6529266834259033,0.6632593870162964,0.6881299018859863,0.6039647459983826,0.5246261954307556,0.3947516083717346,0.2710723578929901,0.1675524115562439,0.13928544521331787,0.13980714976787567,0.18554151058197021,0.21713417768478394,0.2522515654563904,0.2809202969074249,0.24188277125358582,0.2464665323495865,0.2767016887664795,0.3029961884021759,0.2927630841732025,0.29583919048309326,0.30300188064575195,0.29369038343429565,0.3171490430831909,0.30312424898147583,AS
../data/DWT_NEW/AS/New_AS_149.wav,121.51132202148438,-55.515899658203125,18.59583854675293,-12.923911094665527,-1.116327166557312,-7.464226722717285,-8.05113410949707,5.956448554992676,-1.562819004058838,3.587677240371704,-5.340724468231201,-11.00956916809082,3.927734851837158,-2.697004795074463,-0.05691775679588318,-3.3131792545318604,3.118581771850586,2.1719934940338135,-1.023891806602478,-8.478178024291992,0.6981874108314514,-5.565019130706787,3.134702444076538,-2.0301356315612793,-0.7361632585525513,-2.4368181228637695,4.986814022064209,-2.4988865852355957,-2.632066488265991,4.234126091003418,-3.7727298736572266,-2.3325419425964355,-1.1443109512329102,2.592905282974243,-7.485237121582031,1.923508644104004,-7.501821994781494,-0.1137237548828125,-5.913346290588379,2.9301645755767822,0.4505809545516968,0.024680012837052345,0.018938641995191574,0.029349293559789658,0.032665904611349106,0.03365131840109825,0.06586132943630219,0.12082935124635696,0.17076337337493896,0.19020876288414001,0.16265660524368286,0.09792172908782959,0.06520186364650726,0.07185374200344086,0.05111194774508476,0.1513429582118988,0.25120827555656433,0.2399561107158661,0.1358313262462616,0.09334812313318253,0.1093820258975029,0.21198013424873352,0.24149790406227112,0.15235882997512817,0.09292646497488022,0.1556149274110794,0.17838077247142792,0.13442462682724,0.11465446650981903,0.17620761692523956,0.24538466334342957,0.16474297642707825,0.19522039592266083,0.258608877658844,0.15581738948822021,0.13843494653701782,0.16876018047332764,0.15968407690525055,0.23800668120384216,0.25481030344963074,0.2900424897670746,0.2683694660663605,0.25682923197746277,0.27748024463653564,0.25452423095703125,0.225705087184906,0.20833665132522583,0.19695767760276794,0.27418702840805054,0.2828942537307739,0.3127770721912384,0.3295794427394867,0.28468358516693115,0.2128412425518036,0.20948272943496704,0.21073219180107117,0.12631389498710632,0.1458081603050232,0.154788076877594,0.14349108934402466,0.1857711225748062,AS
../data/DWT_NEW/AS/New_AS_025.wav,113.55712890625,-56.8359375,19.193744659423828,3.4582643508911133,7.80988883972168,-11.533430099487305,-5.109811782836914,-9.799212455749512,-2.5832555294036865,-1.9925296306610107,-5.23489236831665,-2.459550380706787,-2.658057689666748,1.9556291103363037,-2.1641244888305664,4.906834602355957,-2.867764949798584,-1.7587242126464844,-1.0875749588012695,-0.8363689184188843,-1.9486291408538818,-3.7384324073791504,2.3177406787872314,0.4815511703491211,0.8777204155921936,-5.742532730102539,1.1490188837051392,-1.1982512474060059,2.7254152297973633,0.8081842660903931,0.4759311079978943,-3.352055549621582,-0.1017656922340393,1.0890958309173584,3.176948070526123,-0.45501232147216797,-1.534585952758789,1.919203281402588,-1.705277919769287,2.2223615646362305,0.35778266191482544,0.09794718027114868,0.08432154357433319,0.07188314199447632,0.06803273409605026,0.07440786063671112,0.08317609876394272,0.08539382368326187,0.07860100269317627,0.07406270503997803,0.09198112785816193,0.12506256997585297,0.14899742603302002,0.14341138303279877,0.11072100698947906,0.06620611250400543,0.03580813109874725,0.06437310576438904,0.1358845829963684,0.1946592926979065,0.19647260010242462,0.1432872712612152,0.10851208865642548,0.1239887997508049,0.1741461157798767,0.2049528956413269,0.15333515405654907,0.12204254418611526,0.17177332937717438,0.1730409413576126,0.15334656834602356,0.18720915913581848,0.21811218559741974,0.20580506324768066,0.2474151849746704,0.2762903571128845,0.28750288486480713,0.3120880424976349,0.3204687535762787,0.32731539011001587,0.32866302132606506,0.32939767837524414,0.33122435212135315,0.331754595041275,0.325084388256073,0.3069261312484741,0.2770424485206604,0.23958756029605865,0.2192104011774063,0.21994632482528687,0.2200719267129898,0.2204357236623764,0.24408569931983948,0.2369617223739624,0.19726601243019104,0.11857062578201294,0.057613931596279144,0.17730651795864105,0.2194826751947403,0.2435958981513977,0.23141828179359436,AS
../data/DWT_NEW/AS/New_AS_047.wav,110.93761444091797,-50.092411041259766,14.35871696472168,1.0510578155517578,8.135765075683594,-6.461806774139404,-0.46740099787712097,-4.74645471572876,4.372918128967285,-6.425957202911377,-4.547267913818359,-8.83647346496582,1.924581527709961,-0.2968345284461975,-0.2015504539012909,7.8658928871154785,4.205029487609863,-0.3158233165740967,0.21172434091567993,-0.4940521717071533,-2.664975166320801,1.5179295539855957,3.3796026706695557,5.219289302825928,-1.4584219455718994,1.1091289520263672,1.326356291770935,-0.9322407245635986,2.381495475769043,-0.2689690589904785,-2.3985486030578613,-3.931124210357666,0.33505386114120483,0.5532943606376648,1.319704532623291,-1.6286259889602661,0.6078933477401733,-1.7375227212905884,-0.12636788189411163,1.2538399696350098,0.312918096780777,0.14502893388271332,0.16506317257881165,0.16604216396808624,0.14438650012016296,0.10295823216438293,0.07019640505313873,0.10633903741836548,0.16377559304237366,0.19545185565948486,0.179204523563385,0.11072877049446106,0.053773634135723114,0.1449006348848343,0.20404782891273499,0.18566399812698364,0.10386595129966736,0.10639806091785431,0.1522221863269806,0.11914718151092529,0.12888045608997345,0.19192416965961456,0.166389599442482,0.0978626236319542,0.09726789593696594,0.12227562069892883,0.16536922752857208,0.13603121042251587,0.0924999862909317,0.14948734641075134,0.14689162373542786,0.13354669511318207,0.14796477556228638,0.19269469380378723,0.17681723833084106,0.16459012031555176,0.19796866178512573,0.18146605789661407,0.1789156049489975,0.1806018054485321,0.1863679736852646,0.18810686469078064,0.19874891638755798,0.2019960731267929,0.19881898164749146,0.17836982011795044,0.1394839882850647,0.11705151945352554,0.1475609838962555,0.18079006671905518,0.19375526905059814,0.22942039370536804,0.2967907786369324,0.32997357845306396,0.3289581537246704,0.2943466305732727,0.24712471663951874,0.1842982918024063,0.12291461229324341,0.19770145416259766,0.2797622084617615,AS
../data/DWT_NEW/AS/New_AS_015.wav,148.01876831054688,-50.46263122558594,14.584305763244629,-5.174687385559082,10.092766761779785,-4.075829982757568,4.941685676574707,0.34699273109436035,5.902946472167969,-0.19942808151245117,-7.225613594055176,-3.769463539123535,-1.5435881614685059,4.868440628051758,-6.276186943054199,6.250716686248779,-1.239199161529541,1.5229076147079468,2.9411182403564453,2.56178879737854,-0.8152158856391907,-1.3967458009719849,3.102541208267212,0.8552098274230957,0.24480193853378296,-2.6984100341796875,0.5322851538658142,-2.0932486057281494,4.966634750366211,-0.45755720138549805,-0.6042176485061646,-2.0292577743530273,-1.0584516525268555,1.7585233449935913,-1.4548606872558594,0.3425825238227844,-0.9573123455047607,-0.7470933198928833,0.32387539744377136,1.5452241897583008,0.47783809900283813,0.17216773331165314,0.14036598801612854,0.1320900022983551,0.15781833231449127,0.1971500813961029,0.22697901725769043,0.2321876585483551,0.2113378345966339,0.19703298807144165,0.24347350001335144,0.3274504542350769,0.3829011917114258,0.3549274802207947,0.24540114402770996,0.11405732482671738,0.19165053963661194,0.24091994762420654,0.18171072006225586,0.20972105860710144,0.3389102816581726,0.3352488875389099,0.22730791568756104,0.2050822377204895,0.2094908356666565,0.26510560512542725,0.31372714042663574,0.277252197265625,0.22649556398391724,0.2745364010334015,0.33425870537757874,0.31413114070892334,0.30451884865760803,0.3672882616519928,0.37176427245140076,0.3528057932853699,0.3580264747142792,0.3494566082954407,0.34433597326278687,0.35851895809173584,0.3703581690788269,0.3647698163986206,0.3402004837989807,0.3014965355396271,0.2721906900405884,0.273175448179245,0.29637715220451355,0.33124369382858276,0.367923378944397,0.3930095136165619,0.40092089772224426,0.4004950523376465,0.38655170798301697,0.3144906759262085,0.17203941941261292,0.09885728359222412,0.18605628609657288,0.2196171134710312,0.1506386697292328,0.20682047307491302,0.28629177808761597,AS
../data/DWT_NEW/AS/New_AS_094.wav,117.6573486328125,-53.413814544677734,21.67979621887207,3.9474780559539795,4.101726531982422,-8.724502563476562,1.687018632888794,-1.7554917335510254,6.0382843017578125,2.1874537467956543,-1.3646546602249146,1.7183356285095215,3.712188243865967,4.662869453430176,-6.162848949432373,6.214027404785156,-1.6633491516113281,-4.339665412902832,-2.5225448608398438,-2.7234389781951904,0.5781158804893494,-5.497981071472168,-1.9309455156326294,-0.9564170837402344,-0.9809070229530334,-4.725581645965576,2.931049346923828,-0.3172036409378052,1.3535411357879639,2.3466415405273438,-0.514793872833252,-3.239655017852783,0.9413739442825317,2.39888072013855,2.163106679916382,-0.8483103513717651,-1.8320502042770386,1.0607783794403076,-2.149083137512207,3.038753032684326,0.35866886377334595,0.22087013721466064,0.21900984644889832,0.20820710062980652,0.18920473754405975,0.16461244225502014,0.14014054834842682,0.11701449751853943,0.09365800023078918,0.08172750473022461,0.11596334725618362,0.18302404880523682,0.2463112622499466,0.2780947983264923,0.26597756147384644,0.2147832214832306,0.15504726767539978,0.1263556033372879,0.1712150275707245,0.25534504652023315,0.30517929792404175,0.2765291929244995,0.19005584716796875,0.15353241562843323,0.21274960041046143,0.26193147897720337,0.22267450392246246,0.10973474383354187,0.15905463695526123,0.16094541549682617,0.13854306936264038,0.12758925557136536,0.14481838047504425,0.1325230896472931,0.1406124234199524,0.15004786849021912,0.15318287909030914,0.1531294882297516,0.15007351338863373,0.17177075147628784,0.2028711587190628,0.22752657532691956,0.2477424144744873,0.26201000809669495,0.26638662815093994,0.26063457131385803,0.24670551717281342,0.23559366166591644,0.21663165092468262,0.1999245584011078,0.18589407205581665,0.19511906802654266,0.25553184747695923,0.29809829592704773,0.2852986454963684,0.17338311672210693,0.12128417193889618,0.19312140345573425,0.22929343581199646,0.227964386343956,0.20018118619918823,AS
../data/DWT_NEW/AS/New_AS_068.wav,96.87773132324219,-70.1063232421875,19.077659606933594,-9.348686218261719,-17.861040115356445,0.5568711757659912,-2.289018154144287,-6.457794189453125,0.8576381206512451,-1.8508813381195068,0.8656041622161865,6.781984329223633,-4.313405513763428,2.583202362060547,-7.15893030166626,-3.204625129699707,0.17971593141555786,0.17218661308288574,4.153938293457031,-1.6679472923278809,2.3323264122009277,3.3519127368927,5.171258449554443,-5.1930766105651855,1.2027881145477295,-5.932150840759277,-3.108030080795288,1.8611866235733032,-0.44586464762687683,-1.5989325046539307,2.6243011951446533,3.451366424560547,0.8770473003387451,-1.5038654804229736,0.03724247217178345,1.9472557306289673,2.311631202697754,-1.5363703966140747,0.1664879471063614,0.230106383562088,0.3479006886482239,0.08319045603275299,0.06677521765232086,0.04030899703502655,0.010822176933288574,0.03269845247268677,0.05797412246465683,0.06611281633377075,0.05076219141483307,0.019769469276070595,0.05073132365942001,0.09071652591228485,0.10193148255348206,0.07309325784444809,0.02893747016787529,0.048151444643735886,0.0481940358877182,0.043684013187885284,0.09447860717773438,0.1076420322060585,0.06914141029119492,0.04635586217045784,0.052590809762477875,0.09824877977371216,0.11554582417011261,0.08702720701694489,0.060365285724401474,0.10473838448524475,0.12010940909385681,0.09301920980215073,0.09546534717082977,0.12639619410037994,0.11811360716819763,0.12231303006410599,0.15071700513362885,0.15353384613990784,0.17173990607261658,0.1887749433517456,0.19762460887432098,0.20150303840637207,0.1921873241662979,0.16320998966693878,0.12580925226211548,0.09500947594642639,0.0956343561410904,0.21118661761283875,0.3140854835510254,0.38158467411994934,0.3968580961227417,0.3488234579563141,0.26614296436309814,0.18571606278419495,0.15916159749031067,0.2182094156742096,0.29096198081970215,0.3317241668701172,0.3263937532901764,0.2886176109313965,0.2663564085960388,0.20309752225875854,0.15222492814064026,AS
../data/DWT_NEW/AS/New_AS_051.wav,66.1089859008789,-73.20064544677734,26.405899047851562,5.7440948486328125,-9.119071960449219,-3.2811920642852783,-4.524608612060547,-11.595680236816406,-3.522385358810425,-7.77593994140625,3.147609233856201,8.850452423095703,-6.971698760986328,-0.053186625242233276,-6.920037269592285,1.6457844972610474,-3.251995086669922,-0.29188406467437744,-6.355640411376953,-5.882465362548828,-0.12569138407707214,1.6258924007415771,-3.3455777168273926,-3.088883399963379,5.041681289672852,-2.2836732864379883,-6.146465301513672,-0.6660111546516418,0.49344801902770996,-1.0886893272399902,2.765000581741333,0.7393894195556641,-1.791042447090149,0.1415330171585083,-0.9240469336509705,-1.598812222480774,1.1611289978027344,3.0060482025146484,-1.0028245449066162,0.9186705946922302,0.2637598216533661,0.013009816408157349,0.01106695644557476,0.0062567186541855335,0.01667203940451145,0.035478703677654266,0.05486919730901718,0.06820599734783173,0.0684739276766777,0.052785724401474,0.02561824768781662,0.019241763278841972,0.0331009179353714,0.023191895335912704,0.03791847825050354,0.08494692295789719,0.10655665397644043,0.07919089496135712,0.04531395435333252,0.06522486358880997,0.061278410255908966,0.10848741978406906,0.13265526294708252,0.10246415436267853,0.0983266532421112,0.11279377341270447,0.13935807347297668,0.13064855337142944,0.12196607887744904,0.12775300443172455,0.11990299820899963,0.10647864639759064,0.10978547483682632,0.08476089686155319,0.08970789611339569,0.1049559935927391,0.09801457822322845,0.11985769867897034,0.12066136300563812,0.12998884916305542,0.1260145604610443,0.12419299781322479,0.12402129918336868,0.11946959048509598,0.10550621151924133,0.08297568559646606,0.10682900249958038,0.1334204226732254,0.1364136040210724,0.10536128282546997,0.07144276052713394,0.10605362057685852,0.1291773021221161,0.12469616532325745,0.08061029016971588,0.05270037055015564,0.08179080486297607,0.13693663477897644,0.1650291085243225,0.16467466950416565,0.19149309396743774,AS
../data/DWT_NEW/AS/New_AS_152.wav,89.99394989013672,-55.887664794921875,30.173154830932617,-2.9458882808685303,-4.561532974243164,7.14739990234375,-8.326855659484863,0.6823141574859619,-3.3659725189208984,4.252882480621338,2.8430371284484863,-2.15645170211792,-4.753109931945801,10.203548431396484,1.8261100053787231,-6.087342739105225,-6.682296276092529,2.9952192306518555,2.4375858306884766,-3.1938114166259766,3.267293930053711,6.652005672454834,1.7494628429412842,1.4520082473754883,5.094910144805908,4.514334678649902,-3.8481900691986084,-5.891820430755615,-0.9168505668640137,-6.3940911293029785,-4.271336555480957,2.2944254875183105,2.638568639755249,-3.988839864730835,-1.4011019468307495,1.60548734664917,5.973865509033203,1.6465460062026978,-0.3754253387451172,8.057998657226562,0.30849236249923706,0.17278936505317688,0.16183918714523315,0.14044290781021118,0.10857062041759491,0.06912670284509659,0.03021986037492752,0.03865259140729904,0.08993475139141083,0.1465526521205902,0.18921136856079102,0.192072331905365,0.14620056748390198,0.0724468007683754,0.03444826230406761,0.05997122824192047,0.14164972305297852,0.19593936204910278,0.15891465544700623,0.07154481112957001,0.06716182827949524,0.13531458377838135,0.20856475830078125,0.17260006070137024,0.15227097272872925,0.151090607047081,0.1704639345407486,0.17941492795944214,0.15417958796024323,0.07395663857460022,0.10287050157785416,0.07254938036203384,0.11687317490577698,0.129191592335701,0.19956958293914795,0.2516542375087738,0.2461511194705963,0.28111377358436584,0.21601292490959167,0.18583333492279053,0.08052119612693787,0.042787764221429825,0.12244698405265808,0.21308594942092896,0.25701668858528137,0.2586768567562103,0.20665183663368225,0.1334277093410492,0.08527196198701859,0.1053955927491188,0.13173863291740417,0.143998384475708,0.14116030931472778,0.13175667822360992,0.14483846724033356,0.1535676121711731,0.11976505070924759,0.062400542199611664,0.03970672935247421,0.047381188720464706,0.04949939250946045,AS
../data/DWT_NEW/AS/New_AS_119.wav,111.80244445800781,-52.01677703857422,9.594192504882812,-8.46036148071289,-2.1573002338409424,-13.255725860595703,-0.47093063592910767,-8.874135971069336,-1.686911940574646,-5.17104959487915,-4.305708885192871,-0.19389517605304718,-2.425131320953369,-2.171985626220703,-3.952284812927246,4.666233539581299,-2.2793235778808594,-4.312492370605469,0.7838791608810425,-1.4324748516082764,-3.2029991149902344,-5.628880500793457,-0.44636934995651245,0.5365463495254517,-0.15294766426086426,-3.2856223583221436,2.1347427368164062,-0.3528299331665039,1.8274507522583008,-0.29222536087036133,-1.6799756288528442,2.0793304443359375,0.11480551958084106,3.8576931953430176,-1.688002586364746,3.374791383743286,-0.9250310659408569,1.6298753023147583,-0.39171814918518066,1.9325635433197021,0.3155250549316406,0.0645839050412178,0.06452850997447968,0.0604487769305706,0.05402212589979172,0.05063643679022789,0.05655770003795624,0.06765725463628769,0.07288958132266998,0.06373795866966248,0.03704943507909775,0.020566899329423904,0.061441682279109955,0.08765137195587158,0.08876095712184906,0.0608382448554039,0.036680668592453,0.0570419542491436,0.07286004722118378,0.12585482001304626,0.16571947932243347,0.14084848761558533,0.07713139057159424,0.04151884466409683,0.14008665084838867,0.23060300946235657,0.21857693791389465,0.1394074708223343,0.1283603012561798,0.20743069052696228,0.22007673978805542,0.1820114552974701,0.17061567306518555,0.1964590698480606,0.2146744728088379,0.20784524083137512,0.22646424174308777,0.24932429194450378,0.26708391308784485,0.29677489399909973,0.3227693438529968,0.33593425154685974,0.3404156565666199,0.32976460456848145,0.313726007938385,0.308137446641922,0.3099278211593628,0.31648755073547363,0.32889193296432495,0.3438999354839325,0.35370585322380066,0.3497845530509949,0.3164156377315521,0.24069328606128693,0.13059395551681519,0.06768724322319031,0.14820048213005066,0.19872459769248962,0.20893850922584534,0.24175018072128296,0.22493812441825867,AS
../data/DWT_NEW/AS/New_AS_064.wav,73.17131042480469,-70.22071838378906,14.9974365234375,1.6585185527801514,2.8336029052734375,9.454259872436523,-8.317188262939453,-11.117329597473145,-0.9663529396057129,-0.9309322834014893,-3.032285213470459,-0.2540903389453888,-7.927249431610107,-3.7148563861846924,-5.725199222564697,-3.0210375785827637,8.215876579284668,3.1273961067199707,-8.412443161010742,1.9674910306930542,0.9332872629165649,2.7417073249816895,-2.012629985809326,5.3088812828063965,-1.7931861877441406,2.9099042415618896,6.760449409484863,3.57422137260437,0.07294166088104248,2.458777904510498,-1.0991051197052002,2.6257495880126953,1.9071760177612305,-3.812342882156372,-1.5381321907043457,4.063102722167969,0.4682263135910034,-0.7760336399078369,2.3812434673309326,0.21656987071037292,0.25576895475387573,0.06589199602603912,0.06790097057819366,0.06956750154495239,0.0702071487903595,0.06898406147956848,0.0658954307436943,0.06052428111433983,0.053029827773571014,0.045426517724990845,0.040515393018722534,0.04123604670166969,0.04963007569313049,0.06622235476970673,0.0775747150182724,0.07399944216012955,0.053064290434122086,0.025244154036045074,0.015263394452631474,0.044211290776729584,0.07577679306268692,0.07447386533021927,0.05520522594451904,0.05869854614138603,0.08155719935894012,0.12191806733608246,0.1249578446149826,0.12398986518383026,0.13957585394382477,0.1792384684085846,0.18738211691379547,0.18270349502563477,0.20754285156726837,0.2148807942867279,0.20153234899044037,0.20222467184066772,0.18320077657699585,0.16574826836585999,0.14849227666854858,0.13970643281936646,0.13897867500782013,0.14224819839000702,0.1412268728017807,0.1293928474187851,0.11226969957351685,0.10663387924432755,0.1110910177230835,0.11238337308168411,0.12646162509918213,0.13003353774547577,0.1204521507024765,0.15087535977363586,0.15156278014183044,0.10135305672883987,0.06441226601600647,0.07146673649549484,0.12519752979278564,0.21606142818927765,0.2831660509109497,0.234998419880867,0.11091326177120209,AS
../data/DWT_NEW/AS/New_AS_166.wav,217.52999877929688,1.2248749732971191,-1.2872185707092285,3.1096763610839844,-1.5567669868469238,3.2529993057250977,-1.6998615264892578,10.266112327575684,1.1396620273590088,-0.3448254466056824,10.497896194458008,2.4191815853118896,-5.665878772735596,-3.5509417057037354,0.01691281795501709,-3.190375328063965,-1.2388200759887695,-0.7407016754150391,-3.7097511291503906,4.897563934326172,3.9079277515411377,-2.5656943321228027,4.184079170227051,-8.441195487976074,-4.656945705413818,0.18277907371520996,5.046067237854004,-4.556735515594482,-1.304914116859436,-1.3845535516738892,-0.5381872057914734,-1.0526055097579956,-3.5176100730895996,2.7663702964782715,1.0176329612731934,-5.036666393280029,2.5735883712768555,0.01601479947566986,-0.06957483291625977,0.7923829555511475,0.5250648260116577,0.7759323716163635,0.6887723207473755,0.6940777897834778,0.7925784587860107,0.8773274421691895,0.8373766541481018,0.6046288013458252,0.2818933427333832,0.7063004374504089,1.2860969305038452,1.6080468893051147,1.4866126775741577,0.9679427742958069,0.6982336640357971,1.0206459760665894,0.8515911102294922,0.7637951374053955,1.5830694437026978,1.716325283050537,1.098964810371399,0.8671699166297913,0.8293818235397339,1.2436177730560303,1.5261144638061523,1.1629652976989746,0.7984720468521118,1.0729866027832031,1.2705481052398682,0.9900644421577454,0.9240915179252625,1.0950589179992676,1.0046600103378296,0.9986879229545593,1.0091540813446045,1.0161535739898682,0.9906095266342163,1.0114634037017822,0.956295907497406,0.9177868366241455,0.878879964351654,0.9003192186355591,0.974439263343811,1.0728026628494263,1.1337299346923828,1.154622197151184,1.1521447896957397,1.1117596626281738,0.9583381414413452,0.7709423303604126,0.7508612275123596,0.7273540496826172,0.6836922764778137,0.685684084892273,0.7121135592460632,0.6058540344238281,0.5436409711837769,0.9418842792510986,1.1712464094161987,1.1477434635162354,0.8761966228485107,AS
../data/DWT_NEW/AS/New_AS_117.wav,122.28005981445312,-53.236061096191406,19.742515563964844,-4.901437282562256,10.064315795898438,-7.642157554626465,-5.062999248504639,-7.877484321594238,-4.400687217712402,-0.258294939994812,-5.6850199699401855,-5.901894569396973,1.8758423328399658,-0.05879694223403931,-8.473897933959961,7.640627384185791,1.842169165611267,1.5984375476837158,3.4140586853027344,0.02953416109085083,-0.5929257869720459,-2.4087889194488525,0.7278748750686646,5.110135555267334,1.3999903202056885,-2.1342196464538574,4.3466715812683105,1.1642972230911255,3.6846725940704346,-0.5610131025314331,0.1983809471130371,-0.802696704864502,1.1907134056091309,0.49453574419021606,4.476758003234863,-1.742512822151184,-1.575047254562378,2.9424800872802734,-1.6689913272857666,1.898636817932129,0.3912137746810913,0.05450965464115143,0.04870598763227463,0.06033314764499664,0.08539119362831116,0.11467638611793518,0.14163970947265625,0.16032972931861877,0.1660119891166687,0.16006940603256226,0.14728330075740814,0.1303342580795288,0.10608607530593872,0.07039481401443481,0.04951693117618561,0.09256310760974884,0.12269727885723114,0.11881513893604279,0.11875303089618683,0.1439889371395111,0.125698521733284,0.071773000061512,0.09816214442253113,0.10778199881315231,0.1876746416091919,0.20377972722053528,0.14056603610515594,0.13378658890724182,0.20676833391189575,0.24111127853393555,0.18885882198810577,0.22128890454769135,0.2774379253387451,0.24805529415607452,0.2969363033771515,0.332191526889801,0.3326672315597534,0.3588365316390991,0.35742583870887756,0.35152190923690796,0.3373519778251648,0.3141072988510132,0.2849777042865753,0.27002057433128357,0.24551838636398315,0.22191759943962097,0.2112981677055359,0.2016589641571045,0.1945270299911499,0.21323846280574799,0.2824491858482361,0.3227003812789917,0.29616501927375793,0.2373117059469223,0.17515918612480164,0.10173794627189636,0.13934731483459473,0.24635985493659973,0.26069071888923645,0.2640829086303711,0.276627779006958,AS
../data/DWT_NEW/AS/New_AS_054.wav,74.29487609863281,-69.0348129272461,13.678742408752441,-0.49004805088043213,-5.08732271194458,6.026294708251953,1.3787189722061157,-2.779834270477295,4.519175052642822,-3.173746347427368,2.8339791297912598,1.0699297189712524,-1.8636479377746582,-3.284893751144409,3.9754724502563477,6.075435638427734,5.111976623535156,-1.9663400650024414,-4.874509334564209,1.0148322582244873,2.638364791870117,4.921751976013184,-0.3725442886352539,-0.7136329412460327,2.905297040939331,-1.614033818244934,0.4780082702636719,1.9459596872329712,0.06766796112060547,2.369633913040161,5.509566307067871,-4.630565643310547,1.4822261333465576,1.5635242462158203,-1.4818583726882935,-2.628662109375,-3.9559922218322754,-0.6340469717979431,-0.0010002553462982178,-0.19209492206573486,0.2510875165462494,0.09989210963249207,0.09817668795585632,0.10189415514469147,0.10748408734798431,0.10721831023693085,0.09508027136325836,0.06922909617424011,0.04231154918670654,0.06154603883624077,0.09972594678401947,0.12156814336776733,0.11896272748708725,0.10197065770626068,0.10107922554016113,0.1028185486793518,0.08300060033798218,0.0699084997177124,0.0844544768333435,0.07609120011329651,0.06267231702804565,0.057908523827791214,0.0672583281993866,0.09125189483165741,0.0722726434469223,0.028719019144773483,0.059722915291786194,0.09275858104228973,0.0616975873708725,0.0533033087849617,0.108724445104599,0.09249914437532425,0.0799684226512909,0.12021640688180923,0.09909307956695557,0.10499933362007141,0.1159026026725769,0.11527468264102936,0.1316823959350586,0.13566242158412933,0.14422664046287537,0.14308059215545654,0.1389675885438919,0.1292043775320053,0.11570169776678085,0.10854822397232056,0.119508758187294,0.13093185424804688,0.12954626977443695,0.11791001260280609,0.10952053964138031,0.11864235997200012,0.15659263730049133,0.2036564201116562,0.22805112600326538,0.21964572370052338,0.20868566632270813,0.2391529083251953,0.323702871799469,0.3673195242881775,0.2786285877227783,AS
../data/DWT_NEW/AS/New_AS_184.wav,127.10209655761719,-27.813270568847656,7.452154159545898,-13.279989242553711,5.0085649490356445,6.720705986022949,-4.7017927169799805,6.8642802238464355,-3.526907444000244,-1.911499261856079,7.745894432067871,-0.7438521385192871,0.47176921367645264,-2.515401840209961,-1.8439446687698364,6.713233470916748,7.308938503265381,7.726334571838379,4.716454982757568,-3.0447964668273926,-7.534577369689941,3.2617783546447754,3.9943645000457764,-5.399999141693115,0.8201479315757751,6.5186614990234375,-1.6616984605789185,0.651271402835846,-5.408459663391113,1.6852662563323975,-2.575815200805664,-6.628683567047119,-0.8133077621459961,-3.038379192352295,-6.591177940368652,5.6746625900268555,0.34493327140808105,-0.937172532081604,1.038870096206665,-0.8332667946815491,0.2800879180431366,0.24640652537345886,0.20024356245994568,0.15255016088485718,0.12970101833343506,0.155049666762352,0.2009277045726776,0.23059669137001038,0.22030632197856903,0.16220331192016602,0.073349729180336,0.1410542130470276,0.2821695804595947,0.39859068393707275,0.44448089599609375,0.41216206550598145,0.33331549167633057,0.26757171750068665,0.23003382980823517,0.16230812668800354,0.11690820753574371,0.22434428334236145,0.3183438777923584,0.32238757610321045,0.2503223419189453,0.15873172879219055,0.10244821012020111,0.0958249568939209,0.110526442527771,0.10768631100654602,0.12323447316884995,0.1701134741306305,0.20272354781627655,0.19146469235420227,0.2214345633983612,0.2960326373577118,0.2758214473724365,0.2701582908630371,0.29147595167160034,0.29088878631591797,0.3258519768714905,0.3637450337409973,0.3911578357219696,0.37534987926483154,0.3102371096611023,0.2162594497203827,0.13078880310058594,0.1214495450258255,0.21752119064331055,0.32006776332855225,0.3308632969856262,0.21223647892475128,0.06824927031993866,0.12096057832241058,0.12597553431987762,0.20717886090278625,0.374886691570282,0.5025802254676819,0.5137352347373962,0.3617880046367645,0.10642361640930176,AS
../data/DWT_NEW/AS/New_AS_151.wav,128.61447143554688,-44.559356689453125,21.413015365600586,-16.116382598876953,2.90499210357666,-5.381679534912109,-4.730221748352051,8.417612075805664,-4.826695442199707,3.4851694107055664,-1.9165451526641846,-10.318729400634766,4.650737762451172,-6.829464912414551,-0.15601569414138794,0.16715502738952637,2.7266931533813477,2.0521750450134277,2.7910873889923096,-6.686561584472656,3.900930643081665,-3.6969821453094482,4.493723392486572,-1.0936063528060913,-1.323851227760315,-3.5480575561523438,6.139036655426025,0.1780725121498108,-3.6072447299957275,2.719910144805908,-0.004989147186279297,-0.429772287607193,-3.1458992958068848,0.46971142292022705,-6.627644062042236,-0.026310905814170837,-11.965542793273926,-1.2150191068649292,-4.718344211578369,3.3458762168884277,0.4553886651992798,0.08282361924648285,0.08388978987932205,0.06314481049776077,0.027690798044204712,0.07999972999095917,0.17150716483592987,0.26116418838500977,0.31712204217910767,0.3140994906425476,0.24215805530548096,0.1231120377779007,0.05117030069231987,0.08767975866794586,0.07724358886480331,0.2018011212348938,0.3276146948337555,0.33373451232910156,0.21452297270298004,0.06795668601989746,0.09843459725379944,0.24295084178447723,0.2771470248699188,0.1752673238515854,0.06737338751554489,0.13336408138275146,0.18146514892578125,0.15643718838691711,0.08823857456445694,0.12389863282442093,0.29198044538497925,0.24115678668022156,0.21182438731193542,0.38151586055755615,0.2938094437122345,0.2462262511253357,0.24057132005691528,0.1329621523618698,0.24116450548171997,0.275400847196579,0.34176209568977356,0.3342511057853699,0.30907192826271057,0.2950366735458374,0.2614900469779968,0.2409449815750122,0.2706546187400818,0.3486455976963043,0.3643365502357483,0.31756752729415894,0.3450455665588379,0.3725581467151642,0.3080317974090576,0.21499602496623993,0.25080054998397827,0.24733702838420868,0.13160522282123566,0.1898832619190216,0.17430101335048676,0.16825923323631287,0.21378159523010254,AS
../data/DWT_NEW/AS/New_AS_055.wav,92.98977661132812,-70.68598937988281,28.29010009765625,3.0793819427490234,-0.22878754138946533,2.855693817138672,-2.0373973846435547,-2.27726411819458,7.7438435554504395,3.333059310913086,2.0659046173095703,1.9293131828308105,-9.921501159667969,-4.273315906524658,-0.21260496973991394,-0.6144428253173828,-0.3658689856529236,0.5817685723304749,0.1492176055908203,-6.75654411315918,-0.2923177480697632,-2.747396469116211,5.4201788902282715,-1.156868577003479,-0.5743544101715088,0.6348280310630798,-3.9827277660369873,-3.5581138134002686,3.201357364654541,4.511013984680176,0.9630956053733826,-4.294472694396973,-3.8597750663757324,6.445488452911377,0.5443477034568787,-0.6358382105827332,0.0171353816986084,2.356929302215576,-4.096868515014648,0.4717288017272949,0.3490374684333801,0.0076268683187663555,0.010947635397315025,0.029193345457315445,0.05136612802743912,0.07881316542625427,0.11078260838985443,0.14272281527519226,0.16634917259216309,0.17473289370536804,0.16287848353385925,0.13022926449775696,0.08584332466125488,0.040895458310842514,0.04599456489086151,0.10525834560394287,0.16560594737529755,0.19572433829307556,0.17973032593727112,0.1322411149740219,0.08173432946205139,0.10157807171344757,0.1813286989927292,0.19753560423851013,0.14169490337371826,0.09408201277256012,0.11142750829458237,0.16965216398239136,0.14868278801441193,0.11456304788589478,0.07399887591600418,0.1336120069026947,0.1495051383972168,0.10346778482198715,0.11360472440719604,0.13476234674453735,0.08081794530153275,0.09494158625602722,0.056340400129556656,0.07953794300556183,0.08506608009338379,0.09623783826828003,0.09823031723499298,0.10640668123960495,0.12002155184745789,0.13201475143432617,0.14941851794719696,0.17999446392059326,0.21831268072128296,0.24699828028678894,0.25059324502944946,0.21687981486320496,0.18608185648918152,0.18607281148433685,0.13429966568946838,0.0836462527513504,0.10798956453800201,0.1006118506193161,0.07571561634540558,0.0900026485323906,0.12796658277511597,AS
../data/DWT_NEW/AS/New_AS_142.wav,27.855228424072266,-81.32074737548828,27.570781707763672,-13.47285270690918,-3.6213581562042236,12.813472747802734,-1.8397727012634277,13.766153335571289,-3.9348955154418945,-6.988041400909424,3.7781996726989746,-2.7138068675994873,3.4796552658081055,-0.033728376030921936,1.9232864379882812,-3.9948108196258545,3.8524866104125977,0.30078160762786865,6.883528709411621,4.128778457641602,4.499824047088623,1.664231538772583,6.045747756958008,2.42385196685791,-7.046191215515137,-6.64943790435791,-6.6364288330078125,-1.2094125747680664,1.2321971654891968,3.5093283653259277,-3.4298338890075684,-7.846484661102295,-0.6499979496002197,-0.5493986010551453,-3.520725727081299,-4.905486583709717,2.572880983352661,3.8612749576568604,-2.302377939224243,-2.6718013286590576,0.23673638701438904,0.049888353794813156,0.06139551103115082,0.07024984061717987,0.0737423449754715,0.06998259574174881,0.059914954006671906,0.04637082666158676,0.03370293229818344,0.02672956883907318,0.034494295716285706,0.05794849246740341,0.08331084251403809,0.0964706540107727,0.08932247757911682,0.06467071175575256,0.03996691107749939,0.03707192838191986,0.06322372704744339,0.08684895187616348,0.0822901502251625,0.05282944440841675,0.02481076866388321,0.0383947528898716,0.0564742349088192,0.04924696683883667,0.020436998456716537,0.02189943566918373,0.04030478745698929,0.038777098059654236,0.033049821853637695,0.05198410898447037,0.05209314078092575,0.05856667459011078,0.06950389593839645,0.05106145888566971,0.06991531699895859,0.03150123730301857,0.05361787974834442,0.03327690809965134,0.03797266632318497,0.023680683225393295,0.019992515444755554,0.013752290047705173,0.014636851847171783,0.008491910062730312,0.02839222550392151,0.04453851282596588,0.04693930596113205,0.040739525109529495,0.025674257427453995,0.005981951020658016,0.016694724559783936,0.015071725472807884,0.004545985255390406,0.024170752614736557,0.032279934734106064,0.021203262731432915,0.0045401365496218204,0.012080167420208454,0.01118024718016386,AS
../data/DWT_NEW/AS/New_AS_112.wav,110.76715087890625,-78.93032836914062,3.1527161598205566,-1.5410079956054688,-0.4787927269935608,-9.100918769836426,5.862874984741211,-13.023557662963867,-2.937347412109375,3.686222553253174,0.21216201782226562,-10.646347045898438,8.645346641540527,-0.8271121978759766,4.091790199279785,-11.536722183227539,-7.123476028442383,-0.01879251003265381,-4.002352714538574,-3.780097246170044,0.618535578250885,-2.729755401611328,3.799776554107666,-1.7346000671386719,-5.279197692871094,-0.42135047912597656,0.02687227725982666,2.772404193878174,8.292140007019043,-0.1721305102109909,-2.6091575622558594,0.03225794434547424,2.5555953979492188,4.893247604370117,4.921253204345703,2.1932506561279297,0.14443835616111755,-4.898754596710205,2.21991229057312,-6.181761741638184,0.47904306650161743,0.04743482917547226,0.06750297546386719,0.08710858225822449,0.10213169455528259,0.10828995704650879,0.10289432108402252,0.0840582400560379,0.053082533180713654,0.0200391486287117,0.037379488348960876,0.062350958585739136,0.06789325177669525,0.04998661205172539,0.021159861236810684,0.04235382750630379,0.06927943229675293,0.06950121372938156,0.0442354679107666,0.031066391617059708,0.051564812660217285,0.055436838418245316,0.09786221385002136,0.1493447870016098,0.1432197391986847,0.08997208625078201,0.05387752130627632,0.12520992755889893,0.1967138946056366,0.18473228812217712,0.10446164011955261,0.10459941625595093,0.13644686341285706,0.08808765560388565,0.021161429584026337,0.03507394716143608,0.04931420832872391,0.08231423050165176,0.11696982383728027,0.14556795358657837,0.16000305116176605,0.14933724701404572,0.15292978286743164,0.17547419667243958,0.1946469098329544,0.2308034896850586,0.25721824169158936,0.22928071022033691,0.17389383912086487,0.1571750044822693,0.17415012419223785,0.1670030802488327,0.13531428575515747,0.20639687776565552,0.22305011749267578,0.15786203742027283,0.04165409505367279,0.14840593934059143,0.19180387258529663,0.24382969737052917,0.1935827136039734,AS
../data/DWT_NEW/AS/New_AS_198.wav,197.697998046875,-33.256385803222656,-9.082137107849121,35.60387420654297,-18.318973541259766,-15.304004669189453,4.837135314941406,7.663896560668945,-5.252495765686035,4.391316890716553,7.1202545166015625,4.938257217407227,-0.8824276924133301,4.124683380126953,3.256074905395508,-2.3911242485046387,-7.373280048370361,-9.218631744384766,-1.242668867111206,5.7913618087768555,-0.9944682121276855,-1.2507104873657227,-2.3273119926452637,3.7121152877807617,-0.9790468811988831,-0.8236005306243896,-0.2562939524650574,0.26917415857315063,2.491089344024658,1.3409086465835571,0.15505924820899963,0.02104039490222931,1.9644455909729004,-2.946068286895752,-0.026865415275096893,-1.9053210020065308,2.8051421642303467,0.5419163703918457,-1.5591373443603516,0.4624926745891571,0.6306756734848022,0.23486676812171936,0.2762267589569092,0.3167898654937744,0.31163737177848816,0.25674405694007874,0.2310197651386261,0.3432486653327942,0.498052716255188,0.591955304145813,0.57298743724823,0.44514352083206177,0.3068010210990906,0.28878337144851685,0.35442182421684265,0.4675872325897217,0.6070509552955627,0.5918624401092529,0.3887801170349121,0.20744915306568146,0.41200366616249084,0.6484193801879883,0.6502483487129211,0.39048391580581665,0.20222245156764984,0.5236978530883789,0.6877586841583252,0.4706377685070038,0.30657750368118286,0.6040279865264893,0.5638303160667419,0.351992130279541,0.5039730072021484,0.4563269317150116,0.39325380325317383,0.448140025138855,0.35725292563438416,0.3764284551143646,0.4326171278953552,0.48627927899360657,0.588762104511261,0.6317846775054932,0.7249090671539307,0.799224317073822,0.8491947054862976,0.8653490543365479,0.8133703470230103,0.7038174867630005,0.625090479850769,0.4721340537071228,0.3244916498661041,0.2940709590911865,0.24533922970294952,0.20435431599617004,0.21064364910125732,0.11144986748695374,0.18045377731323242,0.21662308275699615,0.25774115324020386,0.2839951515197754,0.2727227807044983,AS
../data/DWT_NEW/AS/New_AS_195.wav,96.38063049316406,-63.72808074951172,33.44027328491211,-12.169000625610352,9.205784797668457,-0.6704593896865845,-4.523271083831787,9.350992202758789,-0.7809228897094727,3.631979465484619,-1.9739373922348022,-6.178057670593262,3.935182571411133,-6.069799423217773,0.09254610538482666,-4.717238426208496,1.6022346019744873,-1.1479156017303467,-3.5580673217773438,-4.780278205871582,2.114175319671631,-8.912202835083008,0.9245697259902954,-2.284102439880371,0.04478287696838379,0.24224990606307983,8.878580093383789,-3.026711940765381,-7.135768890380859,7.718532562255859,1.5941834449768066,-4.981295585632324,-4.413897514343262,0.6729609370231628,-10.145878791809082,0.44084617495536804,-11.476152420043945,-4.520814418792725,-6.367030143737793,5.479506015777588,0.47509336471557617,0.02967788651585579,0.049604639410972595,0.07387099415063858,0.09681738913059235,0.11025241017341614,0.11021780967712402,0.10916595906019211,0.13846880197525024,0.18762880563735962,0.20587381720542908,0.15194720029830933,0.06517717987298965,0.1798868477344513,0.25698864459991455,0.2037198543548584,0.15774796903133392,0.2919083535671234,0.2690889537334442,0.1837828904390335,0.25443392992019653,0.21002396941184998,0.2050965130329132,0.22116494178771973,0.1577460914850235,0.10888940840959549,0.07751987874507904,0.12676987051963806,0.13648292422294617,0.16086557507514954,0.2725476622581482,0.2908981442451477,0.25984659790992737,0.3156226873397827,0.26296013593673706,0.1841631531715393,0.15380924940109253,0.08072221279144287,0.04124586656689644,0.13178879022598267,0.2171785533428192,0.26367080211639404,0.26164233684539795,0.19687633216381073,0.156173437833786,0.15294337272644043,0.15555819869041443,0.1534477323293686,0.20270627737045288,0.1756194531917572,0.18120548129081726,0.2534615695476532,0.23723435401916504,0.15648773312568665,0.19995161890983582,0.23967568576335907,0.2269715666770935,0.20818889141082764,0.20724962651729584,0.23175102472305298,0.22538891434669495,AS
../data/DWT_NEW/AS/New_AS_153.wav,102.65475463867188,-53.413475036621094,33.788944244384766,-3.131882667541504,-1.5087027549743652,10.87594223022461,-12.601994514465332,-6.905177116394043,-4.114457607269287,-0.8002880811691284,0.07561171054840088,7.473731994628906,6.837308883666992,9.05343246459961,3.206564426422119,-7.997053146362305,-15.754042625427246,1.659456729888916,8.6690034866333,-1.3035902976989746,2.6726672649383545,8.71078109741211,-1.2793344259262085,-3.249328136444092,6.645685195922852,2.3660261631011963,0.9183897376060486,0.09618514776229858,-3.064817190170288,-6.452462673187256,-2.382831335067749,3.702104091644287,-3.2260780334472656,-0.16319489479064941,7.160680770874023,2.943936347961426,7.211489677429199,3.4344074726104736,-0.906208336353302,5.344096660614014,0.3481566309928894,0.1895824372768402,0.2104734480381012,0.20250405371189117,0.16332116723060608,0.11385276913642883,0.12026180326938629,0.17563673853874207,0.20998552441596985,0.199802964925766,0.15431539714336395,0.10792874544858932,0.08878159523010254,0.0742127075791359,0.03297552838921547,0.09460209310054779,0.1544499397277832,0.14780929684638977,0.09490998089313507,0.13768203556537628,0.13763709366321564,0.15677142143249512,0.20203225314617157,0.2178444266319275,0.2540704607963562,0.20355400443077087,0.23077304661273956,0.25831836462020874,0.20115184783935547,0.15042126178741455,0.16388407349586487,0.07461968064308167,0.13415080308914185,0.19271525740623474,0.2220037281513214,0.3344142735004425,0.29324233531951904,0.3522564768791199,0.25682270526885986,0.21948927640914917,0.10444340109825134,0.07731669396162033,0.21733945608139038,0.32871317863464355,0.3911780118942261,0.38368576765060425,0.29742753505706787,0.17157380282878876,0.10550840198993683,0.13524946570396423,0.1544984132051468,0.13652676343917847,0.11502346396446228,0.17234422266483307,0.24923549592494965,0.2695401608943939,0.20305819809436798,0.0870581567287445,0.06989247351884842,0.0694553330540657,0.1282585710287094,AS
../data/DWT_NEW/AS/New_AS_020.wav,138.29302978515625,-53.97887420654297,15.23763370513916,6.370764255523682,18.911462783813477,-1.5104987621307373,6.86746072769165,-2.8484315872192383,4.386329650878906,-1.0860726833343506,-3.4584035873413086,-6.748826026916504,2.5425848960876465,4.4733381271362305,-0.845311164855957,3.3801283836364746,0.9962173700332642,-6.153467655181885,0.694697380065918,1.5911177396774292,1.1583497524261475,-1.6984951496124268,-1.1659659147262573,2.9545655250549316,-3.064469337463379,1.127846360206604,0.2635130286216736,-0.035488396883010864,-0.8673796653747559,1.7152736186981201,-0.5221837759017944,-3.402399778366089,-0.9076153635978699,0.5514771938323975,3.952951669692993,-0.5529796481132507,0.23055315017700195,-1.077030062675476,-2.396268606185913,2.579463243484497,0.44403672218322754,0.1567903608083725,0.089071124792099,0.026554875075817108,0.06517086923122406,0.11832951009273529,0.1519961804151535,0.16750338673591614,0.18963906168937683,0.25513210892677307,0.3558195233345032,0.4455287456512451,0.4810514450073242,0.4337359070777893,0.3042154312133789,0.14423471689224243,0.08702005445957184,0.11377599090337753,0.15544119477272034,0.3306547999382019,0.4625498950481415,0.4446457028388977,0.30046552419662476,0.15390123426914215,0.1651652753353119,0.305359423160553,0.3919062912464142,0.34063878655433655,0.21249595284461975,0.24605047702789307,0.343662291765213,0.32589659094810486,0.25899770855903625,0.306480348110199,0.33673563599586487,0.30652016401290894,0.32068753242492676,0.3312859535217285,0.3225197196006775,0.32260096073150635,0.322482705116272,0.31369954347610474,0.300946444272995,0.2904623746871948,0.2818278670310974,0.27493441104888916,0.26766008138656616,0.26234108209609985,0.26313644647598267,0.2776697278022766,0.2823197841644287,0.2598673701286316,0.22792765498161316,0.2142859250307083,0.23121853172779083,0.23496872186660767,0.20602498948574066,0.20047180354595184,0.2884027361869812,0.432529479265213,0.5058187246322632,AS
../data/DWT_NEW/AS/New_AS_045.wav,134.0959930419922,-46.075618743896484,17.956024169921875,-2.2814395427703857,9.747404098510742,-5.333899974822998,2.0109527111053467,-3.716773271560669,3.605255603790283,-3.2795028686523438,-3.0328242778778076,-5.910907745361328,1.6370265483856201,0.5909101366996765,-1.287076473236084,7.762365341186523,0.3551453948020935,2.848109483718872,2.3273022174835205,0.7584795355796814,-1.4678468704223633,-0.7997456192970276,1.6897822618484497,5.644997596740723,-1.3780938386917114,1.678778886795044,-0.12334853410720825,1.464551568031311,4.187436103820801,-0.5332537293434143,-1.546457052230835,0.04032742977142334,0.5627011656761169,-1.3376588821411133,3.7947998046875,-3.1827573776245117,1.2275248765945435,-0.8608931303024292,1.0281867980957031,-0.3039727210998535,0.40187767148017883,0.19172507524490356,0.2121334969997406,0.22938686609268188,0.23385357856750488,0.2194156050682068,0.18939097225666046,0.1583564281463623,0.16028520464897156,0.21098995208740234,0.27680227160453796,0.32015204429626465,0.3195081651210785,0.25804319977760315,0.18779931962490082,0.1729193478822708,0.18780934810638428,0.15152736008167267,0.10547281801700592,0.20925378799438477,0.27905499935150146,0.232953742146492,0.14674460887908936,0.13285791873931885,0.15884354710578918,0.2601863741874695,0.2734394073486328,0.2199397087097168,0.20861876010894775,0.29972323775291443,0.3382980525493622,0.317227303981781,0.33964085578918457,0.384135901927948,0.38629671931266785,0.3868221342563629,0.3861527442932129,0.37029406428337097,0.3511609435081482,0.33617204427719116,0.34673815965652466,0.3614934980869293,0.36401867866516113,0.34982359409332275,0.32086896896362305,0.2907285690307617,0.2741149663925171,0.28395891189575195,0.31294772028923035,0.34966403245925903,0.3850226402282715,0.404037207365036,0.39799603819847107,0.3490113615989685,0.23966838419437408,0.1166677325963974,0.1711731106042862,0.19982761144638062,0.17105063796043396,0.172332763671875,0.21727818250656128,AS
../data/DWT_NEW/AS/New_AS_113.wav,110.08952331542969,-73.27223205566406,1.6313810348510742,-5.440810203552246,7.094440937042236,-10.641447067260742,13.694519996643066,-1.1640788316726685,1.589482069015503,9.105713844299316,1.5102547407150269,-0.8883408308029175,4.448225975036621,4.822033405303955,-2.4502389430999756,-6.7636518478393555,-10.494097709655762,0.5909649729728699,-5.264015197753906,-2.4306488037109375,-2.581256866455078,-2.463454484939575,-5.005289077758789,3.1950645446777344,-9.78799819946289,2.10426664352417,-5.910569667816162,1.6620122194290161,6.213300704956055,5.430054664611816,-3.9673306941986084,0.3418712317943573,-1.5374430418014526,4.297280311584473,-0.954328179359436,3.398771286010742,-6.731311798095703,-2.546915054321289,-4.857332229614258,0.2610902786254883,0.4320439398288727,0.04523024708032608,0.050007857382297516,0.06746137142181396,0.09191647171974182,0.11576677858829498,0.13257279992103577,0.1356237530708313,0.11933405697345734,0.08393544703722,0.03684224933385849,0.0345725491642952,0.07550354301929474,0.10257387161254883,0.12457391619682312,0.16228970885276794,0.19509992003440857,0.18494673073291779,0.12628495693206787,0.057518601417541504,0.03598242998123169,0.10433503240346909,0.2044818252325058,0.23549364507198334,0.1731434315443039,0.08382548391819,0.07590058445930481,0.15202665328979492,0.16819889843463898,0.12155459821224213,0.06853058934211731,0.07845164090394974,0.12595178186893463,0.12405188381671906,0.09028163552284241,0.0656246766448021,0.04580008238554001,0.016028830781579018,0.05965177342295647,0.10035787522792816,0.12164851278066635,0.12146402150392532,0.10781367123126984,0.08422669768333435,0.1284060776233673,0.17373234033584595,0.20782479643821716,0.19512253999710083,0.17401480674743652,0.15776211023330688,0.13937947154045105,0.11022401601076126,0.1170826181769371,0.18324404954910278,0.20415890216827393,0.14419710636138916,0.09940393269062042,0.22816726565361023,0.26413798332214355,0.2565884590148926,0.19936874508857727,AS
../data/DWT_NEW/AS/New_AS_145.wav,130.5654754638672,-45.37635040283203,23.99319839477539,-17.073104858398438,-3.619074821472168,-6.259590148925781,-9.28603458404541,6.03433895111084,-2.1957242488861084,-0.1717182844877243,-4.822436332702637,-8.431609153747559,2.464799404144287,-4.9707841873168945,-2.5266153812408447,-2.4322757720947266,4.417956352233887,2.8954100608825684,0.8517057299613953,-7.552944660186768,1.1264053583145142,-7.132803916931152,-0.8856311440467834,-4.14000940322876,-1.8616405725479126,-5.108258247375488,3.9567084312438965,-4.778688907623291,-4.1308064460754395,5.137701034545898,-3.2158615589141846,-4.307374954223633,-1.2161540985107422,2.1526379585266113,-7.190967559814453,1.3056641817092896,-9.113035202026367,0.3091527223587036,-5.356967926025391,2.467050790786743,0.45909908413887024,0.05154893547296524,0.060720302164554596,0.07262733578681946,0.08080489933490753,0.08326374739408493,0.08968823403120041,0.11663539707660675,0.160589337348938,0.19878575205802917,0.20340225100517273,0.15149497985839844,0.061971694231033325,0.13622623682022095,0.24620626866817474,0.28706055879592896,0.2585451006889343,0.24244335293769836,0.23187339305877686,0.1540769636631012,0.2057654857635498,0.30959779024124146,0.27778691053390503,0.16627003252506256,0.11411075294017792,0.1588636040687561,0.19056436419487,0.17781776189804077,0.1798972636461258,0.19039323925971985,0.1597028523683548,0.257906973361969,0.2647203803062439,0.2299613654613495,0.27422046661376953,0.1978168785572052,0.24960660934448242,0.22447386384010315,0.29622453451156616,0.2871860861778259,0.3715827465057373,0.33128821849823,0.2872859537601471,0.2424519956111908,0.217860147356987,0.20037229359149933,0.2519153356552124,0.2594657242298126,0.2664143443107605,0.24989226460456848,0.3060111999511719,0.31061261892318726,0.23046234250068665,0.18984438478946686,0.20289620757102966,0.13324661552906036,0.19436267018318176,0.15212245285511017,0.17069420218467712,0.20469841361045837,0.14665353298187256,AS
../data/DWT_NEW/AS/New_AS_048.wav,126.56932830810547,-54.37101745605469,11.839712142944336,-3.722820997238159,9.981086730957031,-7.092723369598389,3.263378143310547,-1.6265895366668701,12.439866065979004,6.805792808532715,0.8484334349632263,0.3972196578979492,4.562771797180176,3.1424193382263184,-1.2677578926086426,8.198917388916016,-1.0880261659622192,-4.871831893920898,0.21466350555419922,1.8011651039123535,-4.502114295959473,-2.790562152862549,-2.3839821815490723,2.0936360359191895,-2.621182680130005,1.7426466941833496,2.7387919425964355,-0.443684458732605,3.9279518127441406,0.5442396402359009,-1.011474370956421,-3.81725811958313,0.42432984709739685,0.2753388285636902,0.6222571730613708,-1.5524301528930664,-1.0549378395080566,-2.5575313568115234,0.49895647168159485,1.0971521139144897,0.39935174584388733,0.23080173134803772,0.20955818891525269,0.18325656652450562,0.16170546412467957,0.15809911489486694,0.17536728084087372,0.19655095040798187,0.20359452068805695,0.19467389583587646,0.19081401824951172,0.22472593188285828,0.2849135100841522,0.3238898813724518,0.31072914600372314,0.23798008263111115,0.14115525782108307,0.10118846595287323,0.13313186168670654,0.20822396874427795,0.30061545968055725,0.31743156909942627,0.2318502515554428,0.10316251218318939,0.07761618494987488,0.1988932192325592,0.24540510773658752,0.19072851538658142,0.09051048755645752,0.12339945882558823,0.1823771893978119,0.17889933288097382,0.14958161115646362,0.17488795518875122,0.18434180319309235,0.16032645106315613,0.15092870593070984,0.13928817212581635,0.14153918623924255,0.16299939155578613,0.18344591557979584,0.20531602203845978,0.22690802812576294,0.2423301637172699,0.24860695004463196,0.24401721358299255,0.22673198580741882,0.20502546429634094,0.20764073729515076,0.2425709217786789,0.2689364552497864,0.26563572883605957,0.24505169689655304,0.25893905758857727,0.33575648069381714,0.32349371910095215,0.2902483344078064,0.32312867045402527,0.3270631432533264,0.29227519035339355,0.20625832676887512,AS
../data/DWT_NEW/AS/New_AS_072.wav,81.08202362060547,-61.53227615356445,25.091331481933594,-2.2492992877960205,1.8100062608718872,8.168585777282715,-8.433670043945312,-8.434739112854004,2.2014660835266113,-3.796567440032959,-2.73488187789917,4.250655174255371,-1.574545979499817,1.5775971412658691,-3.9783806800842285,7.725644111633301,-5.0341033935546875,-2.9548983573913574,-3.5397017002105713,-1.253230333328247,0.6474982500076294,-0.7469663619995117,3.8764278888702393,-0.6893580555915833,-2.627659797668457,0.6607861518859863,1.9045581817626953,-1.9582369327545166,-1.436286211013794,-2.7354235649108887,-0.1712263822555542,2.06679105758667,3.294635534286499,0.10227864980697632,-3.480802536010742,3.402329921722412,-2.4052586555480957,-0.7650632858276367,1.2265946865081787,3.166890859603882,0.2842816412448883,0.06324871629476547,0.06134568154811859,0.06626628339290619,0.07534115016460419,0.08211380243301392,0.08132730424404144,0.07116548717021942,0.06080450117588043,0.07478982210159302,0.10796907544136047,0.13313166797161102,0.13478896021842957,0.11055748164653778,0.08669571578502655,0.07739534229040146,0.055786747485399246,0.06304505467414856,0.13730479776859283,0.17504076659679413,0.1456024944782257,0.08109232783317566,0.05016062408685684,0.11695370078086853,0.18176591396331787,0.16125909984111786,0.07148236781358719,0.08888204395771027,0.1634402722120285,0.13868477940559387,0.04071035981178284,0.10533220320940018,0.12277494370937347,0.06875132769346237,0.11040238291025162,0.1309213638305664,0.1368958055973053,0.16258619725704193,0.16718128323554993,0.16999602317810059,0.16478583216667175,0.14959469437599182,0.1289973258972168,0.11441365629434586,0.11170725524425507,0.12363607436418533,0.14040201902389526,0.14571398496627808,0.1289820373058319,0.10065485537052155,0.11727245151996613,0.171289324760437,0.19278767704963684,0.15614917874336243,0.17028604447841644,0.1536591649055481,0.11749324202537537,0.1923953741788864,0.27331703901290894,0.32827702164649963,0.27957820892333984,AS
../data/DWT_NEW/AS/New_AS_066.wav,84.17400360107422,-61.27198028564453,24.470539093017578,-1.9647128582000732,0.439225435256958,11.12523078918457,0.49781858921051025,-6.238582611083984,3.7729532718658447,-14.00379753112793,-6.612336158752441,-0.634167492389679,2.844632625579834,1.5523467063903809,-2.275792121887207,1.7374228239059448,7.146162033081055,-0.8493784666061401,-8.332276344299316,-2.513793706893921,2.4298343658447266,-0.196083664894104,2.6883528232574463,7.41159725189209,0.6366560459136963,-2.7673757076263428,6.859360694885254,4.045879364013672,-6.741861343383789,-3.248910427093506,1.179223656654358,2.7952380180358887,-0.9233874082565308,0.5557736158370972,0.43023157119750977,2.904994487762451,1.0872321128845215,-1.7890737056732178,-3.5693511962890625,0.8021239042282104,0.28598499298095703,0.15185584127902985,0.15156731009483337,0.13310100138187408,0.09525420516729355,0.04194903001189232,0.02914292737841606,0.08274225890636444,0.11643797159194946,0.1156959980726242,0.08101726323366165,0.06038099154829979,0.11812180280685425,0.1583290994167328,0.14685609936714172,0.08927341550588608,0.05248546227812767,0.07463695853948593,0.05448083579540253,0.09434947371482849,0.13764408230781555,0.12167595326900482,0.08239228278398514,0.06620284169912338,0.10678381472826004,0.12556380033493042,0.0853399783372879,0.09639116376638412,0.1292799562215805,0.11015260219573975,0.0747736468911171,0.11606375873088837,0.11702825874090195,0.0784432515501976,0.13515359163284302,0.12263169139623642,0.1285230666399002,0.15960869193077087,0.15676303207874298,0.17918270826339722,0.19293582439422607,0.21028628945350647,0.2305174171924591,0.24676063656806946,0.25336629152297974,0.2413274645805359,0.20402881503105164,0.136191263794899,0.05497203767299652,0.06689678877592087,0.11570966243743896,0.1371370553970337,0.1342438906431198,0.14183808863162994,0.16505128145217896,0.1698785424232483,0.134273499250412,0.08023767173290253,0.07507503032684326,0.12869106233119965,0.0864880383014679,AS
../data/DWT_NEW/AS/New_AS_179.wav,217.15927124023438,3.5986485481262207,2.7114109992980957,15.17543888092041,-1.1933480501174927,-1.2033861875534058,-0.9358136653900146,4.854288101196289,-0.06177031993865967,0.42436540126800537,8.830085754394531,2.201786994934082,-4.819768905639648,-6.724402904510498,0.029062330722808838,-2.465120792388916,-0.21561098098754883,-0.4950448274612427,-3.773913860321045,2.4168033599853516,2.1265206336975098,0.011887013912200928,6.782657146453857,-7.5268354415893555,-3.6698427200317383,-0.9329432845115662,6.925983428955078,-0.7698519229888916,-3.3150973320007324,0.2631232440471649,-0.09247125685214996,-2.8987808227539062,-1.3502259254455566,-0.8550931215286255,0.3166579604148865,-2.3976402282714844,0.5516166687011719,-0.49239370226860046,0.4939592182636261,1.4837599992752075,0.5237891674041748,0.7740554809570312,0.9033876061439514,1.0626477003097534,1.1885263919830322,1.2222270965576172,1.1399827003479004,0.9537136554718018,0.7556427717208862,0.7224379181861877,0.835525393486023,0.908099353313446,0.9795895218849182,1.2787097692489624,1.6366088390350342,1.7158434391021729,1.3684778213500977,0.7942370176315308,0.643316924571991,0.949028730392456,1.4601364135742188,1.6807559728622437,1.2974622249603271,0.5947167873382568,0.8082708120346069,1.243041753768921,1.1383857727050781,0.605643630027771,0.7356864213943481,0.8370832204818726,0.6027989387512207,0.623878002166748,0.47370314598083496,0.6511558294296265,0.5178912878036499,0.5074440836906433,0.6539909839630127,0.4551294445991516,0.6294955015182495,0.5219895839691162,0.5493286848068237,0.4733577072620392,0.36975300312042236,0.31981605291366577,0.3430461883544922,0.5479854941368103,1.0295944213867188,1.5319904088974,1.8684577941894531,1.9049100875854492,1.6551110744476318,1.2857215404510498,1.0454001426696777,1.0552351474761963,1.112452507019043,0.9835008978843689,0.8471328616142273,0.8083716034889221,0.8253161907196045,0.8141869306564331,0.611168384552002,AS
../data/DWT_NEW/AS/New_AS_167.wav,212.2978973388672,0.21757566928863525,1.4849581718444824,9.768538475036621,-0.1763547658920288,2.9173972606658936,-1.2043378353118896,-0.48031628131866455,-7.371837139129639,-5.214631080627441,12.547564506530762,1.7196489572525024,-6.689642906188965,-3.663989782333374,2.2299752235412598,-2.890948534011841,4.064828872680664,1.438332438468933,-5.64821195602417,5.434288501739502,1.6087605953216553,-4.800134658813477,3.9181017875671387,-4.218869209289551,-3.0054287910461426,2.415353536605835,0.7881158590316772,-4.13115119934082,-0.5826112627983093,0.44338348507881165,0.6014593243598938,-4.257026672363281,-0.49211782217025757,-0.47352296113967896,0.6616882681846619,-5.768892288208008,3.327848434448242,0.6369256973266602,-0.6423285007476807,0.657468855381012,0.5085350275039673,0.9988663196563721,0.9461051225662231,0.8609273433685303,0.8026263117790222,0.8206809163093567,0.8825560808181763,0.8742783665657043,0.6932270526885986,0.3328397870063782,0.33887994289398193,0.8418368101119995,1.1827845573425293,1.2197351455688477,1.0952807664871216,1.1371994018554688,1.1562161445617676,0.7954978942871094,0.5421000719070435,1.0366895198822021,1.168330430984497,1.059466004371643,1.0597301721572876,0.7470093369483948,0.879480242729187,1.0903884172439575,0.9016963839530945,0.7102750539779663,0.8974156975746155,1.136497139930725,0.9692503213882446,1.0537738800048828,1.2988334894180298,1.2976996898651123,1.4368904829025269,1.51079261302948,1.5471525192260742,1.519692301750183,1.500376582145691,1.356101632118225,1.290389895439148,1.2075656652450562,1.2159217596054077,1.246508002281189,1.2439210414886475,1.2051961421966553,1.1851519346237183,1.1730422973632812,1.1563650369644165,1.1557916402816772,1.0529671907424927,0.7898097634315491,0.5586591362953186,0.554107129573822,0.6343942880630493,0.49480128288269043,0.4292488098144531,0.323394238948822,0.4235633611679077,0.48302388191223145,0.3351973295211792,AS
../data/DWT_NEW/AS/New_AS_187.wav,146.6273956298828,-20.37364387512207,8.454017639160156,-0.31977924704551697,-4.026303291320801,-8.353392601013184,-2.6186633110046387,0.7256967425346375,-4.552974700927734,2.7013912200927734,0.32466375827789307,0.741672694683075,-3.270634651184082,-3.5153775215148926,2.101806879043579,1.7523822784423828,2.2534728050231934,0.6992435455322266,5.818382263183594,1.1224696636199951,-4.360937118530273,4.542901039123535,5.18192195892334,-7.826109886169434,0.8780519962310791,2.8021340370178223,3.336416721343994,-1.201070785522461,-0.11299681663513184,-1.2814691066741943,2.7780752182006836,1.355433464050293,-0.8862982392311096,-1.6604549884796143,-1.771423101425171,0.03403039276599884,-0.10043218731880188,-1.2209694385528564,2.031114101409912,-2.20245623588562,0.2923499345779419,0.20548856258392334,0.21027088165283203,0.20708303153514862,0.188585564494133,0.15306177735328674,0.11981062591075897,0.14408978819847107,0.22681620717048645,0.31772592663764954,0.38052213191986084,0.3837902247905731,0.31960657238960266,0.20925471186637878,0.19618624448776245,0.2728884220123291,0.2732880115509033,0.17028236389160156,0.15423107147216797,0.2901211380958557,0.3203718066215515,0.2260730117559433,0.20611140131950378,0.2866726219654083,0.27247434854507446,0.19235894083976746,0.18121124804019928,0.22431856393814087,0.33866453170776367,0.36588844656944275,0.27418553829193115,0.1827978640794754,0.3048422336578369,0.3941204845905304,0.3781043589115143,0.3804171681404114,0.4545430839061737,0.49498701095581055,0.5163505673408508,0.49308866262435913,0.45394957065582275,0.395887166261673,0.34661176800727844,0.27802544832229614,0.16019421815872192,0.27127277851104736,0.461637407541275,0.5797399878501892,0.5755572319030762,0.47027289867401123,0.36862778663635254,0.38174572587013245,0.4725275933742523,0.5328244566917419,0.49103692173957825,0.35754913091659546,0.2005019187927246,0.20106272399425507,0.28867650032043457,0.28709134459495544,0.17952147126197815,AS
../data/DWT_NEW/AS/New_AS_148.wav,120.53948974609375,-48.06555938720703,17.024288177490234,-19.74966049194336,5.5894904136657715,-2.3768696784973145,-6.206942081451416,5.888293266296387,-0.936068058013916,6.944001197814941,-7.177097320556641,-10.594043731689453,2.980686902999878,-2.698253631591797,1.7985464334487915,-3.140105962753296,1.84535813331604,6.240598678588867,2.3878793716430664,-6.323110103607178,3.29371976852417,-6.468391418457031,1.147022008895874,-2.3590850830078125,-2.9807186126708984,-5.683382034301758,5.398420333862305,-1.5951638221740723,-3.1217517852783203,4.023899078369141,0.0031739473342895508,-2.364293098449707,-2.1038055419921875,2.9551501274108887,-10.853599548339844,-3.5196902751922607,-9.165453910827637,-0.3376283049583435,-4.464028358459473,3.7611680030822754,0.4181434214115143,0.07453747093677521,0.05869095027446747,0.056518685072660446,0.08353690057992935,0.12463302910327911,0.16393515467643738,0.1899176687002182,0.19532814621925354,0.18542452156543732,0.17500188946723938,0.16879664361476898,0.14430831372737885,0.07813158631324768,0.10668820142745972,0.2472059279680252,0.33615124225616455,0.3106727600097656,0.19414731860160828,0.08677330613136292,0.08405004441738129,0.18325084447860718,0.2569344639778137,0.2036130428314209,0.11664654314517975,0.10696777701377869,0.15173014998435974,0.15334452688694,0.11256483942270279,0.15947067737579346,0.21707165241241455,0.13878421485424042,0.14762118458747864,0.22914862632751465,0.1940639317035675,0.20700636506080627,0.25272029638290405,0.2245659977197647,0.24051491916179657,0.2566782236099243,0.31045693159103394,0.34722328186035156,0.3420488238334656,0.278678834438324,0.18639004230499268,0.13903646171092987,0.18491296470165253,0.27889180183410645,0.3498951196670532,0.3451624810695648,0.3375489115715027,0.431932270526886,0.46590137481689453,0.36246299743652344,0.3317546248435974,0.395354688167572,0.27284613251686096,0.3010895252227783,0.37360095977783203,0.3267170786857605,0.43566370010375977,AS
../data/DWT_NEW/AS/New_AS_169.wav,212.7449951171875,14.56956672668457,8.011869430541992,19.77745819091797,2.2833011150360107,1.9581799507141113,-8.868181228637695,1.9937094449996948,-1.3734221458435059,-1.1583000421524048,3.507927417755127,-1.9451748132705688,4.2479095458984375,-2.695781707763672,-1.0623136758804321,-0.34122350811958313,-4.90561580657959,3.0276365280151367,-2.2442076206207275,0.39800167083740234,3.796611785888672,-2.4516656398773193,3.091623067855835,-2.61677885055542,-2.5064966678619385,0.5814539194107056,5.13657283782959,-3.3596925735473633,-0.1035773754119873,0.22822162508964539,0.9742485284805298,-3.4770095348358154,-3.0522727966308594,2.36761474609375,2.0307846069335938,-6.6089277267456055,6.524038791656494,0.9560558795928955,-6.573215484619141,5.226073741912842,0.5137150883674622,0.2975943386554718,0.2877150774002075,0.6158238053321838,1.0906429290771484,1.5603928565979004,1.896081805229187,1.9715259075164795,1.7052470445632935,1.149192452430725,0.49006786942481995,0.23013155162334442,0.35529574751853943,0.6199746131896973,1.4487190246582031,2.1541311740875244,2.1887383460998535,1.4682072401046753,0.5569771528244019,0.3890828788280487,1.2524290084838867,2.0492520332336426,1.9175493717193604,1.0257904529571533,0.6044703722000122,1.5077004432678223,1.8007173538208008,1.205214023590088,0.8627743721008301,1.5069609880447388,1.4946010112762451,0.9886990785598755,1.380286693572998,1.5500359535217285,0.9903070330619812,1.5012264251708984,1.358626127243042,1.1598172187805176,1.2798627614974976,0.8542406558990479,1.0006924867630005,0.8180834054946899,0.9076902866363525,0.9850648045539856,1.0947020053863525,1.1647135019302368,1.2379565238952637,1.2797315120697021,1.2614467144012451,1.0956865549087524,0.7829421162605286,0.5670323371887207,0.5111852288246155,0.5492287874221802,0.5077230930328369,0.3625500202178955,0.3109835684299469,0.2070903182029724,0.14054802060127258,0.25849705934524536,0.2714731991291046,AS
../data/DWT_NEW/AS/New_AS_122.wav,122.13945770263672,-52.95663070678711,10.695547103881836,-3.270249605178833,13.866844177246094,3.355471134185791,11.009387969970703,0.7486193180084229,5.1951398849487305,1.9126440286636353,-2.788912773132324,-4.301983833312988,4.703227996826172,6.1553449630737305,-4.937308311462402,8.75545597076416,-0.2243715524673462,2.9220547676086426,3.4434351921081543,-3.620823383331299,-0.4952145516872406,-3.5443873405456543,-0.22093284130096436,0.2263050079345703,-1.4158029556274414,-0.7584792971611023,2.9603099822998047,-0.9417792558670044,1.6008718013763428,3.897071123123169,-3.4205474853515625,-1.6370997428894043,-0.6271718740463257,0.5691165924072266,0.30993908643722534,-1.3615612983703613,-0.7994904518127441,0.5149115920066833,-1.5335763692855835,3.9589035511016846,0.36156362295150757,0.1729596108198166,0.16119757294654846,0.1495431363582611,0.1393153965473175,0.13867899775505066,0.161281555891037,0.20700103044509888,0.2599816620349884,0.3038314878940582,0.3253965973854065,0.319161057472229,0.29961317777633667,0.285893052816391,0.27307477593421936,0.23859231173992157,0.17617657780647278,0.14714860916137695,0.21396973729133606,0.2686324119567871,0.28891974687576294,0.2889252305030823,0.24576783180236816,0.14916719496250153,0.11699078977108002,0.1837438941001892,0.22942592203617096,0.2078602910041809,0.11690343916416168,0.09636151790618896,0.19762231409549713,0.20483756065368652,0.1689494550228119,0.2030644565820694,0.22843027114868164,0.22008955478668213,0.22172334790229797,0.2152187079191208,0.1983712911605835,0.17620167136192322,0.1608733832836151,0.15122273564338684,0.1531084179878235,0.16127334535121918,0.16465695202350616,0.15276765823364258,0.13251471519470215,0.11912562698125839,0.11784674972295761,0.14261461794376373,0.16223619878292084,0.21620243787765503,0.2228771448135376,0.21211712062358856,0.2833598256111145,0.30592095851898193,0.32427534461021423,0.3861790895462036,0.32696133852005005,0.2562730610370636,0.20486527681350708,AS
../data/DWT_NEW/AS/New_AS_076.wav,73.15755462646484,-73.0123519897461,16.428810119628906,-2.502575397491455,-6.734703540802002,-1.314419150352478,6.921253204345703,7.318265914916992,5.353147506713867,4.217623710632324,7.165720462799072,3.851630210876465,-10.153514862060547,-5.477273464202881,3.7420172691345215,-0.886411190032959,-1.6369695663452148,1.008028268814087,1.5487942695617676,3.790402412414551,-0.9921555519104004,7.307882308959961,0.6715954542160034,1.9026576280593872,2.3084332942962646,-0.029010221362113953,-3.76733136177063,-1.2951592206954956,-4.284252166748047,-1.6174200773239136,-1.6614848375320435,-0.7307615280151367,1.1605377197265625,2.914459705352783,-0.8889238238334656,-2.4947495460510254,3.327756404876709,2.11264967918396,-3.7404298782348633,-0.5668424367904663,0.2712422311306,0.08602292835712433,0.07090306282043457,0.047454576939344406,0.03464990109205246,0.060041360557079315,0.09222827851772308,0.11162742972373962,0.11012627184391022,0.09492196142673492,0.09524431079626083,0.1233028769493103,0.14294487237930298,0.1285916268825531,0.08589538186788559,0.05154156684875488,0.0694696307182312,0.07417826354503632,0.10175777971744537,0.13689804077148438,0.1257346272468567,0.07296399772167206,0.02401653118431568,0.05888931453227997,0.0897665023803711,0.08848115801811218,0.06321635097265244,0.031596384942531586,0.06220412626862526,0.09604886174201965,0.0789283961057663,0.07610620558261871,0.11379136890172958,0.1083700954914093,0.1124332994222641,0.12275176495313644,0.1214817464351654,0.11645622551441193,0.11144128441810608,0.09765123575925827,0.08062367141246796,0.05724223703145981,0.039461400359869,0.040377549827098846,0.06573660671710968,0.10243945568799973,0.13941624760627747,0.1715802103281021,0.19307708740234375,0.1995803713798523,0.198059543967247,0.17502714693546295,0.11658334732055664,0.13488130271434784,0.17586781084537506,0.20142081379890442,0.21168282628059387,0.2256113737821579,0.24151510000228882,0.2167898267507553,0.18815180659294128,AS
../data/DWT_NEW/AS/New_AS_180.wav,158.50140380859375,9.168142318725586,-12.167840003967285,-8.396284103393555,1.0310194492340088,1.3883531093597412,-0.620104193687439,6.145456790924072,-5.036931991577148,-1.5192759037017822,0.9563440084457397,7.036160469055176,-9.031437873840332,8.250362396240234,0.9084184765815735,1.075747013092041,2.628488063812256,2.111931085586548,-3.3804445266723633,4.796672344207764,-0.997988224029541,-7.574965953826904,1.7610714435577393,7.716460227966309,3.140376329421997,3.8604421615600586,0.2177640199661255,0.07492536306381226,1.6086674928665161,-3.0481467247009277,-4.361003875732422,-1.0848411321640015,-2.6768951416015625,3.1230406761169434,-2.9006271362304688,3.699251174926758,-1.3468995094299316,1.351431131362915,-2.6263747215270996,-1.0314545631408691,0.27624809741973877,0.20679661631584167,0.23450011014938354,0.29058241844177246,0.339385449886322,0.3582581877708435,0.3434094786643982,0.312308132648468,0.3168860375881195,0.4001381993293762,0.520600438117981,0.6098756194114685,0.628298282623291,0.5664317607879639,0.42760661244392395,0.28651484847068787,0.2827931046485901,0.3713494837284088,0.3912707567214966,0.35912030935287476,0.4408807158470154,0.4759765863418579,0.3484842777252197,0.2849397659301758,0.31024444103240967,0.31398117542266846,0.36604946851730347,0.33452528715133667,0.37489718198776245,0.3612455427646637,0.36620253324508667,0.5012467503547668,0.5404887795448303,0.49306556582450867,0.5867133140563965,0.6119388341903687,0.5734118223190308,0.5850922465324402,0.5781584978103638,0.5695301294326782,0.585725724697113,0.5960798263549805,0.5908857583999634,0.5676165819168091,0.5451241135597229,0.5326996445655823,0.45612436532974243,0.2562345266342163,0.2256203293800354,0.5795941948890686,0.9103512167930603,1.0606052875518799,1.0252079963684082,0.860299825668335,0.7433211803436279,0.8249956965446472,0.9728894233703613,1.0015617609024048,0.9213217496871948,0.8443286418914795,0.7365046143531799,AS
../data/DWT_NEW/AS/New_AS_089.wav,100.61775207519531,-54.814422607421875,20.36150360107422,1.4422874450683594,3.5752005577087402,-13.911727905273438,-1.256097435951233,-7.70770788192749,2.158585548400879,-5.329044342041016,-7.815425395965576,-0.2096300721168518,4.4131059646606445,0.9644278287887573,-8.113656997680664,3.0313637256622314,1.138264536857605,-0.5962985754013062,-1.4722096920013428,-2.153789520263672,-3.4620251655578613,-2.2672548294067383,-0.5474762916564941,2.846890687942505,-3.1128275394439697,-3.2080652713775635,-1.9868195056915283,-0.18812255561351776,0.6929155588150024,3.0320215225219727,-0.1420573592185974,-1.8107752799987793,-0.8319177627563477,4.692281723022461,-0.7686007022857666,-0.32608264684677124,-0.18983197212219238,0.39101433753967285,1.3309903144836426,0.28549838066101074,0.3141794800758362,0.10729959607124329,0.09956079721450806,0.0857589840888977,0.06947032362222672,0.058436132967472076,0.059806376695632935,0.06575319170951843,0.06400331854820251,0.054198507219552994,0.06051075831055641,0.09700414538383484,0.13437354564666748,0.14972026646137238,0.1323760747909546,0.09095104783773422,0.05111454427242279,0.04604610428214073,0.09139780700206757,0.15435317158699036,0.18463841080665588,0.15609639883041382,0.09142976999282837,0.08107148855924606,0.15856164693832397,0.20316633582115173,0.15863820910453796,0.05481522157788277,0.12996864318847656,0.1698453575372696,0.116022028028965,0.10426808148622513,0.15580634772777557,0.15127921104431152,0.1773509830236435,0.20907923579216003,0.22908495366573334,0.2569194436073303,0.2686307430267334,0.2741062045097351,0.2686363458633423,0.25835686922073364,0.2772904634475708,0.2828574776649475,0.2707871198654175,0.24728207290172577,0.23340405523777008,0.2345600724220276,0.22500361502170563,0.20451220870018005,0.2015647143125534,0.22791646420955658,0.25279879570007324,0.23446735739707947,0.17112955451011658,0.09436629712581635,0.10792673379182816,0.1962403655052185,0.22618231177330017,0.20414896309375763,0.16690342128276825,AS
../data/DWT_NEW/AS/New_AS_070.wav,80.59178924560547,-71.2023696899414,16.76084327697754,-3.427548408508301,-6.532680511474609,5.1257405281066895,-1.5096805095672607,0.1849292516708374,7.173772811889648,-1.3993579149246216,-2.962580680847168,3.1480393409729004,11.985366821289062,3.2883200645446777,-1.4664493799209595,-3.3643972873687744,-2.5166125297546387,-4.542895317077637,-5.194155693054199,-1.9516899585723877,-2.761949062347412,2.1691460609436035,0.8871321678161621,-3.2702150344848633,-4.093636512756348,-4.4413628578186035,4.178358554840088,2.2187623977661133,4.658991813659668,0.3038102984428406,1.8263463973999023,-1.3196845054626465,3.7519524097442627,2.7844905853271484,-3.6593079566955566,2.1105175018310547,0.7000133395195007,2.1761474609375,-2.6163501739501953,-0.6222283244132996,0.2839932143688202,0.056580640375614166,0.05632304772734642,0.06450991332530975,0.0760267972946167,0.08356873691082001,0.082273468375206,0.07065096497535706,0.05605065077543259,0.060653556138277054,0.08372890204191208,0.0996779203414917,0.09741488099098206,0.087591752409935,0.09065090864896774,0.09430396556854248,0.06790441274642944,0.04792351648211479,0.09841284155845642,0.11296756565570831,0.0962321013212204,0.10733102262020111,0.08974885940551758,0.1106700599193573,0.126725971698761,0.09638644754886627,0.11561153084039688,0.13153202831745148,0.13606715202331543,0.11634191870689392,0.12343932688236237,0.12557119131088257,0.10618263483047485,0.0922960713505745,0.08341898769140244,0.07219860702753067,0.06679289042949677,0.07443531602621078,0.09387492388486862,0.12426075339317322,0.14666874706745148,0.1629449874162674,0.17642107605934143,0.18738363683223724,0.1986234486103058,0.20781469345092773,0.2052190601825714,0.18183845281600952,0.1379850208759308,0.08660104870796204,0.06346051394939423,0.09270838648080826,0.17977401614189148,0.26352494955062866,0.28136545419692993,0.21886196732521057,0.12659573554992676,0.13221466541290283,0.17405135929584503,0.11576354503631592,0.11389962583780289,AS
../data/DWT_NEW/AS/New_AS_003.wav,145.71084594726562,-60.53959655761719,13.030679702758789,-7.01569938659668,5.726439476013184,-9.232402801513672,-3.000002145767212,-7.848243713378906,-2.955507516860962,-2.5900280475616455,-1.2618510723114014,-0.9205318689346313,-1.8008159399032593,-1.2942675352096558,-4.920420169830322,6.49855375289917,-4.464818477630615,-1.358640432357788,0.6867256164550781,2.8967440128326416,-3.22696590423584,-0.7004046440124512,4.632869720458984,1.9876949787139893,-0.8028337955474854,-1.9284725189208984,-0.22395247220993042,-2.3833463191986084,1.6651866436004639,0.48961523175239563,0.6897382140159607,-2.101147174835205,1.1618218421936035,1.0011425018310547,2.634063243865967,-1.330185890197754,0.6608891487121582,0.593862771987915,-0.7659311294555664,1.0798141956329346,0.5168159008026123,0.1449703723192215,0.15629732608795166,0.15575209259986877,0.14002475142478943,0.10902735590934753,0.07180165499448776,0.05682053416967392,0.08224543929100037,0.10407796502113342,0.09719736129045486,0.05445677414536476,0.05156128108501434,0.13395410776138306,0.19374501705169678,0.19699963927268982,0.13773690164089203,0.060849785804748535,0.10410126298666,0.14033403992652893,0.129670187830925,0.14460623264312744,0.17642895877361298,0.1523224413394928,0.17573194205760956,0.23024982213974,0.22481633722782135,0.2223188579082489,0.23308002948760986,0.2515947222709656,0.27848970890045166,0.3017052412033081,0.2757232189178467,0.28084468841552734,0.3321285843849182,0.33382973074913025,0.3421786427497864,0.37980401515960693,0.3831980228424072,0.375434935092926,0.3598860502243042,0.3361436128616333,0.31862330436706543,0.32308080792427063,0.3488999903202057,0.39553800225257874,0.44110164046287537,0.45329350233078003,0.4227152168750763,0.36867907643318176,0.3208688497543335,0.281980037689209,0.26212969422340393,0.28558290004730225,0.20601940155029297,0.17488044500350952,0.29691919684410095,0.35208165645599365,0.3342543840408325,0.3289335370063782,0.2942858338356018,AS
../data/DWT_NEW/AS/New_AS_084.wav,109.90213012695312,-48.613739013671875,19.39392852783203,2.94158935546875,10.957764625549316,-3.700456380844116,6.588044166564941,-3.3752079010009766,12.047148704528809,3.7973265647888184,-2.2203855514526367,-6.11650276184082,0.7662119269371033,0.786325216293335,-2.9560720920562744,4.121641159057617,1.0780298709869385,-8.56370735168457,-0.44197243452072144,-0.08534705638885498,-0.9833760857582092,-3.2524242401123047,-0.3037450313568115,2.7048325538635254,-3.295597553253174,-1.105621099472046,3.2963128089904785,2.0894551277160645,-1.038779854774475,1.8215768337249756,-2.0544638633728027,-1.15230131149292,-1.7663605213165283,0.6308292746543884,2.624110698699951,-1.6608712673187256,-2.208617925643921,0.31387099623680115,-0.13782887160778046,1.4358899593353271,0.3271581530570984,0.15636128187179565,0.12893491983413696,0.10149072855710983,0.0830439031124115,0.08552505075931549,0.10822111368179321,0.14020463824272156,0.1758594512939453,0.2163299024105072,0.26104310154914856,0.3008853793144226,0.32479000091552734,0.32300901412963867,0.2748374938964844,0.19064602255821228,0.11230245977640152,0.13540036976337433,0.18354645371437073,0.25840574502944946,0.3441069722175598,0.35490134358406067,0.2662072777748108,0.1666490137577057,0.15479816496372223,0.26916444301605225,0.33716022968292236,0.29017552733421326,0.18979014456272125,0.23816241323947906,0.3045481741428375,0.25984442234039307,0.21240615844726562,0.25506746768951416,0.23520702123641968,0.20019347965717316,0.1978028565645218,0.17326602339744568,0.1625862419605255,0.16846509277820587,0.18402278423309326,0.20757074654102325,0.23342549800872803,0.24222534894943237,0.2350500226020813,0.22299465537071228,0.22090452909469604,0.24136273562908173,0.27392053604125977,0.2985723912715912,0.3026629686355591,0.2963867485523224,0.27007490396499634,0.21279503405094147,0.17923405766487122,0.12073647975921631,0.07521145045757294,0.1408112794160843,0.20131023228168488,0.27115195989608765,0.25782567262649536,AS
../data/DWT_NEW/AS/New_AS_132.wav,71.14493560791016,-42.78715133666992,24.674226760864258,-24.62017822265625,-8.938325881958008,-43.933502197265625,-6.769100189208984,-0.6366257667541504,8.549171447753906,16.833749771118164,-8.839404106140137,8.79423999786377,6.032495498657227,11.083620071411133,5.532159805297852,7.653868198394775,6.397451400756836,-0.34511327743530273,6.0056304931640625,2.959973096847534,2.7071385383605957,-0.289658784866333,-1.4153273105621338,-0.44019627571105957,-2.20908784866333,-0.4630350172519684,-1.2402812242507935,-3.186127185821533,-3.8439321517944336,-1.1816831827163696,-1.6815376281738281,-1.491223931312561,0.010345116257667542,-3.9406285285949707,-0.05376151204109192,-3.5567078590393066,2.521707534790039,-1.7141637802124023,-0.10256939381361008,1.6353014707565308,0.28486695885658264,0.1378282904624939,0.13231399655342102,0.11373590677976608,0.08277180790901184,0.04355376958847046,0.010049371980130672,0.030038872733712196,0.03853309899568558,0.023058511316776276,0.03275693580508232,0.08521096408367157,0.12796388566493988,0.1359819769859314,0.10177275538444519,0.04609113186597824,0.025448452681303024,0.02500966563820839,0.05666795372962952,0.10527702420949936,0.1075848639011383,0.06521278619766235,0.02741839550435543,0.03655782341957092,0.07082812488079071,0.06567531824111938,0.03312395140528679,0.0035203080624341965,0.015896333381533623,0.009912436828017235,0.024007100611925125,0.04346466809511185,0.053226981312036514,0.06416884064674377,0.09763841331005096,0.09855097532272339,0.12950240075588226,0.15174049139022827,0.18749967217445374,0.22663432359695435,0.27472931146621704,0.31820958852767944,0.360483318567276,0.40120580792427063,0.44088014960289,0.4828859269618988,0.5221641659736633,0.5470625162124634,0.5564541220664978,0.5477955341339111,0.5347320437431335,0.5064130425453186,0.46473437547683716,0.40565013885498047,0.33492714166641235,0.25542759895324707,0.16934217512607574,0.08567175269126892,0.07426037639379501,0.11800006777048111,0.16327309608459473,AS
../data/DWT_NEW/AS/New_AS_026.wav,115.11131286621094,-43.397003173828125,17.486555099487305,-5.320562362670898,11.656328201293945,-3.9828152656555176,-0.9822765588760376,-6.934569835662842,5.324137210845947,-1.9087985754013062,-3.939986228942871,-7.854089736938477,5.720611095428467,0.8640283346176147,-0.4880641996860504,8.86567497253418,0.4474170207977295,-1.6780246496200562,1.945548415184021,2.4249095916748047,-3.1812238693237305,-3.096858024597168,-0.6540858745574951,8.229999542236328,-2.9618070125579834,-0.5244604349136353,0.9090189337730408,-1.50430428981781,1.8365147113800049,2.8976831436157227,-2.351379871368408,-2.64723539352417,-0.9475226402282715,-0.8238604068756104,2.818922281265259,-2.2130255699157715,1.483885645866394,-0.5871306657791138,0.1093297079205513,1.1976042985916138,0.3311331272125244,0.1116802990436554,0.12966293096542358,0.14094726741313934,0.13634437322616577,0.1117297112941742,0.07599623501300812,0.07701010257005692,0.13692790269851685,0.20413774251937866,0.25391972064971924,0.2726229429244995,0.2628307640552521,0.23711571097373962,0.19283969700336456,0.13114796578884125,0.0779886543750763,0.10112690180540085,0.12495671957731247,0.18986329436302185,0.2708231806755066,0.2691168487071991,0.17750690877437592,0.09522472321987152,0.10345902293920517,0.2087858021259308,0.2493118792772293,0.18697607517242432,0.10298135876655579,0.18773473799228668,0.2331009805202484,0.18104830384254456,0.19926795363426208,0.256795197725296,0.24810245633125305,0.2674279808998108,0.28307485580444336,0.27919942140579224,0.28000709414482117,0.3020016551017761,0.3416450023651123,0.37110382318496704,0.3818166255950928,0.36701148748397827,0.3324674069881439,0.2962350845336914,0.2676593065261841,0.26237204670906067,0.2838922441005707,0.3158695101737976,0.3300439715385437,0.328856885433197,0.32620155811309814,0.2849310636520386,0.1824934184551239,0.09658519178628922,0.14754211902618408,0.18465302884578705,0.1966753900051117,0.26267123222351074,0.3558461666107178,AS
../data/DWT_NEW/AS/New_AS_104.wav,127.80425262451172,-52.55168151855469,18.426111221313477,1.5532526969909668,8.769367218017578,-6.392151832580566,5.752476215362549,-5.88762903213501,-1.0038765668869019,-5.224430561065674,-0.6946724653244019,2.4044747352600098,3.4517836570739746,-0.06823450326919556,-4.104382514953613,7.857595443725586,-1.9063881635665894,-0.6350723505020142,-2.0254316329956055,1.1716432571411133,-2.0331385135650635,-5.416286945343018,-1.9278948307037354,0.1114552915096283,-1.6709635257720947,1.4823522567749023,0.12963950634002686,0.8638826608657837,2.34018611907959,-1.4841082096099854,-1.3647478818893433,-1.4916287660598755,0.8140406608581543,3.8729605674743652,0.45035865902900696,-1.0061872005462646,0.30261048674583435,-0.2502957582473755,1.5476303100585938,-0.12162913382053375,0.39502766728401184,0.19529485702514648,0.19121846556663513,0.19157269597053528,0.19803085923194885,0.20504117012023926,0.20315751433372498,0.1802709400653839,0.12973885238170624,0.06655441224575043,0.09429402649402618,0.17223376035690308,0.2241026759147644,0.2349320352077484,0.2243698388338089,0.21931332349777222,0.1971694827079773,0.13596196472644806,0.1651231050491333,0.26179075241088867,0.2771293520927429,0.21185439825057983,0.17515668272972107,0.1743437945842743,0.27008169889450073,0.3197272717952728,0.2639605402946472,0.203513503074646,0.2050250917673111,0.25806209444999695,0.2245558351278305,0.1885681003332138,0.15127694606781006,0.14532020688056946,0.16544197499752045,0.1378534585237503,0.1440623700618744,0.16722527146339417,0.16985614597797394,0.20155468583106995,0.23790320754051208,0.2673119008541107,0.2845890522003174,0.27885133028030396,0.24464209377765656,0.1793290376663208,0.12926802039146423,0.1482536941766739,0.1915043145418167,0.20176836848258972,0.2069993019104004,0.17993883788585663,0.16236786544322968,0.1993492990732193,0.33256906270980835,0.41164523363113403,0.45048245787620544,0.4276016056537628,0.3956018388271332,0.4214459955692291,0.46276575326919556,AS
../data/DWT_NEW/AS/New_AS_178.wav,213.80572509765625,-4.217957496643066,4.1444525718688965,17.73674774169922,4.911401271820068,9.048362731933594,-0.05284237116575241,-6.281858921051025,-8.757752418518066,4.74976110458374,17.929412841796875,3.834196090698242,-11.076221466064453,-5.989779472351074,-0.4999931752681732,-2.462233304977417,8.709932327270508,-0.04428678750991821,-6.74960470199585,-5.030265808105469,0.8163892030715942,-1.6398305892944336,8.36299991607666,-4.127664089202881,-0.6284892559051514,-5.618241310119629,0.6769161820411682,-2.1829538345336914,2.1378793716430664,0.5221973657608032,-1.043196201324463,-0.4096609354019165,-4.1659393310546875,-3.2670016288757324,2.1434545516967773,-0.36384662985801697,0.26277676224708557,-0.6686947345733643,-0.18237826228141785,1.1283949613571167,0.5410959720611572,1.2130299806594849,1.136069655418396,0.9864470958709717,0.8117642402648926,0.7184273600578308,0.7790307998657227,0.8676928281784058,0.8404779434204102,0.73749840259552,0.8799710273742676,1.2840403318405151,1.5546960830688477,1.4726063013076782,1.1799976825714111,1.3052823543548584,1.4822078943252563,1.1796801090240479,1.022560954093933,1.3666484355926514,1.1969633102416992,1.3969547748565674,1.574031114578247,1.0714770555496216,0.9766165018081665,0.8256498575210571,1.2569758892059326,0.9831233024597168,0.7336081862449646,0.6395522952079773,0.7720500230789185,0.6979458332061768,0.35590821504592896,0.6559468507766724,0.511752724647522,0.4206427335739136,0.531472384929657,0.3611012399196625,0.5424548387527466,0.5152668356895447,0.6054965853691101,0.6193708181381226,0.6521681547164917,0.6281663179397583,0.5597641468048096,0.5368022918701172,0.7446371912956238,1.032393217086792,1.1796112060546875,1.116342306137085,0.9681751728057861,0.8650373816490173,0.7947523593902588,0.6919306516647339,0.565297544002533,0.5201387405395508,0.8362373113632202,1.2990412712097168,1.4681144952774048,1.2127472162246704,0.7708022594451904,AS
../data/DWT_NEW/AS/New_AS_176.wav,215.42474365234375,10.149545669555664,11.915380477905273,5.7945356369018555,0.40653374791145325,-0.028196871280670166,-6.9527201652526855,7.234322547912598,7.426453590393066,3.7381675243377686,3.535360336303711,-2.513627767562866,1.2181065082550049,0.13619965314865112,-0.48832350969314575,-1.1968011856079102,-5.528759002685547,-2.357365369796753,1.9545459747314453,2.5153472423553467,1.1596488952636719,-4.008404731750488,7.02977180480957,-2.7707488536834717,-5.4230451583862305,1.5233410596847534,6.90616512298584,-2.121561050415039,-2.682302951812744,3.0957448482513428,-0.4232673645019531,-2.9825990200042725,-1.5190421342849731,2.6474504470825195,1.1416151523590088,-5.247121810913086,4.226004123687744,1.155394434928894,-5.900782585144043,5.21341609954834,0.5218278765678406,0.8312702178955078,1.0797336101531982,1.3870657682418823,1.6412386894226074,1.7510735988616943,1.6759086847305298,1.4194862842559814,1.0783326625823975,0.8741192817687988,0.8732202053070068,0.7851724624633789,0.5826096534729004,1.0040583610534668,1.7043941020965576,2.094243049621582,1.919285535812378,1.2834910154342651,0.6200283169746399,0.33358627557754517,1.0898836851119995,1.861589789390564,1.883983850479126,1.158209204673767,0.426954448223114,1.0948638916015625,1.7042021751403809,1.4311434030532837,0.7209330201148987,1.1529436111450195,1.504966139793396,1.0492630004882812,1.0028822422027588,1.3183300495147705,0.948327898979187,1.0772098302841187,1.0027774572372437,0.9490044116973877,0.8661492466926575,1.015059471130371,0.9903882145881653,1.0691488981246948,1.148743987083435,1.2755800485610962,1.3701996803283691,1.4124066829681396,1.3678864240646362,1.2269564867019653,1.0646557807922363,0.8747235536575317,0.6473531126976013,0.4104876220226288,0.35227999091148376,0.4205039441585541,0.4437571167945862,0.4030856490135193,0.345980167388916,0.18945039808750153,0.24030345678329468,0.3646964430809021,0.365162193775177,AS
../data/DWT_NEW/AS/New_AS_143.wav,31.03988265991211,-77.76252746582031,31.570240020751953,-10.801603317260742,-5.161172866821289,11.841924667358398,-0.16717004776000977,9.504104614257812,-0.16798216104507446,-10.625865936279297,0.47081077098846436,-3.4471850395202637,1.4911742210388184,-1.634826421737671,0.6040640473365784,-6.94229793548584,2.228534698486328,2.50154972076416,5.536128997802734,1.5441759824752808,6.138800144195557,3.60191011428833,3.653878688812256,2.1323232650756836,-7.13175630569458,-8.957986831665039,-8.59868049621582,-3.142232894897461,-1.1251797676086426,1.5584406852722168,-7.157332897186279,-10.411422729492188,1.2922024726867676,0.43845629692077637,-1.813124179840088,-0.6749340295791626,5.116403579711914,1.4473776817321777,-3.986382246017456,-3.603717803955078,0.23324967920780182,0.047907549887895584,0.05639396980404854,0.05968264490365982,0.054281577467918396,0.039907652884721756,0.02705642208456993,0.037272460758686066,0.049828242510557175,0.04630906134843826,0.04250338673591614,0.0837612897157669,0.1272849291563034,0.12941017746925354,0.08828078210353851,0.037204839289188385,0.08071695268154144,0.08832946419715881,0.09056198596954346,0.11991330981254578,0.09688865393400192,0.051853593438863754,0.07202807068824768,0.06324522197246552,0.046042148023843765,0.026086216792464256,0.014318295754492283,0.041388604789972305,0.05950698256492615,0.06715407967567444,0.06540919840335846,0.06003906950354576,0.06759200990200043,0.06135934218764305,0.05405230075120926,0.10531233996152878,0.10590431094169617,0.14004866778850555,0.12655583024024963,0.10429642349481583,0.0746256560087204,0.04865320771932602,0.02900056540966034,0.03728187829256058,0.0543598011136055,0.06728308647871017,0.05844399333000183,0.05448640137910843,0.0622108094394207,0.06780042499303818,0.05313188582658768,0.04422410577535629,0.053820423781871796,0.05213078111410141,0.045586004853248596,0.053442321717739105,0.05427899211645126,0.03476641699671745,0.01730049028992653,0.02410939335823059,0.011998532339930534,AS
../data/DWT_NEW/AS/New_AS_037.wav,115.95907592773438,-47.95943069458008,17.05409049987793,-2.446486473083496,5.060030937194824,-11.885030746459961,0.5840165615081787,-12.235299110412598,-4.385324001312256,-4.755510330200195,-4.936175346374512,-5.267727375030518,-4.7826056480407715,-3.1726436614990234,-3.80901837348938,7.657450199127197,-0.20371174812316895,-1.9336562156677246,-1.2324984073638916,-2.4783339500427246,-2.9091598987579346,-2.5402493476867676,-0.8838738799095154,3.790405511856079,-1.6445399522781372,0.5771456360816956,1.9747250080108643,-2.2129616737365723,2.3060107231140137,1.8909435272216797,-1.6863446235656738,0.1715143918991089,-1.6598155498504639,4.240187644958496,0.0671648383140564,1.1370385885238647,1.3313974142074585,1.0061488151550293,-0.07395067811012268,1.2371681928634644,0.3372114598751068,0.09189237654209137,0.07437828183174133,0.05888187140226364,0.05910051614046097,0.07534554600715637,0.09142223000526428,0.0942024290561676,0.07639732211828232,0.041316382586956024,0.04310758039355278,0.09488473832607269,0.1314551830291748,0.12839040160179138,0.08970119059085846,0.03841119259595871,0.027453189715743065,0.02987108938395977,0.09938234090805054,0.18005767464637756,0.20176467299461365,0.15033404529094696,0.09185367822647095,0.097953662276268,0.19237157702445984,0.25332021713256836,0.19862011075019836,0.11376944184303284,0.16560599207878113,0.2299891710281372,0.20471760630607605,0.20633533596992493,0.24320901930332184,0.24054494500160217,0.28467679023742676,0.3145639896392822,0.3183753490447998,0.34973669052124023,0.35549139976501465,0.3563194274902344,0.3591390550136566,0.36272889375686646,0.3697018027305603,0.3666613698005676,0.3408064842224121,0.2941511273384094,0.24389423429965973,0.2142549306154251,0.22510728240013123,0.24776017665863037,0.28957533836364746,0.3498535752296448,0.37422144412994385,0.3428518772125244,0.2631693482398987,0.13854274153709412,0.07699690014123917,0.18355318903923035,0.20108941197395325,0.2427142858505249,0.22132618725299835,AS
../data/DWT_NEW/AS/New_AS_059.wav,71.845947265625,-65.99124908447266,16.2342529296875,-0.7499721050262451,0.7290884256362915,6.148344993591309,-4.551431179046631,-13.659276962280273,5.366249084472656,-10.4525146484375,-3.164581775665283,0.3397250175476074,4.064329147338867,3.4845409393310547,-1.802266240119934,-0.21319812536239624,-4.954479694366455,3.2244560718536377,-0.6134989261627197,3.8373935222625732,-2.3288910388946533,6.901283264160156,7.2674479484558105,0.2620645761489868,1.572426438331604,-5.950989723205566,1.2457380294799805,1.6388068199157715,5.165084362030029,-0.17368894815444946,1.9154698848724365,1.5475817918777466,0.14821410179138184,2.0141539573669434,-1.9720901250839233,0.08385421335697174,1.4535540342330933,2.120182514190674,0.4869876801967621,1.9126732349395752,0.2517773509025574,0.0306110642850399,0.022839033976197243,0.018216492608189583,0.019632665440440178,0.031184058636426926,0.052013784646987915,0.07854577898979187,0.10440986603498459,0.1220783069729805,0.1235906332731247,0.10394281148910522,0.06993704289197922,0.04009011760354042,0.04017310589551926,0.03682158142328262,0.02262420952320099,0.05448760837316513,0.0813131183385849,0.07095232605934143,0.044055670499801636,0.07538661360740662,0.07738464325666428,0.05506248027086258,0.04913869500160217,0.07512940466403961,0.11752532422542572,0.11026638746261597,0.06085401773452759,0.1056993305683136,0.14684927463531494,0.10904883593320847,0.11558982729911804,0.15611234307289124,0.13429215550422668,0.1529586762189865,0.15662077069282532,0.15415869653224945,0.16051340103149414,0.16530568897724152,0.17382678389549255,0.17401564121246338,0.17371314764022827,0.17540529370307922,0.18030887842178345,0.18324115872383118,0.17352838814258575,0.14625565707683563,0.11320174485445023,0.06809921562671661,0.030805010348558426,0.05752372369170189,0.09155242145061493,0.10821901261806488,0.12581059336662292,0.1458757221698761,0.16160380840301514,0.16044315695762634,0.1386469602584839,0.13763464987277985,0.2203068733215332,AS
../data/DWT_NEW/AS/New_AS_120.wav,112.78091430664062,-50.57176971435547,13.470171928405762,-4.019608497619629,2.4446868896484375,-9.024452209472656,-3.980314016342163,-13.319482803344727,-0.30032092332839966,-8.376379013061523,-1.827018141746521,-9.190959930419922,0.19248157739639282,-2.322652816772461,-1.3742622137069702,4.116660118103027,-2.2699029445648193,-2.9358701705932617,1.4140756130218506,0.6714211106300354,-3.428070545196533,-2.8740103244781494,-0.03584778308868408,5.753290176391602,-1.4407883882522583,0.8301165103912354,-1.853546380996704,2.758969783782959,1.4954681396484375,1.9408550262451172,-0.10634636878967285,-0.4373466372489929,0.8531011343002319,1.287969946861267,2.645735502243042,1.2359707355499268,2.623497724533081,-1.2143583297729492,2.9662868976593018,0.2543947100639343,0.3280676305294037,0.040808312594890594,0.040158770978450775,0.030125655233860016,0.016367055475711823,0.03343529626727104,0.06554129719734192,0.09468644857406616,0.11036671698093414,0.10670961439609528,0.08417221903800964,0.05477876216173172,0.051710061728954315,0.06747100502252579,0.0744527280330658,0.0772865042090416,0.07284171134233475,0.04696144908666611,0.06674668192863464,0.11825732886791229,0.11615337431430817,0.09093967080116272,0.14026939868927002,0.13074767589569092,0.1626284122467041,0.202388733625412,0.17523659765720367,0.17420119047164917,0.16014814376831055,0.20460748672485352,0.18455004692077637,0.16824926435947418,0.12452475726604462,0.1523713767528534,0.17312508821487427,0.1311846673488617,0.156814843416214,0.16502070426940918,0.16200275719165802,0.17766863107681274,0.19210341572761536,0.19887077808380127,0.21304330229759216,0.21908098459243774,0.2147149294614792,0.19558057188987732,0.16452854871749878,0.1405976265668869,0.13745401799678802,0.14954335987567902,0.15240170061588287,0.1561278998851776,0.2036154866218567,0.2661227881908417,0.31569981575012207,0.3435196280479431,0.3477131724357605,0.3080124855041504,0.2651247978210449,0.3489439785480499,0.4747854769229889,AS
../data/DWT_NEW/AS/New_AS_032.wav,128.25192260742188,-54.435035705566406,17.6314697265625,0.9705408811569214,14.092891693115234,-0.899949312210083,6.9459452629089355,0.24900299310684204,4.72978401184082,4.734653472900391,-0.1987161636352539,-0.008172571659088135,1.4649912118911743,1.5634287595748901,-7.696566581726074,7.931748867034912,-3.611567974090576,-1.4378960132598877,-1.5617115497589111,1.3763786554336548,-0.3306308388710022,-3.225752830505371,0.6138318777084351,1.0057146549224854,-0.8455836772918701,-1.505874752998352,4.416380882263184,-0.9465586543083191,3.343369483947754,-1.3016959428787231,-1.0807793140411377,-2.0373592376708984,-2.168274402618408,0.7383604645729065,0.9021231532096863,-1.4642844200134277,-0.5715030431747437,-1.1825649738311768,0.3121601939201355,1.5398292541503906,0.4112735688686371,0.20554402470588684,0.14880263805389404,0.08638410270214081,0.05664999037981033,0.10575273633003235,0.16224297881126404,0.20163732767105103,0.22070902585983276,0.23806220293045044,0.2821047604084015,0.3508385717868805,0.4093291163444519,0.42034000158309937,0.3480736017227173,0.20896640419960022,0.09312114864587784,0.15303786098957062,0.1840950846672058,0.2608158588409424,0.39556145668029785,0.42357704043388367,0.3063434660434723,0.1666126251220703,0.1344020813703537,0.2752237319946289,0.3567062020301819,0.2944398522377014,0.16355368494987488,0.22177532315254211,0.30316078662872314,0.2540886402130127,0.2030351459980011,0.2616358697414398,0.2520419955253601,0.21889974176883698,0.21857140958309174,0.20093059539794922,0.18869434297084808,0.19541972875595093,0.2222972810268402,0.2528879940509796,0.27884936332702637,0.286729633808136,0.27185124158859253,0.2531394362449646,0.2516160011291504,0.2775614261627197,0.31040942668914795,0.32922476530075073,0.3303236663341522,0.3172075152397156,0.2922477126121521,0.2387523502111435,0.17061744630336761,0.11156332492828369,0.11539022624492645,0.16355320811271667,0.21257957816123962,0.233891099691391,0.2646437883377075,AS
../data/DWT_NEW/AS/New_AS_013.wav,144.09420776367188,-56.73900604248047,8.256261825561523,-12.541875839233398,4.564647674560547,-9.833070755004883,-6.619652271270752,-13.209400177001953,-5.7844038009643555,-1.9635815620422363,-2.794809103012085,-5.983854293823242,-6.055842399597168,-2.8452348709106445,-4.32029390335083,3.83201265335083,-1.1465939283370972,0.33120197057724,-0.94488525390625,1.39523446559906,-1.7359015941619873,-1.2818164825439453,1.7494304180145264,2.1101999282836914,0.3766520023345947,-4.758875846862793,-0.721429705619812,-4.492569923400879,1.335202932357788,-0.3114934265613556,1.4683446884155273,-4.262528419494629,-0.16384944319725037,-1.3531200885772705,0.8751521706581116,-0.7530683279037476,-0.8151963353157043,2.2519192695617676,-3.251041889190674,1.2511682510375977,0.4772975742816925,0.05172210931777954,0.046845972537994385,0.03377210348844528,0.02063985913991928,0.0396546870470047,0.07394722104072571,0.10649913549423218,0.12693729996681213,0.12932363152503967,0.11300700157880783,0.0846288651227951,0.05798453092575073,0.042166050523519516,0.04313941299915314,0.07833747565746307,0.11641739308834076,0.1357554942369461,0.1383313238620758,0.13303375244140625,0.11838036775588989,0.12155473232269287,0.14519286155700684,0.13858409225940704,0.1302986741065979,0.11218246072530746,0.09125197678804398,0.1446901112794876,0.15904958546161652,0.1440095156431198,0.10461291670799255,0.19157610833644867,0.24005693197250366,0.22648212313652039,0.2989879846572876,0.3504481613636017,0.3525196313858032,0.38820555806159973,0.3875685930252075,0.37877702713012695,0.38097265362739563,0.3878496289253235,0.39549869298934937,0.4022215008735657,0.40098923444747925,0.3929448425769806,0.3785755932331085,0.35839223861694336,0.3462403118610382,0.3398866355419159,0.34461748600006104,0.3400273323059082,0.31472936272621155,0.25809943675994873,0.1624499261379242,0.11579357087612152,0.26112228631973267,0.38266003131866455,0.4124968945980072,0.4886969327926636,0.532271683216095,AS
../data/DWT_NEW/AS/New_AS_078.wav,120.20845031738281,-56.319007873535156,12.15412712097168,-8.768664360046387,7.949373722076416,-8.220391273498535,-2.831082820892334,-6.476489067077637,2.9258334636688232,-0.9242316484451294,-3.73970103263855,-7.767248630523682,4.744831562042236,0.5214158296585083,-0.7067135572433472,10.776432037353516,0.349551260471344,2.7318243980407715,-1.2900924682617188,2.268751382827759,-1.2902371883392334,-2.6024560928344727,1.4416049718856812,3.3488047122955322,-2.0253732204437256,1.0584884881973267,2.0116024017333984,-0.6862773895263672,1.4138944149017334,1.1921933889389038,-0.10775160044431686,-1.7120007276535034,0.15208563208580017,1.0366870164871216,1.3344489336013794,-1.7430840730667114,1.8816044330596924,0.17487603425979614,0.0505998432636261,1.0689269304275513,0.38685697317123413,0.05306713283061981,0.08283693343400955,0.10866747051477432,0.12183187901973724,0.11621090769767761,0.0896642655134201,0.0443846695125103,0.03275413438677788,0.09542348980903625,0.1516181081533432,0.18101844191551208,0.17500989139080048,0.14002157747745514,0.09887337684631348,0.09539034962654114,0.1116291880607605,0.09693507850170135,0.053789492696523666,0.10644705593585968,0.15057273209095,0.1343303620815277,0.07617760449647903,0.09253501147031784,0.121334508061409,0.14875727891921997,0.1325489580631256,0.08764204382896423,0.1086532473564148,0.1538597047328949,0.15382295846939087,0.13000614941120148,0.13896894454956055,0.17789220809936523,0.20112985372543335,0.2216642051935196,0.23653797805309296,0.23795805871486664,0.2362241894006729,0.27307990193367004,0.3103480339050293,0.3248128294944763,0.31554359197616577,0.27881503105163574,0.23935078084468842,0.22631937265396118,0.2221623808145523,0.24112263321876526,0.28076088428497314,0.3143295347690582,0.33651024103164673,0.3594180643558502,0.3686821460723877,0.32183176279067993,0.1963152289390564,0.08096859604120255,0.11909772455692291,0.1796669065952301,0.19990277290344238,0.2110055536031723,0.2513152062892914,AS
../data/DWT_NEW/AS/New_AS_126.wav,123.35261535644531,-43.044769287109375,17.26598358154297,-3.7643744945526123,2.7732231616973877,-6.879941940307617,-4.518967151641846,-17.364715576171875,-2.1183972358703613,-7.0749359130859375,-3.132227897644043,-7.778707981109619,-0.3515768051147461,-2.465961456298828,-2.1690468788146973,3.2788984775543213,-2.3902575969696045,-3.025092363357544,-4.031373977661133,-0.28586918115615845,-2.6843252182006836,-3.6456127166748047,0.03551223874092102,3.670900344848633,-2.5210049152374268,-0.6449365019798279,-2.5647354125976562,1.900589942932129,0.09312358498573303,1.4318392276763916,-1.2899420261383057,-0.9571166634559631,0.05558677017688751,1.6135976314544678,2.3741908073425293,-1.3213608264923096,1.6820812225341797,-1.1020280122756958,1.2625311613082886,-0.7585708498954773,0.3394052982330322,0.05134292319417,0.038414523005485535,0.03021208755671978,0.036125730723142624,0.049218375235795975,0.0584050714969635,0.05912952125072479,0.05854523554444313,0.0792885422706604,0.11957180500030518,0.15314382314682007,0.1573687493801117,0.11944273859262466,0.05590184032917023,0.04319661483168602,0.05748625099658966,0.0566263385117054,0.16243840754032135,0.25112342834472656,0.23369553685188293,0.14235857129096985,0.12545229494571686,0.12849481403827667,0.2711963355541229,0.32147732377052307,0.24554112553596497,0.18144702911376953,0.22447451949119568,0.30031824111938477,0.23848536610603333,0.18305552005767822,0.19068318605422974,0.18701323866844177,0.1626327931880951,0.10835785418748856,0.14679892361164093,0.13388557732105255,0.1416003406047821,0.15577417612075806,0.17700764536857605,0.19640305638313293,0.22557596862316132,0.2382124960422516,0.23056156933307648,0.20037376880645752,0.15552516281604767,0.12165676057338715,0.11966805160045624,0.1438286453485489,0.15417084097862244,0.10678819566965103,0.13037410378456116,0.20765924453735352,0.28384092450141907,0.33211880922317505,0.3489101529121399,0.32814767956733704,0.27535387873649597,0.3749071955680847,0.4920319616794586,AS
../data/DWT_NEW/AS/New_AS_041.wav,119.39703369140625,-58.701412200927734,14.592876434326172,-3.0988264083862305,7.320019721984863,-7.773458003997803,4.918985366821289,0.8558555841445923,8.298129081726074,4.954777717590332,0.604981541633606,-1.5168709754943848,1.1288203001022339,3.8122897148132324,-5.654554843902588,5.648096084594727,-3.2446467876434326,-2.6039395332336426,-4.512319564819336,-0.3353176712989807,-3.39121150970459,-3.0038676261901855,-1.5747883319854736,-0.6543312072753906,-2.8279619216918945,-2.4148545265197754,-0.15048840641975403,0.8028161525726318,2.193413496017456,0.968124508857727,-0.12834417819976807,-1.805699348449707,-1.4643257856369019,1.8473752737045288,0.17346009612083435,0.5158331394195557,-1.786583423614502,-1.1474788188934326,0.8190152645111084,0.13979166746139526,0.38336294889450073,0.21005098521709442,0.22523537278175354,0.2210751473903656,0.19284269213676453,0.13993868231773376,0.07543202489614487,0.06772248446941376,0.12880131602287292,0.169183611869812,0.16193169355392456,0.10777001082897186,0.1140628531575203,0.21857714653015137,0.28771984577178955,0.2637624740600586,0.15142621099948883,0.13311243057250977,0.21890604496002197,0.19728028774261475,0.17747889459133148,0.2805185616016388,0.2613246440887451,0.2105237990617752,0.23976078629493713,0.2243567258119583,0.23859605193138123,0.23555442690849304,0.22145488858222961,0.21027939021587372,0.2046220898628235,0.186247780919075,0.1713641881942749,0.16894474625587463,0.1635974496603012,0.15571512281894684,0.1602589190006256,0.17218177020549774,0.18101629614830017,0.19843712449073792,0.21481643617153168,0.22203579545021057,0.21593418717384338,0.19475804269313812,0.16657483577728271,0.13765689730644226,0.12412070482969284,0.15755777060985565,0.20753717422485352,0.235746830701828,0.2571098804473877,0.2935563027858734,0.3398546576499939,0.35458746552467346,0.32700619101524353,0.2928904592990875,0.2694953978061676,0.23004302382469177,0.18462316691875458,0.25523874163627625,0.3469023108482361,AS
../data/DWT_NEW/AS/New_AS_050.wav,84.69048309326172,-68.91552734375,10.950811386108398,-1.0708787441253662,0.7741751670837402,1.428367257118225,-4.564131259918213,-1.3568025827407837,-1.8640813827514648,-4.7598371505737305,-1.5520588159561157,3.430107831954956,-5.394635200500488,1.9787119626998901,-1.4408230781555176,-3.8556902408599854,-1.974786639213562,-5.265039920806885,-8.591879844665527,-4.628546714782715,-3.762267589569092,-4.973071098327637,4.856710433959961,1.038547158241272,-0.7132463455200195,-2.3085877895355225,-1.1768195629119873,-5.443741798400879,-3.930291175842285,6.7236433029174805,-0.7767589688301086,1.3129581212997437,1.8269633054733276,2.1730451583862305,-3.3409571647644043,-3.895847797393799,0.08549267053604126,-1.1011348962783813,1.2710239887237549,0.03321286290884018,0.2776640057563782,0.058470048010349274,0.05516766011714935,0.051101770251989365,0.04808992147445679,0.04624119773507118,0.04307371377944946,0.03491080924868584,0.024839092046022415,0.03679454326629639,0.06371158361434937,0.08328518271446228,0.08383751660585403,0.06653816252946854,0.0632450133562088,0.08952149003744125,0.1016203761100769,0.09395857900381088,0.10032233595848083,0.10069619119167328,0.06694790720939636,0.11153095960617065,0.15267027914524078,0.1398533284664154,0.09755604714155197,0.0744868665933609,0.14593715965747833,0.15972214937210083,0.09476852416992188,0.06637956947088242,0.12600001692771912,0.10802322626113892,0.056074850261211395,0.07750275731086731,0.09159053862094879,0.059278570115566254,0.06914101541042328,0.06798041611909866,0.06482627987861633,0.06798944622278214,0.08781033754348755,0.10220363736152649,0.12468267232179642,0.15414099395275116,0.18659381568431854,0.21525457501411438,0.23014160990715027,0.21578975021839142,0.1705077886581421,0.11318881064653397,0.1303105652332306,0.20111984014511108,0.2457590103149414,0.2373151183128357,0.19869807362556458,0.18456868827342987,0.22405724227428436,0.278717577457428,0.2571021616458893,0.19212700426578522,0.2987123131752014,AS
../data/DWT_NEW/AS/New_AS_063.wav,65.4049072265625,-65.71668243408203,13.766419410705566,-15.025900840759277,-8.37748908996582,7.918207168579102,-1.318143606185913,-12.767169952392578,7.209545135498047,-2.776794910430908,4.327533721923828,5.319135665893555,-5.206430435180664,-3.2047085762023926,5.222850322723389,1.0444364547729492,1.042480230331421,4.574796676635742,-0.5200849175453186,-1.1955528259277344,0.9592797756195068,-4.534367561340332,-2.051333427429199,4.060512542724609,-0.9904619455337524,4.272451400756836,-0.534163236618042,4.816253185272217,1.5443227291107178,2.8122079372406006,2.527804374694824,2.9144744873046875,-2.1859772205352783,1.6378909349441528,4.910257339477539,0.9537206888198853,-3.5009799003601074,4.23279333114624,-0.5214927792549133,-0.5315709114074707,0.24519184231758118,0.003358802292495966,0.013438021764159203,0.022933483123779297,0.028913259506225586,0.03613390401005745,0.05102088302373886,0.07177136838436127,0.08966626226902008,0.09637781977653503,0.08676120638847351,0.06202918291091919,0.03348977863788605,0.016290124505758286,0.00855291448533535,0.030514638870954514,0.05707435682415962,0.061379797756671906,0.03917375206947327,0.035917073488235474,0.03864679113030434,0.04978320002555847,0.07592760771512985,0.06958847492933273,0.061832331120967865,0.06437758356332779,0.07854516059160233,0.08854007720947266,0.0877036601305008,0.08489656448364258,0.08903629332780838,0.09693131595849991,0.09706816077232361,0.09007930755615234,0.09206273406744003,0.0902026817202568,0.08039050549268723,0.0942409336566925,0.10170435905456543,0.12847617268562317,0.14858241379261017,0.16685357689857483,0.17130506038665771,0.1616191267967224,0.14573876559734344,0.14686477184295654,0.15930591523647308,0.16262276470661163,0.16028302907943726,0.1645037829875946,0.1675160825252533,0.16751307249069214,0.160350501537323,0.14221403002738953,0.1090490072965622,0.07310745120048523,0.11548285186290741,0.1480935513973236,0.15267877280712128,0.22240424156188965,0.19070720672607422,AS
../data/DWT_NEW/AS/New_AS_044.wav,100.74201965332031,-45.75055694580078,20.481706619262695,-3.653409719467163,13.47219467163086,1.4591366052627563,3.1939234733581543,-4.680943012237549,5.034182548522949,-1.7020370960235596,-2.0829977989196777,-5.376908302307129,0.30768144130706787,0.8953664302825928,1.1021451950073242,7.606419563293457,1.325361967086792,1.8648602962493896,0.3662306070327759,2.3978850841522217,-0.6739814281463623,-4.410437107086182,-3.0209779739379883,8.37144660949707,-1.8104385137557983,0.014232456684112549,0.9110103249549866,0.30537211894989014,2.7022972106933594,0.5169515609741211,-2.26865291595459,-2.260615825653076,-0.2936522364616394,-1.1726124286651611,3.813065528869629,-2.325052499771118,0.3212295472621918,0.7158823013305664,0.29346033930778503,0.583099901676178,0.29513731598854065,0.11172877252101898,0.13181796669960022,0.1492120623588562,0.15111438930034637,0.13052180409431458,0.09319718182086945,0.08375504612922668,0.1489465832710266,0.23203769326210022,0.2966378629207611,0.31766411662101746,0.2893294394016266,0.2279878705739975,0.1642688810825348,0.1368541717529297,0.1184309720993042,0.07635299861431122,0.1278521716594696,0.23140181601047516,0.2810128331184387,0.2398795187473297,0.14523369073867798,0.08608777821063995,0.11430089175701141,0.2134653925895691,0.2407284379005432,0.17682114243507385,0.10971461236476898,0.1813245713710785,0.22814685106277466,0.19543954730033875,0.18599346280097961,0.2392575740814209,0.24592483043670654,0.24165509641170502,0.25191769003868103,0.2406516969203949,0.2179008573293686,0.23321561515331268,0.25942713022232056,0.2752015292644501,0.27763301134109497,0.2659101188182831,0.24474677443504333,0.2166288197040558,0.1872565895318985,0.18194925785064697,0.20739465951919556,0.24188631772994995,0.2670796513557434,0.27823013067245483,0.2651882469654083,0.22825118899345398,0.17690187692642212,0.13491080701351166,0.17408162355422974,0.17642651498317719,0.14733679592609406,0.17737895250320435,0.2783617377281189,AS
../data/DWT_NEW/AS/New_AS_193.wav,64.66677856445312,-75.12495422363281,32.95021057128906,-11.535118103027344,1.266173243522644,7.5833868980407715,-7.549598693847656,9.020963668823242,-11.454262733459473,1.6174633502960205,-1.77764892578125,-4.037656784057617,3.0584301948547363,-2.6465396881103516,3.8413195610046387,-0.26950132846832275,2.4485504627227783,-0.8586047887802124,0.9699828028678894,-1.0239949226379395,2.4151268005371094,0.9288621544837952,3.6514177322387695,1.704249382019043,-5.973219871520996,-0.02570277452468872,1.608558177947998,1.5646536350250244,-2.455162763595581,-3.2170963287353516,-3.318051815032959,3.4520974159240723,3.756819725036621,-2.1010582447052,0.6745941042900085,0.2908594012260437,-1.5996160507202148,-0.951987624168396,-1.5671522617340088,2.7194042205810547,0.34389978647232056,0.036130327731370926,0.03680657595396042,0.0433521643280983,0.057599328458309174,0.07286980748176575,0.08094453811645508,0.07735615968704224,0.06563787162303925,0.057082533836364746,0.05783857777714729,0.07202721387147903,0.1025942713022232,0.1239534467458725,0.1106773316860199,0.06691405922174454,0.02847190946340561,0.03182515129446983,0.06866893172264099,0.09850846230983734,0.10528114438056946,0.08720158040523529,0.04574693366885185,0.047469355165958405,0.07233917713165283,0.07155922055244446,0.08219561725854874,0.08328001201152802,0.04930521547794342,0.08503457903862,0.0779624879360199,0.09417475014925003,0.07875645160675049,0.04476632922887802,0.10689859837293625,0.1041572317481041,0.06384241580963135,0.12445240467786789,0.06048772484064102,0.0873098373413086,0.09104976058006287,0.08048529922962189,0.11944609135389328,0.08881625533103943,0.097781702876091,0.05806789919734001,0.06143585592508316,0.0842282623052597,0.07749265432357788,0.07651112228631973,0.07518333196640015,0.06208221986889839,0.05137336999177933,0.03974076732993126,0.06145068258047104,0.0802512913942337,0.07368088513612747,0.06176996976137161,0.07098576426506042,0.06510557979345322,0.05344131961464882,AS
../data/DWT_NEW/AS/New_AS_001.wav,147.0548553466797,-50.13496017456055,14.929079055786133,1.2938802242279053,9.437566757202148,-8.958816528320312,3.594588041305542,-11.318916320800781,-1.3053802251815796,-2.608444929122925,0.0840984582901001,2.2871768474578857,2.280381917953491,-1.267101526260376,-5.290482044219971,6.4286394119262695,1.4599881172180176,-5.2505035400390625,-1.8381608724594116,4.295626640319824,1.6133348941802979,-0.3929433524608612,-0.6258314847946167,1.918770432472229,-2.307189702987671,-1.2111170291900635,0.6092393398284912,-2.335817575454712,1.8278617858886719,1.8252054452896118,-0.631553590297699,-3.557645082473755,-0.8052554726600647,2.281371593475342,0.8089874982833862,-1.2092760801315308,1.100799560546875,-1.1079217195510864,0.25848472118377686,-0.6275423765182495,0.46949946880340576,0.24713754653930664,0.21449288725852966,0.16694921255111694,0.11239252984523773,0.07501906156539917,0.08781474083662033,0.10852432250976562,0.09762202203273773,0.05603194609284401,0.1100577861070633,0.22761984169483185,0.3265215754508972,0.35971713066101074,0.3143026530742645,0.20328198373317719,0.08497181534767151,0.021061593666672707,0.09124572575092316,0.22969278693199158,0.32752397656440735,0.3115091919898987,0.21023394167423248,0.15335538983345032,0.14966408908367157,0.23066309094429016,0.21109244227409363,0.1720578372478485,0.22474345564842224,0.17353571951389313,0.1688137650489807,0.2455330342054367,0.28810974955558777,0.2634414732456207,0.31474125385284424,0.3500719964504242,0.35462796688079834,0.37647226452827454,0.37103989720344543,0.35279351472854614,0.3266533315181732,0.33258071541786194,0.37181368470191956,0.4054231643676758,0.4190194010734558,0.4085315465927124,0.3739500045776367,0.3215315043926239,0.2678174674510956,0.24375377595424652,0.2531033456325531,0.2653760612010956,0.2815796136856079,0.2959550619125366,0.2748163044452667,0.1985611617565155,0.22401092946529388,0.3522435128688812,0.35086625814437866,0.35514765977859497,0.3406152129173279,AS
../data/DWT_NEW/AS/New_AS_135.wav,128.30288696289062,-20.516908645629883,-4.061806678771973,-5.918307781219482,10.446986198425293,-2.5186126232147217,13.452055931091309,3.195638656616211,-29.78664207458496,15.487305641174316,6.966586112976074,6.493503093719482,-13.132667541503906,-12.685267448425293,-12.141863822937012,6.653343200683594,-5.991664886474609,8.915534973144531,7.158647537231445,-3.6055493354797363,-12.59345531463623,-0.7880973219871521,2.3355658054351807,3.4121313095092773,-4.778241157531738,4.988311290740967,-0.1863735169172287,-4.504509925842285,-1.4897860288619995,5.333901405334473,0.8064742684364319,0.31307971477508545,-2.427304983139038,1.4036777019500732,-4.378075122833252,1.9618135690689087,-0.5555726289749146,0.5390785336494446,2.0360913276672363,-1.8093739748001099,0.2861579656600952,0.1978307068347931,0.20309674739837646,0.1997583955526352,0.17989268898963928,0.1376819759607315,0.07569902390241623,0.02363414876163006,0.08670910447835922,0.14654426276683807,0.19093891978263855,0.2346404641866684,0.28588026762008667,0.31087806820869446,0.2701340913772583,0.159659743309021,0.07142792642116547,0.12216895818710327,0.20449532568454742,0.3481263518333435,0.39717113971710205,0.2807515859603882,0.13346214592456818,0.16957414150238037,0.3903917074203491,0.4397438168525696,0.27140820026397705,0.16232135891914368,0.41525590419769287,0.42114752531051636,0.20663882791996002,0.33481836318969727,0.3939291834831238,0.24300721287727356,0.3216289281845093,0.32241877913475037,0.27729082107543945,0.3149254322052002,0.29417455196380615,0.29521387815475464,0.2840992510318756,0.26323944330215454,0.24620157480239868,0.23326776921749115,0.23434847593307495,0.24844205379486084,0.2790796756744385,0.3307206332683563,0.3993114233016968,0.4557148814201355,0.46706944704055786,0.39873409271240234,0.26825809478759766,0.1527276188135147,0.12900032103061676,0.249528706073761,0.47231200337409973,0.6687741279602051,0.758362352848053,0.7368712425231934,0.6179945468902588,AS
../data/DWT_NEW/AS/New_AS_087.wav,89.49880981445312,-59.88349914550781,10.86028003692627,-1.7876087427139282,11.73015022277832,-0.963406503200531,7.843693733215332,3.956409454345703,10.999713897705078,4.673627853393555,2.123929977416992,-0.812157928943634,5.871382236480713,0.33534443378448486,-5.018296241760254,2.867213726043701,0.62180495262146,0.11670398712158203,-0.3892190456390381,-0.9448884725570679,0.942205548286438,0.6061452627182007,1.4648876190185547,4.441695213317871,-0.8049347400665283,-0.287697434425354,1.6667897701263428,-4.325852870941162,2.013650894165039,-0.5678352117538452,-3.0094456672668457,-3.425755739212036,-1.1876380443572998,-1.9012508392333984,1.1161695718765259,-0.3357330560684204,-1.1272693872451782,0.11267220973968506,-0.11108985543251038,2.9802801609039307,0.2763362526893616,0.21421676874160767,0.2354084849357605,0.23742403090000153,0.21633559465408325,0.1748851090669632,0.135048046708107,0.13976186513900757,0.18383857607841492,0.215305894613266,0.20116858184337616,0.1325373351573944,0.07361089438199997,0.17340335249900818,0.25132155418395996,0.24839065968990326,0.16718421876430511,0.1274077445268631,0.18996605277061462,0.16952556371688843,0.12040045857429504,0.18852809071540833,0.19289952516555786,0.13956066966056824,0.14422643184661865,0.13518193364143372,0.1422431915998459,0.13700281083583832,0.10719318687915802,0.10048447549343109,0.12982529401779175,0.11913326382637024,0.09009222686290741,0.1290307492017746,0.135948047041893,0.11545135825872421,0.13167428970336914,0.12286457419395447,0.10296541452407837,0.09402194619178772,0.0871267095208168,0.0882711410522461,0.09968479722738266,0.10021418333053589,0.08836420625448227,0.0626291036605835,0.054913315922021866,0.0949159562587738,0.15606288611888885,0.19462263584136963,0.2094729244709015,0.22186699509620667,0.23587876558303833,0.23301975429058075,0.2239004671573639,0.2254820466041565,0.23597975075244904,0.2488839477300644,0.24833163619041443,0.24689427018165588,0.25481724739074707,AS
../data/DWT_NEW/AS/New_AS_177.wav,220.9732666015625,6.650217056274414,3.1809191703796387,15.252978324890137,4.076056480407715,3.8598663806915283,-4.657588958740234,2.065181255340576,3.928793430328369,1.9075291156768799,6.786633491516113,1.1086876392364502,-1.475119709968567,-1.9005151987075806,-2.5799527168273926,-4.6206955909729,-0.03373289108276367,-1.7179828882217407,-0.7194708585739136,0.6712426543235779,2.6228795051574707,-0.697790265083313,4.018865585327148,-7.38482141494751,2.682492971420288,-1.8152756690979004,5.449588298797607,-3.866870164871216,-2.469102382659912,0.45997354388237,0.2048588991165161,-0.19979923963546753,-3.514888048171997,2.564497470855713,-1.6066830158233643,-3.1540210247039795,2.7863330841064453,1.1029341220855713,-2.1573426723480225,2.2663090229034424,0.5361028909683228,0.8231610059738159,1.0330681800842285,1.2809019088745117,1.4842290878295898,1.574615240097046,1.5296428203582764,1.3700017929077148,1.1892564296722412,1.1167815923690796,1.1080068349838257,0.9976915121078491,0.9031879305839539,1.3139472007751465,1.879106044769287,2.079305410385132,1.759164810180664,1.2293553352355957,1.0002148151397705,0.9003952741622925,1.5522555112838745,1.9857757091522217,1.634598731994629,0.9249265193939209,0.7347729802131653,1.4168288707733154,1.4708882570266724,0.7657899856567383,0.6136306524276733,1.129637360572815,0.8831977248191833,0.5967332124710083,0.7750033736228943,0.7935041785240173,0.4459947645664215,0.5371699333190918,0.50839763879776,0.262951135635376,0.3953629732131958,0.35632243752479553,0.4502541422843933,0.5027046799659729,0.5647367238998413,0.6806902885437012,0.8209872245788574,1.0399738550186157,1.348998785018921,1.668433666229248,1.844658613204956,1.7666444778442383,1.5035232305526733,1.2151436805725098,1.061856746673584,1.0560197830200195,1.0924766063690186,1.1307505369186401,1.107347011566162,1.0512863397598267,0.9486479163169861,0.7925538420677185,0.7062778472900391,AS
../data/DWT_NEW/AS/New_AS_196.wav,190.61410522460938,-46.63322067260742,-22.96735382080078,28.720033645629883,-13.847991943359375,-4.609796524047852,12.911626815795898,7.453183650970459,-2.9821488857269287,-1.704981803894043,6.697443962097168,-9.780895233154297,-6.648502349853516,3.4483883380889893,2.6224141120910645,2.3064727783203125,0.6987839937210083,-2.1382737159729004,-1.173248052597046,8.835426330566406,-4.342309474945068,-7.194823265075684,-0.8266929388046265,-1.9911776781082153,-1.9502475261688232,-2.2813265323638916,-5.661857604980469,1.4863321781158447,5.484094619750977,-1.2763949632644653,0.40774059295654297,1.0184264183044434,-0.2378871738910675,-1.0175683498382568,2.4254682064056396,-4.273723602294922,3.7404816150665283,-0.6541522145271301,-2.0199882984161377,0.9610920548439026,0.662960946559906,0.14960873126983643,0.2129582166671753,0.2867833971977234,0.3367486596107483,0.34019070863723755,0.2933242917060852,0.22863717377185822,0.2535872459411621,0.36964815855026245,0.44892483949661255,0.4077867567539215,0.24258393049240112,0.1034940853714943,0.22314397990703583,0.2500017285346985,0.2422717660665512,0.44509392976760864,0.5594605803489685,0.4462280869483948,0.19259203970432281,0.1685047596693039,0.3022228181362152,0.47471797466278076,0.44537365436553955,0.24436348676681519,0.11842230707406998,0.331875205039978,0.3518592119216919,0.23250222206115723,0.07783296704292297,0.20638135075569153,0.2861676514148712,0.2374303936958313,0.31610268354415894,0.36460554599761963,0.40415170788764954,0.3964548110961914,0.43760836124420166,0.4135485887527466,0.41964849829673767,0.3706151843070984,0.39707526564598083,0.3742460012435913,0.32839956879615784,0.3098207712173462,0.2578645944595337,0.26127853989601135,0.2534046471118927,0.1934356838464737,0.09123019874095917,0.08671034872531891,0.2443467378616333,0.3803638517856598,0.481923907995224,0.525006890296936,0.47169819474220276,0.41585490107536316,0.33763259649276733,0.29363662004470825,0.28871119022369385,AS
../data/DWT_NEW/AS/New_AS_138.wav,123.99915313720703,-21.038728713989258,17.608779907226562,-0.4969974756240845,-8.983592987060547,2.2637505531311035,-10.025365829467773,5.9082112312316895,9.376611709594727,4.251780033111572,-2.873619318008423,7.114816665649414,0.5586487054824829,-9.769264221191406,1.4065097570419312,1.336777687072754,0.7205033302307129,7.063393592834473,-3.553152084350586,6.736966133117676,4.4653215408325195,-5.114866256713867,1.4293402433395386,1.1753464937210083,-0.03632640838623047,2.3135592937469482,3.702636241912842,4.791555404663086,-3.6090989112854004,0.12287071347236633,1.3467148542404175,1.2005277872085571,4.822331428527832,-0.10358554124832153,-2.5936882495880127,2.75137996673584,-2.7906179428100586,3.466681480407715,0.8379132151603699,-4.032945156097412,0.2575479745864868,0.2250971794128418,0.1614150106906891,0.10726666450500488,0.09827066957950592,0.13997307419776917,0.19007374346256256,0.22899597883224487,0.25173619389533997,0.2664493918418884,0.28509387373924255,0.30908969044685364,0.3267413377761841,0.31779125332832336,0.28955328464508057,0.26487505435943604,0.2742486596107483,0.27980154752731323,0.23404262959957123,0.14135846495628357,0.05091260373592377,0.06903250515460968,0.21182619035243988,0.33416855335235596,0.3331592381000519,0.21674489974975586,0.09174608439207077,0.19580824673175812,0.32367026805877686,0.29559126496315,0.1394355148077011,0.18480712175369263,0.2830834686756134,0.20357249677181244,0.16354398429393768,0.2450949102640152,0.24831368029117584,0.22955521941184998,0.2666512429714203,0.30791911482810974,0.33476170897483826,0.3343808352947235,0.3128724694252014,0.3098140060901642,0.3120763897895813,0.3024424612522125,0.35632026195526123,0.4560379087924957,0.5492167472839355,0.6022045612335205,0.5591064095497131,0.41821426153182983,0.26615220308303833,0.11702127754688263,0.21811509132385254,0.3346278965473175,0.3690689504146576,0.3281644284725189,0.22406770288944244,0.10865829885005951,0.07664747536182404,AS
../data/DWT_NEW/AS/New_AS_085.wav,124.60044860839844,-41.83465576171875,17.59809684753418,-1.0974034070968628,11.9010009765625,-6.348318099975586,1.930501103401184,-5.5206298828125,1.1320198774337769,-1.7555932998657227,-0.020757555961608887,-5.778474807739258,1.8881847858428955,0.8418415188789368,-1.5938336849212646,7.653727054595947,1.6128735542297363,-1.5810562372207642,1.237921118736267,1.3051520586013794,-1.4035295248031616,-0.3988538086414337,-1.2420947551727295,3.613966226577759,-1.8069040775299072,0.6676175594329834,0.7749335169792175,0.2063557505607605,1.1374475955963135,1.039863109588623,-2.1128079891204834,-2.3039069175720215,0.7841899991035461,-1.7382447719573975,2.5805397033691406,-2.4883341789245605,1.3244082927703857,-0.7621500492095947,0.018248647451400757,1.6404149532318115,0.3484646677970886,0.11758571863174438,0.09412503242492676,0.08325909823179245,0.08319246023893356,0.08480709791183472,0.08570192754268646,0.09915903955698013,0.14261025190353394,0.21126310527324677,0.28601089119911194,0.3409159183502197,0.3551172614097595,0.31393784284591675,0.22544249892234802,0.1313731074333191,0.1103164330124855,0.10967549681663513,0.1015833243727684,0.22740603983402252,0.33209824562072754,0.32186567783355713,0.2117767035961151,0.12752506136894226,0.13212436437606812,0.23379653692245483,0.2963812053203583,0.24935537576675415,0.17157796025276184,0.2123619019985199,0.28665176033973694,0.2644977569580078,0.24302497506141663,0.3129352331161499,0.33087801933288574,0.3312695622444153,0.34719139337539673,0.33898162841796875,0.3273375928401947,0.3416149616241455,0.37408387660980225,0.3966226577758789,0.4022957980632782,0.382682740688324,0.3428259491920471,0.3022090196609497,0.279521644115448,0.2882254123687744,0.31370776891708374,0.3401429355144501,0.35739004611968994,0.37077218294143677,0.35974159836769104,0.3008185625076294,0.20859076082706451,0.08676590025424957,0.1175646260380745,0.15355004370212555,0.19398777186870575,0.26013368368148804,0.29040980339050293,AS
../data/DWT_NEW/AS/New_AS_077.wav,121.00398254394531,-54.97505187988281,13.065909385681152,-2.226182222366333,9.084571838378906,-3.6078803539276123,4.63271951675415,-1.5970280170440674,10.301528930664062,4.600467681884766,-2.445908308029175,0.4534880220890045,6.545193195343018,6.3464531898498535,-1.1537184715270996,9.333290100097656,-2.41679310798645,-3.9666049480438232,-0.9500764608383179,-0.30480313301086426,-0.7272757291793823,-5.652782440185547,0.5317763090133667,0.3091007173061371,-0.40750932693481445,-0.32243797183036804,3.3938918113708496,-3.1072821617126465,-0.1030113697052002,2.012442111968994,-2.612974166870117,-2.002948045730591,0.5929172039031982,0.568595290184021,0.2654063105583191,0.8054999709129333,-1.3968570232391357,1.490614652633667,-2.4536378383636475,3.7388453483581543,0.37010884284973145,0.19933080673217773,0.16973842680454254,0.13944178819656372,0.12255674600601196,0.13142195343971252,0.15638618171215057,0.17649534344673157,0.18003667891025543,0.17638236284255981,0.19736917316913605,0.25672605633735657,0.3199141025543213,0.34284985065460205,0.302936851978302,0.21128025650978088,0.12803632020950317,0.12462711334228516,0.12177209556102753,0.20459061861038208,0.31476128101348877,0.3248078227043152,0.22084900736808777,0.07579559087753296,0.07487775385379791,0.20794528722763062,0.24478492140769958,0.16800421476364136,0.08086913824081421,0.1333063840866089,0.15921346843242645,0.1225353553891182,0.1250893473625183,0.1479821801185608,0.16052475571632385,0.16865673661231995,0.1836654543876648,0.18788228929042816,0.17846712470054626,0.1685936003923416,0.15840379893779755,0.15668463706970215,0.16825458407402039,0.18288658559322357,0.18960896134376526,0.18443679809570312,0.16527940332889557,0.13659226894378662,0.15038424730300903,0.17357778549194336,0.17967624962329865,0.17894941568374634,0.21381902694702148,0.2621096074581146,0.2895520329475403,0.2564100921154022,0.20769177377223969,0.25355666875839233,0.29367369413375854,0.3161405026912689,0.27578234672546387,AS
../data/DWT_NEW/AS/New_AS_125.wav,121.81380462646484,-60.529693603515625,11.736594200134277,-8.02389907836914,6.550892353057861,-8.22333812713623,-1.427612066268921,-6.198056221008301,-0.9859876036643982,-2.16021466255188,-3.8727567195892334,1.5781335830688477,2.830810785293579,-0.6519936919212341,-6.621896743774414,4.797664165496826,-5.067089080810547,-2.2204408645629883,-4.31591272354126,-0.8533475399017334,-1.8866547346115112,-3.58097767829895,1.6566474437713623,0.018150746822357178,-3.062040090560913,-2.883742570877075,-0.07026374340057373,0.9724122881889343,2.8648135662078857,1.4845340251922607,0.5329881310462952,-1.204992413520813,1.4733529090881348,1.3548145294189453,3.343137264251709,-1.578626036643982,1.4514820575714111,0.4824219346046448,-0.570574164390564,1.0959182977676392,0.4020861089229584,0.07833018898963928,0.07172198593616486,0.06478692591190338,0.06436905264854431,0.07599308341741562,0.09525860100984573,0.11155414581298828,0.1146959662437439,0.0992392897605896,0.0643540769815445,0.02213716134428978,0.05129498988389969,0.09355796873569489,0.09904836118221283,0.06338256597518921,0.060386817902326584,0.13670969009399414,0.1814556121826172,0.16715341806411743,0.12188872694969177,0.11706802248954773,0.10758740454912186,0.14585503935813904,0.23048047721385956,0.24824896454811096,0.19803652167320251,0.151652991771698,0.1981448233127594,0.24219408631324768,0.22921410202980042,0.20077098906040192,0.19135652482509613,0.1936020702123642,0.19592663645744324,0.19475755095481873,0.20448870956897736,0.22998523712158203,0.256534606218338,0.28503257036209106,0.3126148581504822,0.32585692405700684,0.3308308720588684,0.3315733075141907,0.3372143507003784,0.34648215770721436,0.35049355030059814,0.34279316663742065,0.3254641890525818,0.29618531465530396,0.26464295387268066,0.24105802178382874,0.2251642346382141,0.20525677502155304,0.1759866625070572,0.1400526762008667,0.11408889293670654,0.13085554540157318,0.21575631201267242,0.2984015643596649,0.3083685636520386,AS
../data/DWT_NEW/AS/New_AS_111.wav,117.14910125732422,-71.67538452148438,4.625572204589844,-2.977564811706543,-0.32669708132743835,-9.114605903625488,9.824474334716797,-7.806241989135742,-2.0147757530212402,5.625392913818359,2.2178730964660645,-11.27883529663086,7.450798988342285,0.44364988803863525,10.532754898071289,-6.887171745300293,-5.041847229003906,-0.5696406960487366,-5.696229457855225,-6.727454662322998,-0.6074805855751038,-2.418025016784668,3.7848262786865234,0.7992247939109802,-2.886812686920166,-0.20964956283569336,-2.6100192070007324,-1.2472659349441528,7.819918632507324,0.8858465552330017,-0.7226133346557617,1.6286811828613281,4.048581123352051,4.4488019943237305,5.555502891540527,1.8494970798492432,-0.06229199469089508,-5.997087001800537,2.4453070163726807,-3.8850178718566895,0.48327720165252686,0.06276428699493408,0.08574353158473969,0.10755814611911774,0.12344452738761902,0.12911343574523926,0.12284745275974274,0.10456360876560211,0.07908935844898224,0.0615694522857666,0.06692136824131012,0.078102707862854,0.07746151089668274,0.06774570792913437,0.07209797948598862,0.09337759017944336,0.10548733919858932,0.0964571088552475,0.07340523600578308,0.05192047357559204,0.05077323317527771,0.0660582110285759,0.13191333413124084,0.18075403571128845,0.16181156039237976,0.10494229197502136,0.07595722377300262,0.1295674443244934,0.21631735563278198,0.22704251110553741,0.17018349468708038,0.14741310477256775,0.15779483318328857,0.1236407458782196,0.05946129560470581,0.03982609137892723,0.0416455902159214,0.08067602664232254,0.13508455455303192,0.16034574806690216,0.1557166427373886,0.13586629927158356,0.15758594870567322,0.17218615114688873,0.16316863894462585,0.1600450873374939,0.1910170018672943,0.17856746912002563,0.13770806789398193,0.127900630235672,0.11558780819177628,0.07162725180387497,0.1274382323026657,0.2199205458164215,0.22439947724342346,0.13578200340270996,0.11102361232042313,0.18757306039333344,0.21966873109340668,0.22544726729393005,0.1816902458667755,AS
../data/DWT_NEW/AS/New_AS_010.wav,153.12069702148438,-45.70612716674805,10.084796905517578,-6.454896926879883,7.055109024047852,-5.519186973571777,0.12821513414382935,-14.329351425170898,-0.8512841463088989,-5.468510627746582,-2.857830286026001,-5.431585311889648,2.780823230743408,0.7414156198501587,-2.965240001678467,5.593328952789307,0.26051804423332214,-4.0356645584106445,-2.3211536407470703,2.905571937561035,-0.6295484304428101,-1.7728711366653442,3.091197967529297,2.738509178161621,-3.781707763671875,-1.2868036031723022,-0.840991735458374,-0.24853616952896118,-0.9432783126831055,0.68465256690979,0.32385027408599854,-0.5427506566047668,-0.05734910070896149,2.403707265853882,0.2898111939430237,-1.4855577945709229,1.3425014019012451,-1.688664436340332,0.30488121509552,0.02579856663942337,0.461701363325119,0.15647242963314056,0.14471657574176788,0.13829445838928223,0.13856437802314758,0.1387515366077423,0.12847910821437836,0.09739953279495239,0.04356023669242859,0.050161950290203094,0.1316935420036316,0.19849547743797302,0.22729703783988953,0.21473628282546997,0.18643447756767273,0.17604462802410126,0.15217413008213043,0.09264006465673447,0.15501707792282104,0.24535706639289856,0.242417573928833,0.16534273326396942,0.18465293943881989,0.1797129064798355,0.24796223640441895,0.2972034215927124,0.26073959469795227,0.23937013745307922,0.23617491126060486,0.2842785120010376,0.2837326228618622,0.2845429480075836,0.25062721967697144,0.27974873781204224,0.29794204235076904,0.25672784447669983,0.28251439332962036,0.2698855698108673,0.2725094258785248,0.2717170715332031,0.2731660306453705,0.25377362966537476,0.2199127972126007,0.17212843894958496,0.13947398960590363,0.17443248629570007,0.2580260932445526,0.322762668132782,0.32934486865997314,0.2670471966266632,0.2039652168750763,0.25623619556427,0.3726746439933777,0.45578938722610474,0.48547714948654175,0.4925495386123657,0.5596953630447388,0.6973758339881897,0.7775653004646301,0.8025371432304382,0.7949313521385193,AS
../data/DWT_NEW/AS/New_AS_073.wav,112.51181030273438,-71.52508544921875,12.519590377807617,8.362518310546875,3.244845390319824,-1.4483208656311035,-0.4334245026111603,-6.384546756744385,-10.476234436035156,-8.303942680358887,2.69181227684021,3.4813265800476074,-2.6068437099456787,-2.881369113922119,-0.12775319814682007,-7.476517200469971,0.3732823133468628,0.8651666641235352,-2.7021665573120117,-1.023413896560669,2.453691244125366,1.6576852798461914,-4.589117050170898,0.9348790645599365,-0.361089825630188,1.136207103729248,-0.5441257357597351,3.2518954277038574,0.04920387268066406,1.5455167293548584,-1.762636661529541,-0.4746617376804352,-0.5851929187774658,0.5508354902267456,1.7324814796447754,-1.2186057567596436,2.5500152111053467,-1.8562767505645752,1.6829166412353516,-2.4008541107177734,0.37900131940841675,0.0791093111038208,0.06546910107135773,0.04916232079267502,0.029814735054969788,0.00869426503777504,0.022123128175735474,0.05053389072418213,0.07911112904548645,0.10427462309598923,0.12116172164678574,0.12294784188270569,0.10563111305236816,0.07319706678390503,0.029438097029924393,0.07275784015655518,0.11546454578638077,0.1211538016796112,0.10771599411964417,0.0974419116973877,0.07186201214790344,0.12445363402366638,0.17572489380836487,0.1449527144432068,0.08281699568033218,0.12314590066671371,0.19512939453125,0.19182810187339783,0.13595661520957947,0.17021037638187408,0.20382316410541534,0.1765522062778473,0.18904604017734528,0.1662093997001648,0.19997160136699677,0.20531463623046875,0.20347502827644348,0.2240498661994934,0.22487740218639374,0.23382587730884552,0.24390661716461182,0.24597081542015076,0.24698907136917114,0.24000045657157898,0.2215295135974884,0.19049765169620514,0.15060576796531677,0.15127012133598328,0.15997005999088287,0.16466876864433289,0.1522684097290039,0.1357193887233734,0.14922869205474854,0.18643435835838318,0.21615029871463776,0.22396916151046753,0.23127681016921997,0.253368079662323,0.29128244519233704,0.3293219208717346,0.29014065861701965,AS
../data/DWT_NEW/AS/New_AS_052.wav,78.78451538085938,-60.53620910644531,16.366954803466797,-0.9041407108306885,-10.752964973449707,-1.0200581550598145,-6.166896820068359,-2.454435110092163,6.425986289978027,-10.545745849609375,1.3307695388793945,10.606121063232422,-0.01814579963684082,1.588545799255371,4.782647132873535,-0.8148671388626099,-5.404008865356445,1.071151852607727,0.041689276695251465,0.8302923440933228,-4.446751594543457,-0.828484833240509,0.3980368971824646,0.7252357006072998,-3.029083251953125,-4.370944976806641,-1.443169355392456,3.8526253700256348,3.5281760692596436,-3.2126426696777344,0.8073266744613647,-0.05420733988285065,1.2471556663513184,-4.6124420166015625,1.5859495401382446,-0.2294994443655014,-1.4619946479797363,0.3008774518966675,-0.7968846559524536,1.1442980766296387,0.24417459964752197,0.0697254166007042,0.06020665168762207,0.06020044907927513,0.07462643086910248,0.09333488345146179,0.10388831794261932,0.09631296992301941,0.0655449703335762,0.02245323732495308,0.05745261162519455,0.10734117031097412,0.12765102088451385,0.10975845903158188,0.0647062286734581,0.07407715171575546,0.09728042036294937,0.06987931579351425,0.07392849028110504,0.13584277033805847,0.13426461815834045,0.08384985476732254,0.07295020669698715,0.07431736588478088,0.1128850132226944,0.1258508563041687,0.09389794617891312,0.07819869369268417,0.0962623804807663,0.10271179676055908,0.07925507426261902,0.08060305565595627,0.10060412436723709,0.09916678071022034,0.09494610130786896,0.11892296373844147,0.11856955289840698,0.1285560131072998,0.14256229996681213,0.14637871086597443,0.15551084280014038,0.15935492515563965,0.16002507507801056,0.16072866320610046,0.15613576769828796,0.14930585026741028,0.14291104674339294,0.13791429996490479,0.12853273749351501,0.12522928416728973,0.13855555653572083,0.1526942253112793,0.17195400595664978,0.2011622041463852,0.22886019945144653,0.26391586661338806,0.3061794638633728,0.32161498069763184,0.23805919289588928,0.12624481320381165,0.21046996116638184,AS
../data/DWT_NEW/AS/New_AS_173.wav,208.11846923828125,5.357058525085449,12.725587844848633,3.8038220405578613,-3.262913703918457,-10.849081039428711,-16.455259323120117,15.852428436279297,15.301502227783203,1.7299566268920898,0.5125212669372559,-0.4162544012069702,6.821936130523682,5.0282793045043945,-2.257387161254883,-8.835269927978516,-10.180931091308594,-1.574044942855835,7.743574619293213,0.9854077696800232,-0.01213422417640686,-3.607557773590088,6.535705089569092,-1.2901077270507812,-1.7202928066253662,-2.6051735877990723,3.9684319496154785,1.2006287574768066,-3.521005153656006,3.3117289543151855,-1.3195122480392456,-5.432441234588623,1.1607375144958496,0.7737404108047485,1.94023859500885,-4.605539321899414,1.1133708953857422,2.702549934387207,-5.044429302215576,3.2470054626464844,0.514043390750885,1.24749755859375,1.2136937379837036,1.1182069778442383,1.000744342803955,0.9287926554679871,0.9372308850288391,0.9312744736671448,0.7732260823249817,0.4295097589492798,0.4166104793548584,0.9699594974517822,1.3652580976486206,1.3991644382476807,1.1611394882202148,1.1367017030715942,1.2565031051635742,0.9580902457237244,0.5605888962745667,0.9217641353607178,0.9406318068504333,1.0425081253051758,1.2844792604446411,0.9590156078338623,0.6192411184310913,0.7673087120056152,1.1916685104370117,1.0630381107330322,0.6223613023757935,0.9454817771911621,1.0790997743606567,0.7575482726097107,0.9437734484672546,1.0131359100341797,0.8952542543411255,1.033728003501892,0.9733420014381409,0.9202386140823364,0.868746817111969,0.7216659784317017,0.7497154474258423,0.7559252977371216,0.8731459379196167,1.0152857303619385,1.2354151010513306,1.4934303760528564,1.8143608570098877,2.1563775539398193,2.4078609943389893,2.362961769104004,2.0188212394714355,1.5386191606521606,1.280275821685791,1.3354589939117432,1.4248631000518799,1.2371842861175537,0.8291718363761902,0.4547128677368164,0.2683525085449219,0.4203070104122162,0.6302618384361267,AS
../data/DWT_NEW/AS/New_AS_141.wav,35.44916534423828,-70.96603393554688,34.568397521972656,-14.975162506103516,-5.2557692527771,17.338932037353516,-1.209310531616211,9.364288330078125,-2.163130044937134,-8.158554077148438,1.5647552013397217,-3.6484923362731934,3.3046202659606934,-1.3173482418060303,-0.03566735237836838,-4.2079315185546875,5.3153510093688965,-0.08153900504112244,3.581057071685791,0.7190104722976685,2.1149230003356934,-2.3374133110046387,3.891140937805176,7.147321701049805,-3.4503750801086426,-5.460883617401123,-2.526531457901001,-1.1195077896118164,-4.56540584564209,1.056014060974121,-3.439758062362671,-9.597421646118164,-2.717585802078247,0.05550539493560791,3.0552830696105957,-0.2816236913204193,0.8301683664321899,1.9098601341247559,-1.392882227897644,-1.3924185037612915,0.2348828762769699,0.06478390097618103,0.07686172425746918,0.08208358287811279,0.07747559249401093,0.06373269110918045,0.05042612552642822,0.052832357585430145,0.0627918615937233,0.06035108119249344,0.04217671602964401,0.05222444236278534,0.09586843848228455,0.12414702773094177,0.12462076544761658,0.10520464181900024,0.08553467690944672,0.060462579131126404,0.06036194786429405,0.10574747622013092,0.11274779587984085,0.08278180658817291,0.05956738442182541,0.0415421798825264,0.0688999742269516,0.06371941417455673,0.05522886663675308,0.04943555220961571,0.04976155608892441,0.06721148639917374,0.06510631740093231,0.06349310278892517,0.08150598406791687,0.08579789102077484,0.08704657852649689,0.07921002805233002,0.0908137708902359,0.04049951210618019,0.06583447754383087,0.029883794486522675,0.051525186747312546,0.0416538268327713,0.0354674756526947,0.0451803095638752,0.03450619429349899,0.04189562797546387,0.040986496955156326,0.0433657132089138,0.04217439144849777,0.04786849766969681,0.0404481366276741,0.02687598392367363,0.03069867193698883,0.03300128132104874,0.0323202982544899,0.04339820146560669,0.04931146651506424,0.038041189312934875,0.019523225724697113,0.01702449470758438,0.010143768042325974,AS
../data/DWT_NEW/AS/New_AS_124.wav,103.98806762695312,-48.29112243652344,19.21887969970703,-1.6645251512527466,10.896692276000977,-3.171610116958618,5.798541069030762,-3.466277599334717,7.804106712341309,0.855038046836853,-2.3522861003875732,-3.0300889015197754,4.31028413772583,-2.2540154457092285,-3.6782279014587402,7.093420028686523,3.159115791320801,-4.494431972503662,1.0593931674957275,0.21415287256240845,-2.2373266220092773,-1.1154730319976807,0.6208652257919312,3.120800495147705,-5.468158721923828,-0.6589269042015076,2.8147847652435303,-1.9970499277114868,-1.3590021133422852,2.063563346862793,-3.617608070373535,-4.040053844451904,-1.2208791971206665,0.5409130454063416,2.296447277069092,-0.8430973887443542,-0.3045792877674103,0.08576393872499466,-0.8917884230613708,1.6640552282333374,0.30982187390327454,0.08822168409824371,0.05835755914449692,0.06058931350708008,0.0857018232345581,0.1045926958322525,0.10653002560138702,0.09748083353042603,0.11531342566013336,0.18365520238876343,0.26832520961761475,0.3294491171836853,0.3394734859466553,0.2893390357494354,0.19317182898521423,0.11576469242572784,0.12195882201194763,0.10705874860286713,0.14708414673805237,0.26645809412002563,0.32548636198043823,0.2846803665161133,0.19572699069976807,0.14035603404045105,0.1479671597480774,0.21558037400245667,0.24036863446235657,0.1979469507932663,0.1200348511338234,0.15104760229587555,0.20191818475723267,0.17372669279575348,0.13961687684059143,0.19497813284397125,0.19715800881385803,0.1926993727684021,0.21422770619392395,0.20442619919776917,0.19840550422668457,0.2059825211763382,0.22064685821533203,0.2295408844947815,0.23729926347732544,0.24191290140151978,0.2403663694858551,0.23556596040725708,0.229463130235672,0.2369050532579422,0.25892287492752075,0.2842938005924225,0.29962706565856934,0.29470258951187134,0.2705037593841553,0.23896051943302155,0.19759297370910645,0.12129831314086914,0.14029145240783691,0.18717175722122192,0.1754494160413742,0.14967259764671326,0.1962185651063919,AS
../data/DWT_NEW/AS/New_AS_035.wav,120.01971435546875,-54.519866943359375,17.054990768432617,-1.240983486175537,7.2343902587890625,-10.785055160522461,-4.053516864776611,-10.654677391052246,-2.076918601989746,1.7210760116577148,1.3698928356170654,0.5849787592887878,-0.8547416925430298,2.8929443359375,-5.092714309692383,5.2721099853515625,-2.085552215576172,-1.0439454317092896,0.1643660068511963,-3.4776053428649902,-2.86248779296875,-3.6009554862976074,-2.209472179412842,1.394838571548462,0.7633217573165894,-4.35323429107666,4.380479335784912,-0.35889118909835815,2.0127055644989014,-1.4671419858932495,-0.627639651298523,-0.7155688405036926,3.9834418296813965,2.527587413787842,1.332780122756958,-0.044718801975250244,-2.868258476257324,1.8784024715423584,-0.373778760433197,3.4498729705810547,0.38071107864379883,0.12183845043182373,0.11674362421035767,0.11559407413005829,0.1209888905286789,0.13002772629261017,0.136585533618927,0.13334256410598755,0.11728372424840927,0.09793388843536377,0.0966368019580841,0.11368811130523682,0.12256115674972534,0.11156259477138519,0.1057228296995163,0.12973713874816895,0.13869374990463257,0.1161048412322998,0.14672702550888062,0.19594034552574158,0.16943484544754028,0.12106680870056152,0.1553172767162323,0.1529894322156906,0.23054173588752747,0.26492246985435486,0.21791797876358032,0.17939060926437378,0.21168027818202972,0.2531423270702362,0.2171477973461151,0.1683485507965088,0.1573849618434906,0.16676251590251923,0.17610450088977814,0.16048727929592133,0.17651356756687164,0.18160080909729004,0.1808815896511078,0.19073434174060822,0.20528651773929596,0.221169576048851,0.23519718647003174,0.2433631718158722,0.23504692316055298,0.2029334455728531,0.16099445521831512,0.15315991640090942,0.17481359839439392,0.1998426467180252,0.21983078122138977,0.20020641386508942,0.16943950951099396,0.1573772430419922,0.2090051770210266,0.2647291123867035,0.30717989802360535,0.31874895095825195,0.2479739487171173,0.30011630058288574,0.4035693407058716,AS
../data/DWT_NEW/AS/New_AS_191.wav,188.55075073242188,3.8446528911590576,5.019475936889648,2.520861864089966,7.663170337677002,-9.966686248779297,15.352105140686035,-4.7294769287109375,10.027033805847168,-9.699227333068848,7.76287841796875,-2.194222927093506,-0.02314049005508423,0.9540966749191284,3.4410924911499023,-0.6374293565750122,-1.3248995542526245,6.041250228881836,0.47416913509368896,0.5509517192840576,-3.977341651916504,-2.0643792152404785,-1.6209843158721924,-2.4285030364990234,-0.2862964868545532,0.6895337700843811,1.0809247493743896,0.5858319997787476,2.0515856742858887,-0.9260388612747192,0.23617103695869446,0.3298557698726654,1.3087092638015747,-1.421349048614502,-6.061089038848877,1.337946891784668,2.129542827606201,-4.45579195022583,3.0949912071228027,-0.20655623078346252,0.4514218270778656,0.42097049951553345,0.6505392789840698,0.8415157198905945,0.9661376476287842,1.0163910388946533,1.0273480415344238,1.045240879058838,1.0706193447113037,1.0358637571334839,0.842665433883667,0.45983994007110596,0.26222121715545654,0.6985384225845337,0.9913909435272217,1.1239577531814575,1.2281655073165894,1.1977115869522095,0.8555106520652771,0.3612522482872009,0.5967410802841187,0.924868643283844,1.1573278903961182,0.9758888483047485,0.4272013306617737,0.384441614151001,0.8968368768692017,0.923015832901001,0.40749114751815796,0.45805537700653076,0.840347945690155,0.5868098735809326,0.4300432801246643,0.6663707494735718,0.3559378981590271,0.44222548604011536,0.29203999042510986,0.4558403491973877,0.5164554715156555,0.8131833076477051,1.0659129619598389,1.232847809791565,1.307002305984497,1.2292742729187012,1.0474644899368286,0.8818157911300659,0.8988701105117798,0.9705783128738403,0.9598867893218994,1.0074669122695923,1.180967092514038,1.2457084655761719,1.1315959692001343,0.8307137489318848,0.47573918104171753,0.42214885354042053,0.8784294128417969,1.1384906768798828,1.2113826274871826,1.095760464668274,0.8392012715339661,AS
../data/DWT_NEW/AS/New_AS_133.wav,120.98503112792969,-17.809080123901367,-12.05302619934082,-17.190494537353516,12.552660942077637,-10.431573867797852,7.452288627624512,10.608488082885742,-31.193462371826172,12.198963165283203,13.926990509033203,5.820241928100586,-14.330209732055664,-13.523723602294922,-18.139080047607422,2.3885209560394287,-7.263803958892822,2.8102774620056152,5.993659019470215,-2.85904598236084,-8.868505477905273,1.541383147239685,-1.7849828004837036,5.068460464477539,3.1729116439819336,2.0844180583953857,1.99881112575531,-2.5144100189208984,-4.473265647888184,7.959443092346191,-1.3035821914672852,-0.8413857817649841,4.985597133636475,-3.3103272914886475,-0.9670484662055969,0.4504106044769287,-2.3200111389160156,5.0588765144348145,1.0785366296768188,-1.4801793098449707,0.2686033546924591,0.1458672434091568,0.12365040183067322,0.08757323026657104,0.0539594441652298,0.0657108724117279,0.09942536056041718,0.11496346443891525,0.0984930768609047,0.05696255341172218,0.057434022426605225,0.11192768812179565,0.14662912487983704,0.1462041735649109,0.1340392380952835,0.12490223348140717,0.094328373670578,0.04089780151844025,0.10159832239151001,0.20906028151512146,0.2706654667854309,0.21820107102394104,0.09143324196338654,0.10417000204324722,0.31528615951538086,0.37684303522109985,0.23555943369865417,0.17164859175682068,0.40503889322280884,0.4149957299232483,0.24240508675575256,0.3813590407371521,0.40601569414138794,0.2881679832935333,0.3485831618309021,0.28838837146759033,0.2550320327281952,0.22057336568832397,0.179509699344635,0.152023583650589,0.14442583918571472,0.13960903882980347,0.15007063746452332,0.1595921367406845,0.1826086789369583,0.23358717560768127,0.30983874201774597,0.39425331354141235,0.4802491366863251,0.5477349162101746,0.5564451813697815,0.47125640511512756,0.3424071669578552,0.24452802538871765,0.21895578503608704,0.3050200939178467,0.47158849239349365,0.617160975933075,0.6842461824417114,0.647596001625061,0.5158537030220032,AS
../data/DWT_NEW/AS/New_AS_060.wav,77.81107330322266,-57.62769317626953,20.734840393066406,-3.032626152038574,-5.100951671600342,8.661698341369629,-1.7056421041488647,-15.624187469482422,12.550250053405762,-5.106313705444336,-7.465749740600586,-0.8422871828079224,-1.024396538734436,-0.3901801109313965,-1.8556381464004517,-1.4655029773712158,-7.882973670959473,-3.0294127464294434,-3.66121768951416,-5.844045639038086,-11.055581092834473,2.3058717250823975,6.545193672180176,-2.129728317260742,-3.614500045776367,-1.5873702764511108,2.136235237121582,-7.616273880004883,2.464022397994995,-0.8520921468734741,-0.6006163954734802,2.124028444290161,-1.843637466430664,-1.9195834398269653,-0.961786150932312,0.2708697021007538,-3.2543740272521973,-1.1325839757919312,0.4831289052963257,-0.19760799407958984,0.25782257318496704,0.06769351661205292,0.06221437081694603,0.05031449347734451,0.03301422297954559,0.020915720611810684,0.03752164542675018,0.059837304055690765,0.07267957180738449,0.07184991240501404,0.06728406250476837,0.0856415182352066,0.11794373393058777,0.12950244545936584,0.09977062046527863,0.046554215252399445,0.10358983278274536,0.1514863818883896,0.13766780495643616,0.11445394158363342,0.13630159199237823,0.10983750224113464,0.15163248777389526,0.19934657216072083,0.15790985524654388,0.11122343689203262,0.14381010830402374,0.19885993003845215,0.1845521628856659,0.12407615780830383,0.14994658529758453,0.17167137563228607,0.15550333261489868,0.1341342329978943,0.14644132554531097,0.15027399361133575,0.13970834016799927,0.13394060730934143,0.1270686686038971,0.12893205881118774,0.14706595242023468,0.16030430793762207,0.16822555661201477,0.16693934798240662,0.15769661962985992,0.14837469160556793,0.14737728238105774,0.14116032421588898,0.11411880701780319,0.0811392292380333,0.12991677224636078,0.20861515402793884,0.2611997127532959,0.2609272003173828,0.2204202562570572,0.18582026660442352,0.20406457781791687,0.23688571155071259,0.23972982168197632,0.2031226009130478,0.31567370891571045,AS
../data/DWT_NEW/AS/New_AS_118.wav,135.7654266357422,-57.42927169799805,17.689239501953125,-5.880419731140137,5.866888999938965,-6.772404193878174,1.0002611875534058,-6.106534004211426,-3.876163959503174,-2.081195831298828,-2.6572864055633545,-4.70347785949707,3.8216938972473145,-1.5823934078216553,-5.473916053771973,10.592829704284668,-1.1029784679412842,3.039790153503418,3.735018730163574,3.1596310138702393,-1.282029390335083,-3.141913890838623,-0.18509073555469513,3.0404014587402344,0.876093327999115,0.6088353991508484,3.22983980178833,1.9184788465499878,2.289121627807617,1.5995546579360962,1.3377623558044434,-0.2736017405986786,1.884777545928955,1.8879671096801758,2.531249761581421,-1.6418548822402954,0.019938796758651733,1.3813304901123047,-0.13933353126049042,1.0334930419921875,0.46100950241088867,0.07274758070707321,0.11823185533285141,0.14893144369125366,0.15729039907455444,0.13750618696212769,0.08983450382947922,0.02750984951853752,0.08161385357379913,0.16214635968208313,0.21781659126281738,0.22506114840507507,0.17718714475631714,0.08935071527957916,0.05654960870742798,0.11799883842468262,0.12625594437122345,0.07669183611869812,0.10701233893632889,0.16626587510108948,0.1484527587890625,0.09530983865261078,0.10763157904148102,0.1128183901309967,0.19144205749034882,0.24790562689304352,0.21549221873283386,0.17417791485786438,0.2114107310771942,0.2799464166164398,0.284701943397522,0.25837478041648865,0.27472788095474243,0.3039451539516449,0.31187009811401367,0.3216913342475891,0.3378082811832428,0.3613991439342499,0.38312557339668274,0.41102755069732666,0.4340713322162628,0.4366641938686371,0.4167014956474304,0.37471911311149597,0.3199496865272522,0.268806129693985,0.22208932042121887,0.21516096591949463,0.26046082377433777,0.30412963032722473,0.3316231369972229,0.3369618058204651,0.3050640821456909,0.2221212387084961,0.10983796417713165,0.08095627278089523,0.21359604597091675,0.3019760251045227,0.3495749831199646,0.37260702252388,0.30346691608428955,AS
../data/DWT_NEW/AS/New_AS_109.wav,89.35823059082031,-57.83534622192383,6.494339942932129,-0.24218380451202393,8.235139846801758,-6.211165428161621,3.3651044368743896,-9.397146224975586,2.608354091644287,-0.5679282546043396,-1.9226841926574707,3.308962345123291,1.2199904918670654,-0.3732646107673645,-4.629673957824707,2.2879481315612793,1.0707277059555054,-5.63134241104126,-0.33522796630859375,-3.9843201637268066,-2.6063168048858643,-5.33195686340332,-0.8498363494873047,2.7269744873046875,-1.342773675918579,-2.2189154624938965,2.5546486377716064,0.7344430685043335,0.36100682616233826,1.2303025722503662,-2.6079328060150146,-0.5953180193901062,-0.30699071288108826,4.045250415802002,1.2354545593261719,1.7551765441894531,-1.5518155097961426,1.4628573656082153,-1.6004507541656494,1.2214256525039673,0.2589728832244873,0.06971734762191772,0.04624456912279129,0.02480175346136093,0.035336077213287354,0.061587344855070114,0.0816313847899437,0.08728326857089996,0.07454384118318558,0.04978833347558975,0.05120019614696503,0.09094356000423431,0.1240578144788742,0.1314276158809662,0.10222969204187393,0.05294216051697731,0.062463127076625824,0.09864549338817596,0.10797237604856491,0.11347250640392303,0.13323728740215302,0.13875307142734528,0.1232200413942337,0.10827410221099854,0.1404620110988617,0.1555567979812622,0.15695466101169586,0.16443613171577454,0.151116743683815,0.13844642043113708,0.15525463223457336,0.15117168426513672,0.10627715289592743,0.09893657267093658,0.1119239553809166,0.0948353111743927,0.09606277197599411,0.11800211668014526,0.13403135538101196,0.1579941362142563,0.181907057762146,0.19950559735298157,0.21319350600242615,0.22353526949882507,0.22683243453502655,0.22185513377189636,0.20725193619728088,0.19427093863487244,0.19814984500408173,0.21240359544754028,0.22290170192718506,0.21784959733486176,0.1952618658542633,0.171622633934021,0.15874114632606506,0.1379970908164978,0.1432085931301117,0.15157592296600342,0.12878777086734772,0.12316834926605225,0.10261815041303635,AS
../data/DWT_NEW/AS/New_AS_079.wav,112.55168914794922,-52.287925720214844,7.845312118530273,-8.979878425598145,1.282018780708313,-15.650106430053711,-5.261495113372803,-16.230960845947266,-3.374764919281006,-2.5143883228302,-5.518309116363525,-4.3504133224487305,-5.27783727645874,-4.920743942260742,-8.535419464111328,2.6939525604248047,0.6261383295059204,-4.702428817749023,-0.5506449937820435,-4.858983516693115,-2.5236849784851074,-5.333392143249512,-0.3274509608745575,2.538344383239746,1.4981417655944824,-3.167757034301758,3.003551959991455,0.2875285744667053,3.027308702468872,3.810335636138916,-0.8704431056976318,1.8378812074661255,0.3021000623703003,4.964552879333496,2.323550224304199,4.156983375549316,-0.5412467122077942,4.727375030517578,0.5718443393707275,2.995232582092285,0.3259540796279907,0.02945120446383953,0.04169554263353348,0.0481526143848896,0.047491513192653656,0.03954163193702698,0.02641497366130352,0.012401522137224674,0.011074342764914036,0.017665795981884003,0.01892133057117462,0.01781129650771618,0.02148164063692093,0.025229815393686295,0.029271937906742096,0.03938017413020134,0.0385407954454422,0.029924722388386726,0.08211322128772736,0.1300038993358612,0.11743620038032532,0.09483479708433151,0.14075198769569397,0.1413167268037796,0.18368682265281677,0.23147991299629211,0.22058838605880737,0.2233925610780716,0.2356470227241516,0.24923714995384216,0.2601906955242157,0.26412755250930786,0.23530960083007812,0.22483789920806885,0.24758093059062958,0.24592933058738708,0.24836108088493347,0.27488625049591064,0.29538145661354065,0.32227981090545654,0.34911441802978516,0.3651527464389801,0.3726240396499634,0.372825026512146,0.3636125326156616,0.3442732095718384,0.31554722785949707,0.3098822832107544,0.3402743637561798,0.3789147138595581,0.39604097604751587,0.3788754343986511,0.33521586656570435,0.26395419239997864,0.16175860166549683,0.09028315544128418,0.12930721044540405,0.21193081140518188,0.25490322709083557,0.27182289958000183,0.2473984658718109,AS
../data/DWT_NEW/AS/New_AS_105.wav,113.67485046386719,-52.07505416870117,11.552372932434082,-1.084488868713379,7.634654521942139,-1.981508493423462,7.482674598693848,0.4232332706451416,7.613757610321045,0.10382342338562012,-1.8732106685638428,-7.533934593200684,5.273053169250488,2.2357990741729736,2.019382953643799,6.6005401611328125,4.722355842590332,2.3732476234436035,1.5638854503631592,-1.3616975545883179,-0.9778144359588623,0.8345698118209839,0.2803683280944824,1.5004359483718872,-1.3814812898635864,1.2950348854064941,3.629281997680664,-0.1370788812637329,1.5048151016235352,-0.07414379715919495,-3.540559768676758,-5.045170783996582,-2.277496337890625,-1.1214168071746826,0.6168145537376404,-1.4177051782608032,0.12778224050998688,-0.6889674663543701,0.436903715133667,0.36404234170913696,0.32277101278305054,0.2581169009208679,0.287718802690506,0.2866341471672058,0.2484680861234665,0.17463825643062592,0.09538185596466064,0.13087083399295807,0.22449152171611786,0.2802780270576477,0.2623896598815918,0.16060039401054382,0.07538002729415894,0.21747341752052307,0.32298898696899414,0.3077285885810852,0.1804923117160797,0.13412104547023773,0.2187894880771637,0.18500106036663055,0.15507951378822327,0.24438117444515228,0.23332197964191437,0.15140673518180847,0.1268637627363205,0.13930994272232056,0.1738317608833313,0.15068189799785614,0.07445555925369263,0.10458587110042572,0.14776691794395447,0.08808182924985886,0.0545976385474205,0.12213194370269775,0.09798023104667664,0.06898210197687149,0.10927719622850418,0.10450250655412674,0.11562728881835938,0.1366911381483078,0.1626666784286499,0.17701506614685059,0.1903156042098999,0.1873449683189392,0.16928419470787048,0.13735832273960114,0.09974696487188339,0.11318249255418777,0.16296665370464325,0.20971724390983582,0.22264671325683594,0.22015878558158875,0.294046014547348,0.3697536587715149,0.4039497673511505,0.3862032890319824,0.3278276324272156,0.2672119736671448,0.2527080178260803,0.2903197407722473,0.3433455228805542,AS
../data/DWT_NEW/AS/New_AS_097.wav,116.51458740234375,-61.211097717285156,19.217721939086914,-4.19774866104126,5.259952545166016,-7.154370307922363,-0.7705442309379578,-5.193237781524658,1.1266064643859863,-2.086355447769165,-1.9108659029006958,-2.412245273590088,3.2213335037231445,0.6358988285064697,-4.376532554626465,9.39538288116455,-1.433997392654419,4.876160621643066,3.248213291168213,1.2402184009552002,-3.8214704990386963,-2.8726882934570312,2.3903017044067383,4.310528755187988,2.6118226051330566,1.387539267539978,-0.41590210795402527,-0.8385767936706543,2.070812940597534,-0.7574609518051147,1.182594656944275,-0.8685204982757568,0.591834545135498,0.588236927986145,3.338488817214966,-1.921235203742981,0.17121946811676025,0.7180418372154236,-0.6274141073226929,1.1123533248901367,0.40138617157936096,0.10178598761558533,0.1283636838197708,0.15185503661632538,0.16309905052185059,0.15540894865989685,0.12763971090316772,0.08510497212409973,0.060917213559150696,0.10268865525722504,0.1511766016483307,0.17082928121089935,0.1528029888868332,0.11647818982601166,0.11543998122215271,0.1424732208251953,0.13562461733818054,0.10321712493896484,0.11460594832897186,0.11401902139186859,0.07758757472038269,0.11088363826274872,0.12746378779411316,0.1097014993429184,0.15341372787952423,0.16442304849624634,0.14151303470134735,0.1341789960861206,0.15116068720817566,0.17991730570793152,0.19528040289878845,0.20193514227867126,0.2040514051914215,0.217116117477417,0.24445223808288574,0.26224759221076965,0.2726733088493347,0.28666892647743225,0.29072368144989014,0.2934984564781189,0.2977692484855652,0.29873380064964294,0.29582369327545166,0.2919784188270569,0.28681275248527527,0.2818432152271271,0.26672810316085815,0.24353191256523132,0.24920634925365448,0.2812723219394684,0.3096204996109009,0.3217426538467407,0.3018261790275574,0.22912287712097168,0.10424313694238663,0.07317964732646942,0.19555163383483887,0.23682373762130737,0.23234233260154724,0.23349708318710327,0.18677103519439697,AS
../data/DWT_NEW/AS/New_AS_098.wav,112.80244445800781,-54.83891677856445,16.573326110839844,-6.446873664855957,12.410850524902344,-3.4064478874206543,5.984306335449219,1.0471731424331665,3.544421672821045,1.793988585472107,-4.795142650604248,-3.8748202323913574,-0.3868776857852936,6.573807716369629,-5.1673760414123535,8.48169994354248,-2.132896900177002,1.4822916984558105,2.9510231018066406,1.0109294652938843,-3.304659366607666,0.47705507278442383,1.2459441423416138,2.671717405319214,1.7052125930786133,-0.19478626549243927,1.7109206914901733,-0.23616909980773926,1.925537347793579,-1.9293867349624634,-1.918586015701294,-3.483372926712036,-2.8492369651794434,0.3994898200035095,0.6313160061836243,0.9039490222930908,-2.380718946456909,0.9180300235748291,-0.21986904740333557,0.6212766170501709,0.36730000376701355,0.219082772731781,0.23482413589954376,0.22597262263298035,0.18975642323493958,0.1331988275051117,0.09840893745422363,0.1457265466451645,0.21106469631195068,0.24192669987678528,0.21404890716075897,0.12547744810581207,0.0788174718618393,0.19840188324451447,0.2738294303417206,0.2527724504470825,0.150769904255867,0.13906432688236237,0.1995791494846344,0.15869027376174927,0.14258164167404175,0.2317143678665161,0.22605964541435242,0.14269430935382843,0.12732848525047302,0.1387898027896881,0.1844598948955536,0.1737898737192154,0.10933181643486023,0.11931505799293518,0.16446863114833832,0.13640499114990234,0.11649371683597565,0.15702497959136963,0.14564025402069092,0.11993236094713211,0.14516177773475647,0.11594982445240021,0.09008646011352539,0.0728524923324585,0.09592603892087936,0.11409057676792145,0.1353406310081482,0.14555029571056366,0.14688298106193542,0.13040471076965332,0.10080384463071823,0.10363658517599106,0.14038921892642975,0.17350657284259796,0.18026617169380188,0.2125285416841507,0.2862555980682373,0.35937637090682983,0.40660858154296875,0.3984081447124481,0.35010960698127747,0.2912033796310425,0.25578925013542175,0.2939547300338745,0.35683655738830566,AS
../data/DWT_NEW/AS/New_AS_158.wav,125.10014343261719,-20.59720230102539,18.611143112182617,-3.7825236320495605,-10.15707015991211,2.915764331817627,-11.091986656188965,6.79541015625,7.318765640258789,0.8003650903701782,-3.980238914489746,7.702167510986328,0.17782986164093018,-7.460638999938965,3.4579386711120605,2.1664981842041016,-0.34201622009277344,3.2422690391540527,-3.840517044067383,8.840633392333984,3.7782857418060303,-5.712831497192383,-0.4220842123031616,0.2979567050933838,2.1896982192993164,3.4234867095947266,2.317032814025879,5.284326553344727,-3.8565409183502197,1.19618558883667,3.421172857284546,1.5323238372802734,1.3961682319641113,-0.2941400706768036,0.1464366912841797,1.7763619422912598,-2.3804636001586914,3.0617456436157227,-1.3337867259979248,-2.2406980991363525,0.2622317373752594,0.20447313785552979,0.14691418409347534,0.09440016746520996,0.07279857993125916,0.10415150225162506,0.15192830562591553,0.1948782354593277,0.2245435267686844,0.24040383100509644,0.2458435595035553,0.24648423492908478,0.24995940923690796,0.257481187582016,0.2627757787704468,0.2708148956298828,0.2819386422634125,0.268679141998291,0.2063256800174713,0.11212551593780518,0.07208925485610962,0.07212017476558685,0.20813043415546417,0.3418383002281189,0.3413071930408478,0.2253415882587433,0.1272309571504593,0.21023353934288025,0.31256169080734253,0.26445820927619934,0.13297541439533234,0.18279320001602173,0.23074540495872498,0.11992445588111877,0.12948766350746155,0.17692780494689941,0.18048745393753052,0.21390996873378754,0.2955945134162903,0.38428378105163574,0.434562087059021,0.4347286820411682,0.39125585556030273,0.3734819293022156,0.3699486255645752,0.34404656291007996,0.2815781831741333,0.3463139533996582,0.44790762662887573,0.5219230055809021,0.5040227174758911,0.38482826948165894,0.2364075779914856,0.1649482250213623,0.3125748932361603,0.4150129556655884,0.412535160779953,0.32185518741607666,0.1705230176448822,0.0800226479768753,0.10420774668455124,AS
../data/DWT_NEW/AS/New_AS_075.wav,84.14057159423828,-69.97152709960938,24.24034881591797,-6.690654277801514,-8.048124313354492,-4.687644958496094,0.42029255628585815,-6.2307586669921875,16.700592041015625,-2.155916929244995,-0.1529199779033661,2.3330225944519043,-8.404864311218262,-8.098015785217285,-0.7388129830360413,7.62650203704834,5.465752601623535,1.8765448331832886,-0.08281129598617554,2.454498529434204,3.9913864135742188,2.019685983657837,1.2298409938812256,-0.6201189756393433,3.3720293045043945,2.997385025024414,0.5654094219207764,-5.273778915405273,3.4029431343078613,-2.106316089630127,1.102629542350769,-3.331782341003418,-0.15183985233306885,2.550999879837036,-3.4128708839416504,1.273263931274414,-2.06191086769104,1.9010095596313477,-2.9990053176879883,2.4455056190490723,0.3403966724872589,0.11585169285535812,0.11565673351287842,0.10021957755088806,0.06863954663276672,0.025787895545363426,0.04008280858397484,0.0891352966427803,0.12204881012439728,0.12582170963287354,0.09612707048654556,0.04659275710582733,0.06659527122974396,0.11059722304344177,0.11032292991876602,0.06422159820795059,0.06850767880678177,0.11962081491947174,0.11356925964355469,0.06524026393890381,0.07011441141366959,0.07397164404392242,0.06438957899808884,0.09088790416717529,0.07672460377216339,0.04220901429653168,0.03616742044687271,0.07819412648677826,0.07590681314468384,0.0400199368596077,0.08588367700576782,0.10044790059328079,0.06763096898794174,0.10800684988498688,0.0885486751794815,0.07078634947538376,0.10798506438732147,0.1076355129480362,0.13479143381118774,0.13722839951515198,0.13130617141723633,0.11551196873188019,0.09577913582324982,0.09238804876804352,0.10937430709600449,0.12915748357772827,0.15857622027397156,0.20547379553318024,0.268543541431427,0.34084606170654297,0.38127872347831726,0.37039119005203247,0.3072134554386139,0.21650859713554382,0.14821839332580566,0.12381898611783981,0.1351563036441803,0.17859160900115967,0.2262941598892212,0.19900986552238464,0.08465476334095001,AS
../data/DWT_NEW/AS/New_AS_074.wav,89.06776428222656,-76.9248046875,16.08264923095703,5.502551078796387,-9.708909034729004,-3.4641342163085938,-1.850696086883545,-5.433076858520508,3.151465654373169,-0.775560736656189,8.936714172363281,5.615867614746094,11.299407958984375,6.269649028778076,7.194354057312012,4.26216459274292,0.5862745046615601,-4.84921932220459,0.3510286808013916,5.667452812194824,0.22030341625213623,-1.5454448461532593,-2.283966541290283,-1.6817550659179688,-0.276919424533844,-2.183166742324829,0.26458150148391724,-0.14435333013534546,4.012312412261963,-2.7587037086486816,0.9313715696334839,0.3451988697052002,-2.7678329944610596,2.37701416015625,-1.3798307180404663,1.1805992126464844,1.258786678314209,0.19950252771377563,-1.213284969329834,0.980552077293396,0.32185712456703186,0.030538547784090042,0.027098817750811577,0.04381764680147171,0.07645662128925323,0.1146010160446167,0.14993123710155487,0.1732272505760193,0.1755913943052292,0.15521422028541565,0.11746936291456223,0.076370008289814,0.05058351159095764,0.03295169025659561,0.045408945530653,0.10124347358942032,0.14820818603038788,0.15212634205818176,0.10736045241355896,0.05229436606168747,0.03877707198262215,0.05888129025697708,0.10930804908275604,0.11402370035648346,0.0765666738152504,0.056034334003925323,0.07122154533863068,0.08359812200069427,0.06803961843252182,0.05486172437667847,0.055826567113399506,0.05842350795865059,0.04833175241947174,0.055366456508636475,0.06341252475976944,0.07577132433652878,0.10528189688920975,0.1254747211933136,0.1468932330608368,0.16927948594093323,0.18346838653087616,0.19824916124343872,0.2127528041601181,0.22603443264961243,0.24028635025024414,0.254366934299469,0.26463428139686584,0.2646229863166809,0.25090721249580383,0.22698719799518585,0.1888979971408844,0.1756422221660614,0.2053411304950714,0.2515465319156647,0.2866100072860718,0.29686427116394043,0.2771722078323364,0.23312178254127502,0.18271447718143463,0.1326022744178772,0.13621768355369568,AS
../data/DWT_NEW/AS/New_AS_146.wav,122.7272720336914,-43.62713623046875,22.110248565673828,-21.395893096923828,-3.9569742679595947,-5.683760643005371,-7.448791027069092,6.272519111633301,-4.077518939971924,2.508936643600464,-4.463672637939453,-12.592710494995117,2.2802538871765137,-4.229861259460449,-0.13965493440628052,-1.7363862991333008,3.7791948318481445,1.234351396560669,3.497422218322754,-3.254328489303589,-0.08892753720283508,-9.818255424499512,3.359938621520996,-1.7065112590789795,-2.7783384323120117,-5.969908237457275,4.833540439605713,-1.5603691339492798,-3.3910343647003174,2.9850337505340576,-0.7310861349105835,-2.3606679439544678,-3.6420493125915527,3.085211753845215,-6.62719202041626,0.4252471923828125,-10.747848510742188,-1.1641888618469238,-4.487339496612549,5.9689741134643555,0.43184182047843933,0.06728009879589081,0.07034654915332794,0.06244618445634842,0.03950618579983711,0.013171764090657234,0.060428742319345474,0.11504803597927094,0.1538856029510498,0.1606293022632599,0.12853890657424927,0.07010477036237717,0.027145909145474434,0.024281764402985573,0.08754094690084457,0.21137885749340057,0.3035050928592682,0.2900235056877136,0.18485358357429504,0.08893538266420364,0.09731645882129669,0.2302684336900711,0.27998799085617065,0.18713364005088806,0.06955036520957947,0.09529630094766617,0.16319960355758667,0.17715291678905487,0.1153765469789505,0.10476277768611908,0.225215345621109,0.1968207210302353,0.13984835147857666,0.23555119335651398,0.16743436455726624,0.22971031069755554,0.2099199742078781,0.20940765738487244,0.22685405611991882,0.22029408812522888,0.29019638895988464,0.28232043981552124,0.2679471969604492,0.24416542053222656,0.22239866852760315,0.22493167221546173,0.24103619158267975,0.2518758773803711,0.25258970260620117,0.26579925417900085,0.31054502725601196,0.3022633194923401,0.20456023514270782,0.1967865228652954,0.22376760840415955,0.1349911242723465,0.1456710398197174,0.16926035284996033,0.10730034857988358,0.19544871151447296,0.1885865032672882,AS
../data/DWT_NEW/AS/New_AS_156.wav,132.49993896484375,-28.10689926147461,6.332511901855469,-7.380561351776123,-0.2528611421585083,9.987664222717285,-6.07829475402832,19.175682067871094,-5.747164726257324,-6.1688432693481445,7.525038242340088,-3.3130154609680176,5.452279090881348,-4.487056732177734,-5.047087669372559,1.238691806793213,8.434514999389648,7.078863143920898,7.091475486755371,-0.7478857040405273,-2.8969085216522217,-4.659729480743408,-4.920072078704834,-9.436793327331543,-0.9568102955818176,3.1112730503082275,4.110260963439941,1.1015427112579346,-3.0455527305603027,-4.043161869049072,-0.9329019784927368,-7.961533069610596,-3.1746928691864014,-4.614932537078857,-6.032292366027832,2.6546008586883545,0.3635548949241638,1.9252629280090332,3.653329849243164,2.21183443069458,0.30316007137298584,0.10985500365495682,0.1336020529270172,0.19753868877887726,0.27510422468185425,0.34644681215286255,0.3980419635772705,0.4175291359424591,0.3982033133506775,0.35317954421043396,0.31305044889450073,0.3067830801010132,0.31573909521102905,0.2860961854457855,0.19827556610107422,0.08888418227434158,0.18734461069107056,0.33366215229034424,0.44192469120025635,0.5144491195678711,0.5223681926727295,0.41764160990715027,0.23940643668174744,0.15450730919837952,0.21863111853599548,0.3299922049045563,0.34750092029571533,0.23913270235061646,0.104349285364151,0.08132466673851013,0.12041447311639786,0.16765356063842773,0.14297643303871155,0.1822371631860733,0.30532801151275635,0.2745329737663269,0.20019806921482086,0.22541913390159607,0.1772410273551941,0.2272942066192627,0.30665314197540283,0.3755689263343811,0.3921327590942383,0.34415462613105774,0.2501649558544159,0.1715891808271408,0.13369551301002502,0.15287768840789795,0.29329022765159607,0.40130311250686646,0.3649458885192871,0.20133322477340698,0.13753311336040497,0.1845342516899109,0.2923632264137268,0.40276941657066345,0.4710429906845093,0.5073412656784058,0.4783799946308136,0.35937321186065674,0.1587553769350052,AS
../data/DWT_NEW/AS/New_AS_154.wav,92.46853637695312,-46.95580291748047,35.184600830078125,-6.901716232299805,-2.4274871349334717,2.9333951473236084,-13.498123168945312,-3.6208341121673584,-9.223223686218262,-0.9872658848762512,4.2151031494140625,2.582096815109253,-0.2432781457901001,7.244650363922119,-1.6250619888305664,-7.397477149963379,-5.590509414672852,3.7667746543884277,1.182724118232727,-1.9266520738601685,5.297110557556152,1.5055456161499023,-1.5188449621200562,-0.3793773055076599,3.553189277648926,5.867796897888184,2.0913071632385254,-4.403899669647217,-2.6626882553100586,-7.210814476013184,1.3575944900512695,2.4203896522521973,-0.7517832517623901,0.38290029764175415,3.93996262550354,0.06125640869140625,5.042971134185791,2.9251999855041504,0.4143567383289337,7.400047302246094,0.2998080849647522,0.17431014776229858,0.19831164181232452,0.19950559735298157,0.17240318655967712,0.11989279091358185,0.05728178098797798,0.024864062666893005,0.05225557088851929,0.059232622385025024,0.05757485330104828,0.07353366911411285,0.09231582283973694,0.11224918067455292,0.11878170073032379,0.11640952527523041,0.11099077761173248,0.09968075156211853,0.06879053264856339,0.08600328862667084,0.1130719780921936,0.18195445835590363,0.21359241008758545,0.15909796953201294,0.14877411723136902,0.14298221468925476,0.22929799556732178,0.19271600246429443,0.10832594335079193,0.15806253254413605,0.18131282925605774,0.13076618313789368,0.17157630622386932,0.251015841960907,0.21101531386375427,0.3269275426864624,0.2717008888721466,0.3089807629585266,0.22034138441085815,0.17097193002700806,0.11019222438335419,0.14310595393180847,0.27080482244491577,0.3591081500053406,0.4034176170825958,0.39297348260879517,0.3174394369125366,0.21556122601032257,0.13425666093826294,0.11467147618532181,0.1322365403175354,0.13987912237644196,0.12862856686115265,0.11770141124725342,0.15577730536460876,0.1915050446987152,0.1611606329679489,0.07658957690000534,0.05070806294679642,0.03986360877752304,0.0711846649646759,AS
../data/DWT_NEW/AS/New_AS_101.wav,120.05833435058594,-57.26692581176758,12.663559913635254,-2.3428115844726562,13.999409675598145,0.6975623369216919,9.850309371948242,2.2926883697509766,6.584662437438965,3.1376829147338867,-3.1616029739379883,-7.519461154937744,-2.807370662689209,-1.942112922668457,-4.35453987121582,6.907541275024414,-1.7196953296661377,0.8812830448150635,3.857302188873291,1.499237060546875,-2.4760403633117676,-3.0646424293518066,-2.153632164001465,3.2215118408203125,1.394583821296692,0.243903249502182,3.870011806488037,0.7766973376274109,1.114715576171875,-0.6905567646026611,-2.859194755554199,-5.501713752746582,-0.6137561202049255,-2.381835460662842,1.5515766143798828,-1.1088974475860596,-0.003524482250213623,0.2130367010831833,2.0322647094726562,0.47837141156196594,0.38123050332069397,0.15764331817626953,0.1512487232685089,0.14291733503341675,0.135409414768219,0.1348799169063568,0.14872339367866516,0.17474445700645447,0.20190036296844482,0.22037546336650848,0.2250734567642212,0.2209222912788391,0.22712361812591553,0.24942344427108765,0.26360464096069336,0.24445810914039612,0.19215692579746246,0.1486869901418686,0.17046380043029785,0.19990821182727814,0.2334180474281311,0.2807735502719879,0.2700139582157135,0.1789514124393463,0.10417772084474564,0.13822516798973083,0.22407793998718262,0.25330907106399536,0.1969512403011322,0.16010500490665436,0.22707301378250122,0.27140045166015625,0.25703054666519165,0.2646177113056183,0.2926243543624878,0.2789052426815033,0.25598591566085815,0.23948198556900024,0.20459556579589844,0.17922650277614594,0.16661211848258972,0.16375237703323364,0.17164373397827148,0.18038016557693481,0.1761920154094696,0.15558861196041107,0.12345381081104279,0.09910944104194641,0.10881785303354263,0.1618930548429489,0.21025922894477844,0.21391361951828003,0.20681476593017578,0.22763128578662872,0.27566373348236084,0.30981940031051636,0.2944908142089844,0.2489061802625656,0.19826215505599976,0.1944056749343872,0.17948773503303528,AS
../data/DWT_NEW/AS/New_AS_175.wav,213.5497589111328,1.778742790222168,8.276008605957031,18.52205467224121,4.687796592712402,4.832948684692383,-3.3582568168640137,-5.462467670440674,-5.366127967834473,3.531083583831787,16.59648895263672,6.659677982330322,-7.814014911651611,-5.830099105834961,0.3322089612483978,-1.7409496307373047,3.317878246307373,-0.8233527541160583,-5.553792953491211,-1.1615232229232788,1.0623877048492432,-0.9431592226028442,10.439756393432617,-4.599949836730957,-0.4521138668060303,-3.1644299030303955,2.2811622619628906,-2.0583040714263916,-1.5648844242095947,0.36957061290740967,-0.005481317639350891,-1.2232203483581543,-4.179938316345215,-0.4844866096973419,2.37338924407959,-3.9446210861206055,1.730139970779419,0.260478675365448,-1.5833390951156616,3.0646228790283203,0.5260194540023804,1.490602731704712,1.1764650344848633,0.6924972534179688,0.2713080644607544,0.7549431324005127,1.2391972541809082,1.4181289672851562,1.1777223348617554,0.7122392654418945,1.0579372644424438,1.6961798667907715,1.7842421531677246,1.1377484798431396,0.8127808570861816,1.725757360458374,1.89335298538208,1.1492608785629272,1.1801279783248901,1.3319876194000244,1.168623685836792,1.8534266948699951,1.7562432289123535,1.0652521848678589,1.0726691484451294,1.464864730834961,1.6319620609283447,1.2911221981048584,1.207984209060669,1.4205350875854492,1.415107011795044,1.4175381660461426,1.4649754762649536,1.4713966846466064,1.5886905193328857,1.4602241516113281,1.5035961866378784,1.2848198413848877,1.204382300376892,0.9281704425811768,0.9683209657669067,0.9633629322052002,1.2601250410079956,1.4331417083740234,1.6325318813323975,1.6589763164520264,1.4912428855895996,1.1701107025146484,0.8482694029808044,0.7563010454177856,0.7982131242752075,0.6975215077400208,0.43884867429733276,0.1539681851863861,0.10687803477048874,0.19175179302692413,0.18201448023319244,0.14709138870239258,0.2457326501607895,0.1946568638086319,0.10427194088697433,AS
../data/DWT_NEW/AS/New_AS_107.wav,93.5860595703125,-56.104408264160156,13.618453025817871,-5.632750034332275,5.744443893432617,-7.656947135925293,1.1680892705917358,-12.556051254272461,-3.0700371265411377,-7.804070472717285,-6.2119927406311035,-9.249019622802734,-4.041128158569336,-0.725753664970398,-4.883164405822754,8.140936851501465,2.65877628326416,-0.9031695127487183,-1.047029972076416,0.13391974568367004,-2.2041733264923096,-6.833818435668945,1.7496354579925537,7.200896739959717,0.7102702856063843,-0.4709663391113281,1.5682063102722168,3.5628180503845215,2.240185260772705,2.392428398132324,0.45024752616882324,1.0612643957138062,-2.2071585655212402,2.755563259124756,2.666469097137451,2.963651180267334,0.10171329975128174,2.3774919509887695,2.6028058528900146,0.7157694101333618,0.29424113035202026,0.05873230844736099,0.06723079085350037,0.07123082876205444,0.06960558891296387,0.0635659396648407,0.058673515915870667,0.061036571860313416,0.06900834292173386,0.07437783479690552,0.06958762556314468,0.05119657143950462,0.02523406594991684,0.025026634335517883,0.0443304106593132,0.0458807647228241,0.02697671577334404,0.04888182878494263,0.08944682776927948,0.09388318657875061,0.06111499294638634,0.04787097126245499,0.05603841692209244,0.12563607096672058,0.18681471049785614,0.1690763384103775,0.10649579763412476,0.11265455186367035,0.20240862667560577,0.2157926857471466,0.16096508502960205,0.18248847126960754,0.23495614528656006,0.22259607911109924,0.23849932849407196,0.2580970823764801,0.25817403197288513,0.2694235146045685,0.2669430673122406,0.2671920657157898,0.2705965042114258,0.27789080142974854,0.2872593104839325,0.2858413755893707,0.26225146651268005,0.21472293138504028,0.15388309955596924,0.09261901676654816,0.054070502519607544,0.055304788053035736,0.08379818499088287,0.12492548674345016,0.17414546012878418,0.18202075362205505,0.14952915906906128,0.13242477178573608,0.1679409295320511,0.225591778755188,0.24175646901130676,0.23298761248588562,0.21433036029338837,AS
../data/DWT_NEW/AS/New_AS_181.wav,156.09854125976562,17.497711181640625,8.257299423217773,8.284095764160156,-3.964710235595703,2.554776191711426,-6.203007698059082,4.994805812835693,3.041635036468506,0.2799988389015198,-1.557033658027649,1.8205182552337646,0.6067065000534058,-3.813711166381836,-1.3101468086242676,-2.124164342880249,2.4855828285217285,-0.8053695559501648,0.44361186027526855,1.7712721824645996,1.238884449005127,-0.8188615441322327,-0.9710525274276733,1.2284891605377197,2.443624496459961,1.7369542121887207,-3.5863115787506104,-1.161623477935791,-2.9951629638671875,2.517155647277832,-0.044286370277404785,3.0464820861816406,0.2038499414920807,-3.0454554557800293,-0.7918700575828552,0.2493719756603241,-2.466895818710327,1.321215271949768,0.7987560033798218,-1.4022761583328247,0.2643698453903198,0.5263110995292664,0.6423097848892212,0.7651718854904175,0.8807692527770996,0.9716311693191528,1.0278732776641846,1.031753659248352,0.9646121859550476,0.8273392915725708,0.6249867677688599,0.3718467950820923,0.12995189428329468,0.26048827171325684,0.4591049253940582,0.5839715003967285,0.6991190910339355,0.8872071504592896,1.0297850370407104,0.927014946937561,0.5780041217803955,0.4406610429286957,0.5370352864265442,0.4628416895866394,0.7552822828292847,0.8714961409568787,0.6836466193199158,0.5585325956344604,0.6506779789924622,0.8105664849281311,0.7420028448104858,0.6156412363052368,0.7345390319824219,0.7098283767700195,0.6556158661842346,0.7095215320587158,0.6573251485824585,0.6236337423324585,0.6147549748420715,0.6591799259185791,0.7418306469917297,0.7921371459960938,0.748562216758728,0.659020185470581,0.7958695888519287,0.8966403007507324,0.8944070935249329,0.7939712405204773,0.7977012395858765,0.8237234354019165,0.839093804359436,0.848339319229126,0.7838199138641357,0.5908242464065552,0.3214435279369354,0.33525222539901733,0.42775851488113403,0.43759655952453613,0.4943484663963318,0.5125337243080139,0.4470101594924927,AS
../data/DWT_NEW/AS/New_AS_116.wav,127.88755798339844,-43.29915237426758,20.248985290527344,0.8295796513557434,12.043590545654297,-6.042729377746582,3.9855751991271973,-8.658038139343262,-0.12861347198486328,-2.789045572280884,-1.6046922206878662,1.2734812498092651,-1.2762706279754639,-2.7974610328674316,-2.3887219429016113,6.774639129638672,3.6940877437591553,-3.6876718997955322,-2.123143434524536,2.2383408546447754,-2.242885112762451,-1.5595080852508545,-0.3654763102531433,2.83182692527771,-2.7327165603637695,-2.7094879150390625,-0.0683395266532898,-0.33346259593963623,2.216609001159668,1.8640773296356201,-0.9665684103965759,-1.5729516744613647,-0.17949390411376953,1.9977688789367676,0.8007048964500427,0.2564437985420227,1.0632789134979248,-1.4324557781219482,0.9474668502807617,-0.35327309370040894,0.3703869581222534,0.29162657260894775,0.2902619242668152,0.27438297867774963,0.24348880350589752,0.19985732436180115,0.15187278389930725,0.10631157457828522,0.06712094694375992,0.0458434522151947,0.09003586322069168,0.1703745722770691,0.25474947690963745,0.3121491074562073,0.31926795840263367,0.27076083421707153,0.19344556331634521,0.13826662302017212,0.1601792871952057,0.22602221369743347,0.27940911054611206,0.2745036482810974,0.21811023354530334,0.21716132760047913,0.26992884278297424,0.2728998363018036,0.20180633664131165,0.1155356615781784,0.2450481653213501,0.26319441199302673,0.16519436240196228,0.15254145860671997,0.21566861867904663,0.21228210628032684,0.22883912920951843,0.2679823935031891,0.2996114492416382,0.33668094873428345,0.35303038358688354,0.36107271909713745,0.35471513867378235,0.3405614495277405,0.3389483094215393,0.35218140482902527,0.3465261459350586,0.3120368719100952,0.2541123628616333,0.19737562537193298,0.20530660450458527,0.22717228531837463,0.24482861161231995,0.29600831866264343,0.3289569020271301,0.316877156496048,0.2522280514240265,0.11161474138498306,0.12471939623355865,0.28204768896102905,0.3000093698501587,0.3013327717781067,0.2837562561035156,AS
../data/DWT_NEW/AS/New_AS_096.wav,121.56718444824219,-46.15473556518555,16.274185180664062,-4.501075267791748,5.138007164001465,-11.479186058044434,-1.4797730445861816,-8.798377990722656,0.07581090927124023,-4.220221519470215,-6.970769882202148,-1.0645256042480469,1.7918283939361572,0.9957413077354431,-4.622849464416504,6.5837225914001465,0.2683635354042053,-2.5121374130249023,3.3908581733703613,1.7366042137145996,-1.6483569145202637,-4.76038122177124,4.054045677185059,4.044124603271484,1.3908147811889648,-1.6616895198822021,4.807042121887207,-0.26947498321533203,3.9456288814544678,3.4466981887817383,0.48192137479782104,1.214193344116211,-1.0581649541854858,6.25803279876709,-0.9320191144943237,2.025672197341919,-0.9406889081001282,2.050666332244873,-0.06297233700752258,1.8925859928131104,0.3482136130332947,0.10654635727405548,0.14560827612876892,0.1709270179271698,0.1751013845205307,0.1527797430753708,0.1054491475224495,0.045016251504421234,0.06494326144456863,0.12856578826904297,0.1662711501121521,0.15833035111427307,0.10604606568813324,0.039933495223522186,0.07044830918312073,0.10850697755813599,0.09657633304595947,0.05458623170852661,0.11389166116714478,0.1544589102268219,0.12886777520179749,0.08434602618217468,0.09628603607416153,0.11027887463569641,0.20670537650585175,0.26179301738739014,0.2295980155467987,0.1960090696811676,0.23893111944198608,0.30451488494873047,0.31109732389450073,0.29114460945129395,0.299918532371521,0.31827884912490845,0.3221466839313507,0.32447758316993713,0.3371323049068451,0.3600412905216217,0.3842386305332184,0.413471519947052,0.44235438108444214,0.45542290806770325,0.45297378301620483,0.42781558632850647,0.3876902461051941,0.3503956198692322,0.3270908296108246,0.3287051022052765,0.34728512167930603,0.3622591495513916,0.3609650135040283,0.34267354011535645,0.3138466775417328,0.2662326991558075,0.18733227252960205,0.15350653231143951,0.1867687851190567,0.19705608487129211,0.20399367809295654,0.23235124349594116,0.23141707479953766,AS
../data/DWT_NEW/AS/New_AS_023.wav,149.5569610595703,-51.790122985839844,13.781265258789062,-5.020660400390625,9.395309448242188,-7.0612688064575195,-0.3248271942138672,-8.337223052978516,4.1118245124816895,2.0217535495758057,4.651822566986084,2.4436285495758057,2.5645461082458496,5.70319128036499,-2.7562060356140137,3.6465861797332764,-0.7812055349349976,-1.6159510612487793,-1.687203049659729,4.89453649520874,2.4055275917053223,-2.871514081954956,-0.854295015335083,2.0109596252441406,-2.7701141834259033,-1.0997569561004639,-0.37841513752937317,0.10676351189613342,1.8004083633422852,0.08842366933822632,1.1481515169143677,-3.2682414054870605,-2.468308925628662,2.640306234359741,1.9374570846557617,-0.02846580743789673,0.09723608195781708,-2.0660829544067383,-1.497847318649292,0.6496825218200684,0.48601385951042175,0.3798355162143707,0.3922179937362671,0.37723666429519653,0.3304416537284851,0.2537061274051666,0.16487592458724976,0.10250985622406006,0.11088861525058746,0.11946705728769302,0.08191405236721039,0.10576561093330383,0.24942809343338013,0.3766975998878479,0.42230919003486633,0.3483494222164154,0.1883455216884613,0.12829680740833282,0.18104144930839539,0.1403474062681198,0.24152643978595734,0.3210574686527252,0.260172575712204,0.20008334517478943,0.2159096896648407,0.20211279392242432,0.22478662431240082,0.21983866393566132,0.2206389605998993,0.22257453203201294,0.2211645245552063,0.23121151328086853,0.2520352602005005,0.26878154277801514,0.2764891982078552,0.2789449393749237,0.30122891068458557,0.3113483190536499,0.3072431683540344,0.3176380395889282,0.3165706694126129,0.3165358304977417,0.3204765319824219,0.31913527846336365,0.3180941641330719,0.33241546154022217,0.34620046615600586,0.3371393084526062,0.30092576146125793,0.24216702580451965,0.1466788947582245,0.08310778439044952,0.20310820639133453,0.30727460980415344,0.3500654697418213,0.3428328335285187,0.39795076847076416,0.49524039030075073,0.5228258967399597,0.5329970121383667,0.5697875022888184,AS
../data/DWT_NEW/AS/New_AS_159.wav,136.02865600585938,-26.338747024536133,9.10755729675293,-3.539177894592285,-2.880401372909546,-1.7032275199890137,-6.700386047363281,5.0542168617248535,-11.226905822753906,-0.9101823568344116,-0.6794580817222595,8.78121566772461,0.9216114282608032,-0.3214689791202545,2.144387722015381,-1.5328912734985352,-6.145804405212402,1.4426584243774414,6.457895278930664,5.248527526855469,0.552940845489502,-0.9274581074714661,-1.4842909574508667,0.5884273052215576,3.627060890197754,6.80096435546875,4.360748767852783,2.9956181049346924,-2.3677384853363037,-4.379903316497803,3.522763729095459,-0.6029740571975708,3.65944766998291,-2.0431289672851562,2.6832785606384277,-0.7773972749710083,-2.6724298000335693,0.15417087078094482,-1.733642339706421,1.6451489925384521,0.289083868265152,0.13853657245635986,0.19926832616329193,0.24698826670646667,0.2664392590522766,0.24722108244895935,0.18871653079986572,0.10269281268119812,0.08853249251842499,0.19425258040428162,0.28447431325912476,0.31429755687713623,0.2668423652648926,0.15399888157844543,0.0895284116268158,0.18239468336105347,0.2122194617986679,0.16906298696994781,0.17354139685630798,0.21121123433113098,0.1630152314901352,0.13597363233566284,0.19376149773597717,0.17319118976593018,0.176881343126297,0.21151664853096008,0.2245292365550995,0.2828875184059143,0.2815011143684387,0.2452901154756546,0.2292197197675705,0.3047645688056946,0.3176635205745697,0.2846751809120178,0.2798115015029907,0.29534801840782166,0.308047354221344,0.3130393624305725,0.2778656780719757,0.25144490599632263,0.2195534110069275,0.21184423565864563,0.21757903695106506,0.24893391132354736,0.312953382730484,0.37341269850730896,0.3938453197479248,0.344675213098526,0.235574871301651,0.22355306148529053,0.3277086317539215,0.33625882863998413,0.2746756374835968,0.20358353853225708,0.33566170930862427,0.3844437003135681,0.24552959203720093,0.11535952985286713,0.22953744232654572,0.2272871881723404,0.06434841454029083,AS
../data/DWT_NEW/AS/New_AS_127.wav,119.67304229736328,-41.95827865600586,19.035388946533203,1.0335698127746582,5.672601699829102,-4.486288070678711,1.019728422164917,-9.418632507324219,4.04549503326416,-3.9225592613220215,-1.889307975769043,-7.158578395843506,5.6869988441467285,0.6729193925857544,0.10963419079780579,4.991508960723877,2.926270008087158,-2.392031192779541,2.804994821548462,4.443709850311279,0.016004711389541626,-0.880900502204895,1.5713386535644531,5.887765884399414,-3.5078887939453125,-0.8386788964271545,0.3741786479949951,1.2955927848815918,2.629518508911133,0.9676268696784973,-1.5353847742080688,-2.4624695777893066,-0.93406742811203,0.48492228984832764,1.9595911502838135,-1.0801910161972046,1.9454201459884644,-2.149963617324829,0.3649291396141052,0.19937288761138916,0.3265383839607239,0.21899577975273132,0.2544671297073364,0.26132091879844666,0.23193809390068054,0.16414010524749756,0.07369672507047653,0.0909440815448761,0.1932474821805954,0.2622451186180115,0.26491060853004456,0.18770751357078552,0.07254485785961151,0.15140612423419952,0.25776728987693787,0.26870113611221313,0.1762906014919281,0.09810266643762589,0.1810186356306076,0.1800234019756317,0.1251787543296814,0.2043633610010147,0.21535831689834595,0.1392337679862976,0.1470780074596405,0.18167006969451904,0.15831801295280457,0.15554971992969513,0.1460028886795044,0.2227483093738556,0.2068498432636261,0.15441885590553284,0.20231159031391144,0.23798000812530518,0.18476910889148712,0.19595155119895935,0.2201182097196579,0.19402384757995605,0.20979492366313934,0.21273067593574524,0.2188975214958191,0.2214910089969635,0.22161279618740082,0.2134404480457306,0.20101255178451538,0.18074902892112732,0.1645166277885437,0.19588343799114227,0.24069492518901825,0.24776118993759155,0.21273431181907654,0.20014417171478271,0.2742123007774353,0.3574014902114868,0.3792446553707123,0.34316152334213257,0.30614179372787476,0.23885759711265564,0.16659048199653625,0.22714272141456604,0.35888293385505676,AS
../data/DWT_NEW/AS/New_AS_099.wav,119.97440338134766,-48.294654846191406,11.547233581542969,-4.897639274597168,1.791010856628418,-8.091232299804688,0.9843384027481079,-9.58544921875,2.3173322677612305,-4.670990943908691,-2.342801570892334,-8.771801948547363,4.828454971313477,0.8644598722457886,2.753413677215576,5.504613876342773,1.7730787992477417,1.271589994430542,3.3014373779296875,1.9805855751037598,-3.545592784881592,0.45343512296676636,3.973104476928711,6.1405744552612305,-1.581451177597046,2.1941962242126465,0.864081621170044,-0.28268882632255554,2.151484489440918,1.4757329225540161,-0.6015652418136597,-1.9707982540130615,-0.44268184900283813,0.497367799282074,1.4061546325683594,-0.9721382856369019,2.0943117141723633,-2.5220460891723633,1.1871540546417236,0.19624724984169006,0.3412553369998932,0.07907583564519882,0.09616908431053162,0.09573040157556534,0.07326295226812363,0.029547203332185745,0.04575730115175247,0.12001106142997742,0.18757307529449463,0.22815856337547302,0.2252202033996582,0.17198926210403442,0.09077116847038269,0.07594557851552963,0.12791843712329865,0.1270856261253357,0.07410714030265808,0.09109845757484436,0.13935226202011108,0.12909932434558868,0.08630415797233582,0.11469168961048126,0.12563660740852356,0.10740360617637634,0.09191063046455383,0.11766776442527771,0.1221928820014,0.1384984254837036,0.13058024644851685,0.1504460871219635,0.16278013586997986,0.16010157763957977,0.14099952578544617,0.1816052943468094,0.19034208357334137,0.16183030605316162,0.20163525640964508,0.20154449343681335,0.20276707410812378,0.2112642526626587,0.22279872000217438,0.22905415296554565,0.24535563588142395,0.2520512044429779,0.24776265025138855,0.2282423973083496,0.1930178999900818,0.15429937839508057,0.14828580617904663,0.1790749430656433,0.19984102249145508,0.17301687598228455,0.2259281873703003,0.30292776226997375,0.3637436330318451,0.40600016713142395,0.42043277621269226,0.37696290016174316,0.3107297122478485,0.3680688738822937,0.45420509576797485,AS
../data/DWT_NEW/AS/New_AS_038.wav,112.09510040283203,-58.15180206298828,18.667747497558594,-1.8581979274749756,10.045924186706543,-1.239919662475586,3.937976121902466,0.8706243634223938,7.644773483276367,1.4960503578186035,-3.0592920780181885,0.6945904493331909,2.2947041988372803,3.737483024597168,-8.37761116027832,6.197032928466797,-2.3474855422973633,0.671040415763855,-1.7800006866455078,-2.6272194385528564,-3.9851911067962646,-2.9070889949798584,-0.8359365463256836,0.10983777046203613,0.46947193145751953,-3.0017566680908203,4.344622611999512,-0.40571001172065735,3.110333204269409,0.447896808385849,-1.1987590789794922,-3.4606258869171143,-1.5073882341384888,0.9869340062141418,-0.0001304149627685547,0.027162224054336548,-0.7367737293243408,-0.4127807915210724,0.07085112482309341,1.0925559997558594,0.3678584694862366,0.09895806014537811,0.05373312905430794,0.011406408622860909,0.047196708619594574,0.08529611676931381,0.10875934362411499,0.11639170348644257,0.12135706841945648,0.15351997315883636,0.2165341079235077,0.2796127200126648,0.31204158067703247,0.29492688179016113,0.21856127679347992,0.11204718798398972,0.07885468006134033,0.12407925724983215,0.13453879952430725,0.204539954662323,0.29771360754966736,0.31295135617256165,0.23506158590316772,0.1558835208415985,0.14927376806735992,0.20692089200019836,0.2705942690372467,0.2499884068965912,0.17587491869926453,0.17573675513267517,0.22643616795539856,0.21158933639526367,0.16979943215847015,0.17814023792743683,0.1828741580247879,0.16081765294075012,0.15818393230438232,0.1603306233882904,0.16482782363891602,0.17948341369628906,0.2036491334438324,0.23153159022331238,0.25837209820747375,0.26904216408729553,0.256600558757782,0.23052556812763214,0.20941521227359772,0.2191120833158493,0.25296521186828613,0.2823653519153595,0.28886324167251587,0.27909186482429504,0.26089856028556824,0.22632813453674316,0.1694622039794922,0.07596556097269058,0.07106313109397888,0.12308277934789658,0.13207362592220306,0.12749113142490387,0.13616903126239777,AS
../data/DWT_NEW/AS/New_AS_088.wav,119.23289489746094,-56.626708984375,6.856683254241943,-8.129063606262207,6.282148838043213,-4.385528564453125,5.69035530090332,3.531543254852295,13.20803165435791,7.136436939239502,5.08718204498291,1.1119425296783447,3.624018669128418,6.052506923675537,-3.876082420349121,5.771299362182617,2.154771327972412,3.973295211791992,0.1638294756412506,-4.417298793792725,-0.30591699481010437,-1.6439385414123535,0.21663853526115417,1.6913433074951172,1.6511516571044922,-1.7235510349273682,2.5214881896972656,0.22993628680706024,1.3940038681030273,0.5254887342453003,-2.180579900741577,-2.085552453994751,-2.802950382232666,-0.5090425610542297,-2.4222850799560547,-2.0065665245056152,-1.8771085739135742,1.0238245725631714,-0.8955156207084656,2.824164628982544,0.3557976484298706,0.20407523214817047,0.20779269933700562,0.20996977388858795,0.2106229066848755,0.2109723687171936,0.21467536687850952,0.22070157527923584,0.22360917925834656,0.21980232000350952,0.20928043127059937,0.20068980753421783,0.2110968828201294,0.24203535914421082,0.26691529154777527,0.2620506286621094,0.22645333409309387,0.18167972564697266,0.1596224009990692,0.1578827202320099,0.18320587277412415,0.2193039357662201,0.21210241317749023,0.15192310512065887,0.07569332420825958,0.0908905416727066,0.12875083088874817,0.135222390294075,0.09138436615467072,0.054608359932899475,0.08863644301891327,0.12009571492671967,0.12886667251586914,0.13714291155338287,0.15726077556610107,0.16314727067947388,0.1442376971244812,0.12135651707649231,0.09745778143405914,0.07709550112485886,0.07606381177902222,0.08376039564609528,0.10784570872783661,0.14498846232891083,0.17755939066410065,0.195461243391037,0.1967645287513733,0.19059383869171143,0.1945461928844452,0.20700788497924805,0.24875526130199432,0.30568927526474,0.3425796627998352,0.29849955439567566,0.21102678775787354,0.23991236090660095,0.2618543803691864,0.3096771240234375,0.27617520093917847,0.20770467817783356,0.17316481471061707,AS
../data/DWT_NEW/AS/New_AS_192.wav,69.52864074707031,-75.1868667602539,27.40338706970215,-18.79147720336914,4.2804107666015625,6.049767017364502,-6.035638332366943,5.417961597442627,-6.681954383850098,1.7215406894683838,-1.9021296501159668,-2.661588191986084,4.302881240844727,-0.852054238319397,5.228497505187988,-0.08260618150234222,4.15020751953125,0.4875538945198059,3.5553295612335205,1.1100952625274658,3.8314833641052246,1.8237380981445312,2.676771402359009,-0.54310142993927,-8.531834602355957,-1.0755021572113037,2.8254001140594482,3.549358606338501,0.88706374168396,-2.4225924015045166,-6.507665634155273,-2.195826530456543,1.8610106706619263,-2.8599236011505127,-0.20720869302749634,0.3468933701515198,-0.8359439969062805,0.2691003680229187,0.6164246201515198,1.7773250341415405,0.35520514845848083,0.11694842576980591,0.10453875362873077,0.07572078704833984,0.03314740210771561,0.026865903288125992,0.07494016736745834,0.11081574112176895,0.12493932992219925,0.12162268906831741,0.1127076968550682,0.09839976578950882,0.06657205522060394,0.02912231720983982,0.06268348544836044,0.09563992917537689,0.09158741682767868,0.06515418738126755,0.05473107844591141,0.06036284565925598,0.045377105474472046,0.05431549623608589,0.09040811657905579,0.09821135550737381,0.08252156525850296,0.08956335484981537,0.07834431529045105,0.0587669312953949,0.05114845931529999,0.05158979073166847,0.057300981134176254,0.05648408085107803,0.09434869885444641,0.12412610650062561,0.0814267173409462,0.09577019512653351,0.051349278539419174,0.11294611543416977,0.10290440917015076,0.15137127041816711,0.11145149916410446,0.11372721195220947,0.11029376834630966,0.13576091825962067,0.10447421669960022,0.0884506106376648,0.08668076246976852,0.1168162003159523,0.107017882168293,0.11848625540733337,0.11895596981048584,0.10540808737277985,0.09716185927391052,0.11627735197544098,0.14936405420303345,0.15134692192077637,0.13168172538280487,0.13890045881271362,0.1409120410680771,0.13441285490989685,0.15712058544158936,AS
../data/DWT_NEW/AS/New_AS_004.wav,141.89410400390625,-57.85382080078125,13.83415412902832,-1.446449875831604,6.867148399353027,-9.803692817687988,-0.18796736001968384,-10.025785446166992,2.9387035369873047,-0.5997761487960815,3.4991238117218018,3.9610719680786133,2.757225751876831,-3.120171070098877,-5.784416198730469,5.809067249298096,-1.7410187721252441,-1.7409663200378418,-2.3332200050354004,0.7732041478157043,-2.3551292419433594,-3.137878894805908,-0.7282280921936035,1.6853232383728027,-4.032005310058594,-1.6260795593261719,-0.6702247858047485,0.16439306735992432,0.6564513444900513,2.3143486976623535,0.3429240584373474,-2.8885340690612793,-0.6600567102432251,4.150508880615234,2.0130529403686523,-0.19037242233753204,1.4074740409851074,-1.103569746017456,-0.42673763632774353,-0.25338903069496155,0.4767119288444519,0.18845635652542114,0.18768790364265442,0.18212436139583588,0.17272421717643738,0.16052722930908203,0.14788557589054108,0.13459937274456024,0.12192381918430328,0.11854083836078644,0.1307530701160431,0.1481994390487671,0.16099320352077484,0.1768750250339508,0.1976165920495987,0.20618659257888794,0.17147454619407654,0.12915967404842377,0.20579615235328674,0.2487448751926422,0.19592641294002533,0.16457265615463257,0.20730282366275787,0.19662776589393616,0.28220173716545105,0.2978513836860657,0.24290797114372253,0.21270790696144104,0.25218185782432556,0.2790263891220093,0.22605976462364197,0.1734202355146408,0.1889164298772812,0.15355972945690155,0.13029639422893524,0.14191709458827972,0.1406506896018982,0.17203167080879211,0.18231341242790222,0.20270222425460815,0.21850983798503876,0.2324468046426773,0.25098076462745667,0.25354236364364624,0.22573882341384888,0.17810598015785217,0.15936397016048431,0.17721609771251678,0.19961698353290558,0.2030785083770752,0.1806563138961792,0.11569240689277649,0.15461426973342896,0.2584788203239441,0.3197679817676544,0.3364301323890686,0.35117587447166443,0.40253913402557373,0.41790294647216797,0.45218291878700256,0.5102296471595764,AS
../data/DWT_NEW/AS/New_AS_183.wav,164.88613891601562,9.9342679977417,-9.678740501403809,-1.0460848808288574,-4.106661796569824,-1.1566964387893677,-9.745250701904297,-3.2413010597229004,1.6283016204833984,11.624517440795898,-2.9303271770477295,-6.536258697509766,-2.2570743560791016,-3.0179009437561035,4.555779457092285,6.637291431427002,-1.9094488620758057,3.051123857498169,-6.075380802154541,1.291623592376709,7.638890266418457,4.790663719177246,0.05190229415893555,-2.564180374145508,1.502983808517456,-1.0572611093521118,3.8609201908111572,5.494254112243652,0.24388813972473145,-4.7900166511535645,1.3369739055633545,2.1563398838043213,0.3710745871067047,0.7424312233924866,-3.1850762367248535,0.8864121437072754,-2.4267725944519043,0.0992562472820282,1.0498905181884766,2.031367778778076,0.2916181683540344,0.36820170283317566,0.3615797162055969,0.34543970227241516,0.3066689074039459,0.23428894579410553,0.13093119859695435,0.06962564587593079,0.2040001004934311,0.34540802240371704,0.4521763324737549,0.5061125159263611,0.525349497795105,0.5420013666152954,0.5616642236709595,0.502314567565918,0.32863539457321167,0.14683163166046143,0.19891996681690216,0.19738537073135376,0.2915557622909546,0.45730942487716675,0.42662176489830017,0.3284645676612854,0.38638341426849365,0.37181851267814636,0.3321353793144226,0.34599804878234863,0.5034169554710388,0.6161701679229736,0.5207168459892273,0.3987395167350769,0.6214712262153625,0.683864951133728,0.5493268370628357,0.6154173016548157,0.6701188087463379,0.6572126150131226,0.6986154317855835,0.7607011795043945,0.8321781158447266,0.9009345769882202,0.9524980783462524,0.9625468254089355,0.9330453872680664,0.872689425945282,0.7728120684623718,0.8046172261238098,0.7999140024185181,0.7070915699005127,0.6206576824188232,0.5242277383804321,0.4159611165523529,0.42791739106178284,0.5102633237838745,0.4437483251094818,0.2720688581466675,0.5179173350334167,0.8164414763450623,0.8851175308227539,0.7748409509658813,AS
../data/DWT_NEW/AS/New_AS_029.wav,102.35685729980469,-41.193626403808594,21.169475555419922,3.5088741779327393,9.631734848022461,-3.616931676864624,-0.1863800287246704,-7.389316558837891,3.470632791519165,-5.657496929168701,-3.402919292449951,-7.851201057434082,4.799478530883789,1.9802093505859375,2.253394365310669,6.700972080230713,3.5667967796325684,-2.7000837326049805,0.07375171780586243,2.759714126586914,0.7479739785194397,-0.8187010288238525,0.5454209446907043,5.602084636688232,-1.522225022315979,-0.9572342038154602,0.6156305074691772,0.8880645036697388,1.9730312824249268,0.46159040927886963,-1.3355449438095093,-2.192628860473633,-2.661099433898926,-0.2308376282453537,3.3458075523376465,-2.2512106895446777,0.6249899864196777,-1.8542919158935547,0.2785089313983917,0.2766312062740326,0.27188774943351746,0.23359648883342743,0.26421070098876953,0.26860684156417847,0.24018168449401855,0.17794212698936462,0.09908436238765717,0.09014974534511566,0.16869063675403595,0.2227911353111267,0.21502387523651123,0.134544238448143,0.06825599819421768,0.1975037157535553,0.2953125238418579,0.29156577587127686,0.18496370315551758,0.09602576494216919,0.16464674472808838,0.15119968354701996,0.13841792941093445,0.23232513666152954,0.23408155143260956,0.14887043833732605,0.12019749730825424,0.12913291156291962,0.17225714027881622,0.17719291150569916,0.1352490931749344,0.16563454270362854,0.1694006472826004,0.17214953899383545,0.1537555754184723,0.18722710013389587,0.18177607655525208,0.15349942445755005,0.1792643517255783,0.17167146503925323,0.17805489897727966,0.18692690134048462,0.19678270816802979,0.19271905720233917,0.1908409297466278,0.17741051316261292,0.15746919810771942,0.12468887865543365,0.08483148366212845,0.08495771884918213,0.12071172893047333,0.13724735379219055,0.13099995255470276,0.15659505128860474,0.21449829638004303,0.2904968559741974,0.32750222086906433,0.30376628041267395,0.271700918674469,0.23600652813911438,0.2182096540927887,0.2742708623409271,0.33071374893188477,AS
../data/DWT_NEW/AS/New_AS_165.wav,175.48590087890625,17.14388084411621,-5.304671764373779,6.557760715484619,-2.4919047355651855,-0.24085290729999542,-5.039172172546387,5.5478901863098145,5.401719093322754,4.00705623626709,3.0468409061431885,2.934475898742676,3.723180055618286,-3.708752155303955,-6.044328689575195,-2.3831865787506104,-0.6740038394927979,-1.1117044687271118,-0.23176133632659912,5.206303119659424,5.035704612731934,-4.4885358810424805,4.51396369934082,-2.231719493865967,-2.312676191329956,0.14506417512893677,5.051656723022461,-4.546079635620117,-1.7707297801971436,3.8518226146698,-1.1669422388076782,-1.825556993484497,0.6850458979606628,-0.46204984188079834,0.5682660341262817,-3.0605387687683105,2.259308338165283,-0.6292988061904907,-3.0738277435302734,1.7025301456451416,0.32641899585723877,0.9749132394790649,0.7986726760864258,0.520072340965271,0.18549197912216187,0.22517460584640503,0.4876873791217804,0.5826171636581421,0.43769001960754395,0.1586160808801651,0.6030815243721008,1.0838371515274048,1.2875986099243164,1.083523154258728,0.5932610630989075,0.361274778842926,0.42995256185531616,0.35150375962257385,0.829578161239624,1.1190955638885498,0.8811320066452026,0.43839362263679504,0.4067296087741852,0.7259325981140137,0.9232289791107178,0.7016761302947998,0.5007632374763489,0.7726395130157471,0.9175505638122559,0.6695999503135681,0.7510257959365845,0.9591379165649414,0.7791136503219604,0.8768376111984253,0.9056322574615479,0.8403034210205078,0.8696011304855347,0.8128271102905273,0.7961665391921997,0.737999677658081,0.7391923666000366,0.7519578337669373,0.7536227703094482,0.7318757772445679,0.8033642172813416,0.9461663961410522,1.0785529613494873,1.116914987564087,1.0085785388946533,0.9287065267562866,0.911956787109375,0.8769626617431641,0.8018693923950195,0.6737632751464844,0.6358121633529663,0.7264137864112854,0.8299160003662109,0.739923357963562,0.6983318328857422,0.7576326131820679,0.5897417664527893,AS
../data/DWT_NEW/AS/New_AS_081.wav,115.45942687988281,-59.03572082519531,14.299335479736328,-2.0713400840759277,10.73840618133545,-6.739768981933594,3.4064273834228516,-2.1813793182373047,2.738085985183716,3.3057262897491455,4.291152000427246,3.8974413871765137,2.201601266860962,-1.2047667503356934,-7.342387676239014,7.753752708435059,2.104977607727051,-0.8357650637626648,-4.7261505126953125,-1.9787111282348633,-5.886273384094238,-5.621271133422852,-3.1130599975585938,-0.26963549852371216,-3.1867494583129883,-0.3550848364830017,0.7771655321121216,1.0193121433258057,-0.3091433644294739,-0.051527947187423706,-1.1056658029556274,-2.1775288581848145,0.015242189168930054,3.945042133331299,0.009838871657848358,-0.29171454906463623,-0.8972691297531128,-2.0776116847991943,1.1129577159881592,0.23243623971939087,0.36886656284332275,0.1821696013212204,0.1899905800819397,0.1879166066646576,0.17558059096336365,0.15649226307868958,0.1417263299226761,0.14107173681259155,0.15083655714988708,0.15785036981105804,0.15318582952022552,0.14292019605636597,0.15543575584888458,0.19510111212730408,0.2314058542251587,0.23240913450717926,0.19063296914100647,0.16419358551502228,0.21911627054214478,0.24728336930274963,0.210304856300354,0.18396404385566711,0.19906127452850342,0.17993952333927155,0.2409476935863495,0.2568599581718445,0.20961901545524597,0.175583615899086,0.17879489064216614,0.19481967389583588,0.17223352193832397,0.15431153774261475,0.12546734511852264,0.10992021858692169,0.11372514814138412,0.10185860097408295,0.10868529975414276,0.1305953860282898,0.1450079381465912,0.16535712778568268,0.19000281393527985,0.20866209268569946,0.22614607214927673,0.22922304272651672,0.2037898600101471,0.14212651550769806,0.0591355562210083,0.07233989238739014,0.12993164360523224,0.16884125769138336,0.17951418459415436,0.17683573067188263,0.17436128854751587,0.173134446144104,0.18192657828330994,0.21183325350284576,0.26781219244003296,0.32422107458114624,0.3743898570537567,0.4013010859489441,0.3833646774291992,AS
../data/DWT_NEW/AS/New_AS_005.wav,140.9853515625,-56.34699630737305,13.939962387084961,-11.105013847351074,11.915613174438477,-0.9287487864494324,5.009528160095215,-1.3882100582122803,6.005212783813477,4.164719581604004,0.1729339361190796,-2.585042953491211,1.2164523601531982,5.058445930480957,-3.1209006309509277,10.103134155273438,-1.2907545566558838,-1.5551695823669434,1.3630650043487549,4.9614644050598145,-2.2103123664855957,-1.7440879344940186,0.7196280360221863,1.1342493295669556,-2.5596060752868652,-2.6168270111083984,2.145967960357666,-2.325748920440674,-0.32316094636917114,1.958311915397644,-0.40735095739364624,-3.9241552352905273,-1.875124216079712,0.09659004211425781,-0.3355432450771332,1.3863277435302734,-1.492410659790039,-0.32154741883277893,-1.2966214418411255,1.7302229404449463,0.49348193407058716,0.32953882217407227,0.36379650235176086,0.3640504479408264,0.3225332200527191,0.2387186586856842,0.13390451669692993,0.10766282677650452,0.2015165388584137,0.2672729194164276,0.255817174911499,0.15288032591342926,0.09173144400119781,0.2658956050872803,0.3905296325683594,0.3778301179409027,0.23052114248275757,0.15299542248249054,0.256011039018631,0.22171340882778168,0.19242921471595764,0.31231993436813354,0.30468857288360596,0.21028271317481995,0.20202846825122833,0.205969899892807,0.2422695904970169,0.22971755266189575,0.16954681277275085,0.16275930404663086,0.2042495608329773,0.1749420166015625,0.1291702687740326,0.17496611177921295,0.17405740916728973,0.14281001687049866,0.1670905500650406,0.1768774837255478,0.19423100352287292,0.21315070986747742,0.23077437281608582,0.2364555299282074,0.24440684914588928,0.24064850807189941,0.22745797038078308,0.20804083347320557,0.1898224949836731,0.18338237702846527,0.18870632350444794,0.19325388967990875,0.20235486328601837,0.23907619714736938,0.33267876505851746,0.4684494137763977,0.5596867799758911,0.5407769680023193,0.4517880082130432,0.4080652594566345,0.4469051957130432,0.5254821181297302,0.5565958619117737,AS
../data/DWT_NEW/AS/New_AS_046.wav,124.12245178222656,-47.779823303222656,17.15427017211914,0.10047459602355957,3.543349266052246,-8.218470573425293,-2.551337957382202,-13.314338684082031,-0.18162158131599426,-7.318241119384766,-4.0386738777160645,-8.575031280517578,2.7936301231384277,-3.0562121868133545,-3.140744686126709,4.357640743255615,0.20656615495681763,0.28177231550216675,-1.0831955671310425,-1.3969208002090454,-3.550896167755127,-0.8855417370796204,1.9757000207901,3.9051671028137207,-0.8412267565727234,0.9340405464172363,-1.386334776878357,3.312765598297119,2.036761522293091,0.485380619764328,-0.44027531147003174,2.300910472869873,0.3351198434829712,2.202908515930176,2.1039700508117676,0.6593203544616699,2.523322105407715,0.13519510626792908,2.2888383865356445,-0.24600288271903992,0.35624077916145325,0.08854256570339203,0.09952917695045471,0.097368523478508,0.07977931201457977,0.049679920077323914,0.03338340297341347,0.0679360181093216,0.10504506528377533,0.12691384553909302,0.12976083159446716,0.11921928077936172,0.10754035413265228,0.09413391351699829,0.07325635850429535,0.07463127374649048,0.09129969775676727,0.07060088962316513,0.0845213234424591,0.1682780683040619,0.18117977678775787,0.12486600130796432,0.14421308040618896,0.16256625950336456,0.21407917141914368,0.2660210132598877,0.22730198502540588,0.2197120636701584,0.19711501896381378,0.2644944489002228,0.24362249672412872,0.23119229078292847,0.17010799050331116,0.20043903589248657,0.20305684208869934,0.1246405839920044,0.1500028669834137,0.12447603046894073,0.11305703222751617,0.12165607511997223,0.13673387467861176,0.14941835403442383,0.16452917456626892,0.16970936954021454,0.16394373774528503,0.13716068863868713,0.1099020391702652,0.10755880177021027,0.11853696405887604,0.09746084362268448,0.09689078480005264,0.11935622245073318,0.15052518248558044,0.20147807896137238,0.2568279504776001,0.3111381530761719,0.3504680395126343,0.32833293080329895,0.24612455070018768,0.2852049171924591,0.3866209387779236,AS
../data/DWT_NEW/AS/New_AS_186.wav,140.83786010742188,-23.659923553466797,19.740825653076172,-11.025670051574707,-6.957000732421875,5.4343061447143555,-12.074739456176758,2.454296112060547,6.927947044372559,1.1776254177093506,-8.078676223754883,6.1717529296875,-1.5170069932937622,-6.4858856201171875,-0.935641884803772,1.8038554191589355,-6.101884841918945,4.103449821472168,-2.553243398666382,6.104379653930664,-1.9992083311080933,-0.39409029483795166,4.718019485473633,5.2814788818359375,1.3736268281936646,2.1236348152160645,2.4502649307250977,6.544188499450684,-2.150650978088379,2.0837347507476807,1.921212077140808,-0.40832188725471497,-6.272785186767578,-1.9844640493392944,-0.05710360407829285,0.7208519577980042,0.7546215057373047,1.0849761962890625,-2.546022653579712,-1.9472755193710327,0.32045620679855347,0.386316180229187,0.410074919462204,0.4173879027366638,0.4020199775695801,0.3597168028354645,0.295158326625824,0.2143854796886444,0.12860983610153198,0.055458806455135345,0.0424191839993,0.09705059230327606,0.1749573051929474,0.2633947432041168,0.3389790654182434,0.3701568841934204,0.3316100835800171,0.2289101779460907,0.12674367427825928,0.1682729721069336,0.19952139258384705,0.20021235942840576,0.21564583480358124,0.18967917561531067,0.15880551934242249,0.22798612713813782,0.24660776555538177,0.3326852023601532,0.36666300892829895,0.3080955147743225,0.28510451316833496,0.37298038601875305,0.39475178718566895,0.3237614631652832,0.27533262968063354,0.3006017208099365,0.2741135358810425,0.20960114896297455,0.15789565443992615,0.201590895652771,0.2615172863006592,0.32185226678848267,0.36145031452178955,0.3577800989151001,0.2881803810596466,0.32102006673812866,0.3508671522140503,0.3625803291797638,0.3765289783477783,0.430690735578537,0.407641738653183,0.2630614638328552,0.09298702329397202,0.18129734694957733,0.31772637367248535,0.4089492857456207,0.42452356219291687,0.34709838032722473,0.2005201280117035,0.08634668588638306,0.09655589610338211,AS
../data/DWT_NEW/AS/New_AS_017.wav,137.7479705810547,-56.359840393066406,13.050722122192383,2.905611753463745,11.580832481384277,-7.48494291305542,5.332123756408691,0.2421419620513916,12.39556884765625,2.7588412761688232,0.8752126693725586,-1.6057056188583374,3.673593521118164,1.118180513381958,-1.8432259559631348,3.254305124282837,3.4664058685302734,-1.6665353775024414,-0.5797474384307861,-0.7750493288040161,-2.3091166019439697,-0.3976539969444275,0.6718031167984009,3.692021369934082,-0.46905767917633057,-2.75006103515625,1.1029971837997437,-3.588465452194214,2.0159058570861816,1.685701608657837,-0.9071776866912842,-5.094310760498047,-2.268611192703247,-1.187996506690979,2.6567893028259277,-0.1765831708908081,0.2105483114719391,-2.3092427253723145,-2.5170819759368896,3.4708995819091797,0.4512365758419037,0.3399176001548767,0.36608946323394775,0.36407148838043213,0.32910218834877014,0.267042875289917,0.2130155861377716,0.22491653263568878,0.28621309995651245,0.3236199617385864,0.2901986241340637,0.17802080512046814,0.13800230622291565,0.3086596727371216,0.42520150542259216,0.4090576767921448,0.2734229564666748,0.2172238528728485,0.2997308373451233,0.24986928701400757,0.21934694051742554,0.353854238986969,0.3451443612575531,0.2348126769065857,0.21676644682884216,0.2270340919494629,0.2771024703979492,0.25790655612945557,0.17556726932525635,0.18242958188056946,0.23670366406440735,0.18679895997047424,0.13810506463050842,0.20519205927848816,0.1829477846622467,0.14350539445877075,0.17093847692012787,0.15631318092346191,0.15578928589820862,0.1755152940750122,0.1971920132637024,0.21502968668937683,0.23877154290676117,0.25038212537765503,0.24890606105327606,0.23011645674705505,0.2018158733844757,0.19332191348075867,0.21048757433891296,0.223506361246109,0.21987679600715637,0.26702165603637695,0.3633314073085785,0.432293176651001,0.4284791350364685,0.36396631598472595,0.31135037541389465,0.3134271502494812,0.3287825584411621,0.3333246111869812,0.3274257779121399,AS
../data/DWT_NEW/AS/New_AS_200.wav,179.43359375,-45.07258605957031,-24.661094665527344,40.64973449707031,-15.314891815185547,-0.7155905961990356,8.635038375854492,-0.11481940746307373,3.7778990268707275,-0.10607613623142242,-8.028755187988281,-13.93073558807373,-4.185298919677734,2.3236966133117676,4.135087490081787,3.5841126441955566,-0.012261927127838135,2.282230854034424,10.580211639404297,6.073920249938965,0.8256818056106567,-0.7842828631401062,-3.5767223834991455,0.6172335743904114,1.3362855911254883,-3.660234212875366,-1.1364463567733765,-3.559002637863159,-6.1849164962768555,-1.881422996520996,2.6603519916534424,-0.848415195941925,-3.9742259979248047,-1.9887361526489258,-0.20688726007938385,1.372161626815796,-1.210304856300354,-1.4430797100067139,-0.7525191307067871,-3.1797995567321777,0.6331390738487244,0.15896126627922058,0.1731497049331665,0.2535587251186371,0.3529745936393738,0.4279685616493225,0.45100659132003784,0.4087170958518982,0.3158022165298462,0.2397981584072113,0.25315338373184204,0.27425408363342285,0.23209375143051147,0.24564826488494873,0.3992805480957031,0.48934614658355713,0.4224987030029297,0.2909170687198639,0.28682613372802734,0.2299094945192337,0.29394274950027466,0.3990957736968994,0.3176674246788025,0.25323286652565,0.2271498143672943,0.2077413648366928,0.2406158298254013,0.2587137818336487,0.2848644256591797,0.3119444251060486,0.2759515643119812,0.32610058784484863,0.42893779277801514,0.2911534309387207,0.497816801071167,0.5571175217628479,0.4753800630569458,0.5970590114593506,0.505945086479187,0.5467528104782104,0.44232577085494995,0.36775684356689453,0.2860424518585205,0.2490696907043457,0.2472526580095291,0.28522342443466187,0.32754555344581604,0.31384962797164917,0.3071479797363281,0.29331275820732117,0.369079053401947,0.37498044967651367,0.3839529752731323,0.3804444372653961,0.417469322681427,0.5114061236381531,0.4484728276729584,0.2556896507740021,0.08045406639575958,0.21043086051940918,0.31599748134613037,AS
../data/DWT_NEW/AS/New_AS_042.wav,107.59100341796875,-51.79936981201172,18.710765838623047,2.611415386199951,10.180130958557129,-4.363532066345215,7.403347015380859,0.3805299997329712,12.362096786499023,7.117572784423828,-2.8193881511688232,-1.7745944261550903,5.64835786819458,5.4234724044799805,-0.8720803260803223,8.452951431274414,0.2073497474193573,-2.9725441932678223,-3.2617835998535156,-0.7972235083580017,-3.376713752746582,-5.629680633544922,-4.821192741394043,1.959832787513733,-2.739168643951416,-0.2780050039291382,3.015014410018921,2.126667022705078,1.0804965496063232,0.7079853415489197,0.08438050746917725,-2.4273533821105957,-0.45309269428253174,0.9886106252670288,2.196587562561035,-1.8398988246917725,0.28749269247055054,-0.5193999409675598,1.1399962902069092,0.7011991739273071,0.3226718604564667,0.2482474148273468,0.2152109295129776,0.17768961191177368,0.15442325174808502,0.165871262550354,0.20230424404144287,0.2340756505727768,0.24124667048454285,0.2266809493303299,0.22162190079689026,0.26311594247817993,0.32601410150527954,0.35342341661453247,0.3160126805305481,0.2196761667728424,0.12299326807260513,0.14201053977012634,0.20497329533100128,0.28944265842437744,0.3525412380695343,0.32839149236679077,0.22281715273857117,0.1051122397184372,0.15179620683193207,0.2602863907814026,0.2601984739303589,0.16706298291683197,0.11180946230888367,0.14411884546279907,0.1630103588104248,0.13061049580574036,0.09553439915180206,0.11077750474214554,0.12547731399536133,0.1122865080833435,0.11496367305517197,0.13272656500339508,0.16027699410915375,0.17946206033229828,0.1912127137184143,0.19547247886657715,0.1959235519170761,0.19010517001152039,0.1760580837726593,0.1528138965368271,0.11865907907485962,0.0843762457370758,0.08933916687965393,0.13183534145355225,0.19680555164813995,0.26179012656211853,0.2968921959400177,0.2917550504207611,0.2789771258831024,0.2355719357728958,0.1513555496931076,0.17725886404514313,0.19305208325386047,0.17476968467235565,0.11022329330444336,AS
../data/DWT_NEW/AS/New_AS_129.wav,136.7991485595703,-22.161754608154297,10.916838645935059,-19.6690673828125,-0.780410647392273,0.573919951915741,-7.648654937744141,13.378517150878906,-11.19788932800293,-7.623929977416992,14.035482406616211,1.371652364730835,8.54395866394043,6.913327217102051,-1.9202468395233154,3.1149466037750244,6.159052848815918,1.8759610652923584,3.609124183654785,6.728900909423828,-6.176033973693848,-1.8010096549987793,2.8686113357543945,-5.557293891906738,-2.616708993911743,6.7203192710876465,0.5265325307846069,3.193589687347412,-3.763496160507202,0.7861043810844421,-0.42978477478027344,-6.707127571105957,0.028053104877471924,0.8536484241485596,-4.331544876098633,0.12469196319580078,1.7867240905761719,-1.5648411512374878,2.099917411804199,-1.1162447929382324,0.31390684843063354,0.25449758768081665,0.18736569583415985,0.10376141965389252,0.02345743589103222,0.09821535646915436,0.1799052506685257,0.23737767338752747,0.2642360031604767,0.27645671367645264,0.3065328001976013,0.36315053701400757,0.41127586364746094,0.4025287628173828,0.32314953207969666,0.1903858631849289,0.07486026734113693,0.11355219781398773,0.13986942172050476,0.25731486082077026,0.36444568634033203,0.3468152582645416,0.21937409043312073,0.13580402731895447,0.13475249707698822,0.17801907658576965,0.21996226906776428,0.19251346588134766,0.1580972820520401,0.1196117252111435,0.09269487857818604,0.07704918831586838,0.04990280047059059,0.12466726452112198,0.20965613424777985,0.1916804015636444,0.23896315693855286,0.3184155225753784,0.36107850074768066,0.4439673125743866,0.5318549275398254,0.5897952914237976,0.6062201261520386,0.5660742521286011,0.47962242364883423,0.4051741361618042,0.3894995450973511,0.44114798307418823,0.5119394659996033,0.5351733565330505,0.4549977481365204,0.3243088722229004,0.2621317505836487,0.1839430332183838,0.15144187211990356,0.35585179924964905,0.5186647772789001,0.5405299067497253,0.38795411586761475,0.14745192229747772,0.11458571255207062,AS
../data/DWT_NEW/AS/New_AS_021.wav,148.93614196777344,-45.445945739746094,19.478456497192383,0.48168063163757324,8.332539558410645,-8.619333267211914,2.426518201828003,-2.0928125381469727,2.185389995574951,-0.14246231317520142,-3.3844776153564453,-3.4520437717437744,-1.0109493732452393,2.544240951538086,-3.420778274536133,7.861913204193115,1.8955609798431396,-0.6292921900749207,4.343756198883057,1.0762301683425903,-1.1828384399414062,-3.5868711471557617,3.3313260078430176,2.7008557319641113,1.9478356838226318,-5.18589973449707,0.6858009696006775,-0.844078540802002,0.38459622859954834,1.159389853477478,-0.4257849454879761,-0.7964545488357544,-1.8075811862945557,3.9698398113250732,-1.6343132257461548,0.18832601606845856,-2.2175259590148926,2.2515904903411865,-0.4326665699481964,0.4133938252925873,0.4539242386817932,0.10238446295261383,0.1255103051662445,0.14598076045513153,0.14922086894512177,0.1336987316608429,0.12330520153045654,0.16538770496845245,0.25315624475479126,0.3498363494873047,0.4255675673484802,0.45173215866088867,0.41602468490600586,0.3090953826904297,0.18527039885520935,0.13088713586330414,0.1584114283323288,0.16010071337223053,0.22344543039798737,0.3567463755607605,0.4185180068016052,0.3400838375091553,0.1978292316198349,0.13860878348350525,0.18319205939769745,0.3226807713508606,0.35042351484298706,0.24328204989433289,0.16181680560112,0.2714276909828186,0.3161885738372803,0.23956510424613953,0.2934737205505371,0.347098708152771,0.3504889905452728,0.4180803894996643,0.44204482436180115,0.46026480197906494,0.47829318046569824,0.4643602669239044,0.4423973560333252,0.4092932343482971,0.3748251497745514,0.3442373275756836,0.31706833839416504,0.3088409900665283,0.32581594586372375,0.35393333435058594,0.38298147916793823,0.4187144637107849,0.45199936628341675,0.4669122099876404,0.4445788860321045,0.34499192237854004,0.21520912647247314,0.19866475462913513,0.33267539739608765,0.3464759588241577,0.31636834144592285,0.350045382976532,0.36441904306411743,AS
../data/DWT_NEW/AS/New_AS_034.wav,114.8559341430664,-53.065040588378906,16.941978454589844,3.7209949493408203,11.94587516784668,-2.9022023677825928,6.101356506347656,-0.6659789085388184,6.585333824157715,4.641049385070801,2.8621630668640137,0.7068888545036316,3.7116334438323975,1.5197519063949585,-3.4298386573791504,4.33527135848999,-0.6763468980789185,-4.055231094360352,-2.5850424766540527,-4.216427326202393,-0.44022178649902344,-3.1871488094329834,-1.5051952600479126,3.638604164123535,1.6427258253097534,-2.406313180923462,1.2366633415222168,-0.9185884594917297,2.104647159576416,0.42590516805648804,-1.8289345502853394,-2.618408441543579,0.6739891171455383,0.6979602575302124,2.996629476547241,-1.2968963384628296,-1.374901533126831,-0.18090564012527466,-1.504281997680664,2.6668615341186523,0.3429630696773529,0.28485679626464844,0.3130504786968231,0.3188287615776062,0.2964171767234802,0.247147798538208,0.19251278042793274,0.17826402187347412,0.2197093516588211,0.259602427482605,0.2498188316822052,0.1736936867237091,0.11059451103210449,0.24229618906974792,0.35259300470352173,0.3531039357185364,0.23800155520439148,0.18403857946395874,0.28337591886520386,0.25340139865875244,0.1972426325082779,0.31631821393966675,0.30859243869781494,0.24357697367668152,0.27494075894355774,0.25851279497146606,0.2753928005695343,0.27045947313308716,0.25006502866744995,0.24393227696418762,0.253006249666214,0.2286529242992401,0.20633777976036072,0.22066166996955872,0.20595693588256836,0.180149644613266,0.18988993763923645,0.1927734911441803,0.1866050362586975,0.1904822736978531,0.19154410064220428,0.19512292742729187,0.2128562033176422,0.22958879172801971,0.23501941561698914,0.2201525866985321,0.1826409250497818,0.147317573428154,0.1314009130001068,0.13438458740711212,0.17531462013721466,0.22748920321464539,0.2820841073989868,0.3150605261325836,0.3136666715145111,0.28689199686050415,0.26550546288490295,0.24773912131786346,0.24586163461208344,0.3206445574760437,0.393218994140625,AS
../data/DWT_NEW/AS/New_AS_030.wav,99.60350799560547,-59.98395538330078,16.977523803710938,-3.404616355895996,10.676141738891602,-1.5758030414581299,-0.20653963088989258,-11.491661071777344,-9.883376121520996,-6.641514778137207,-8.622671127319336,-7.347855567932129,-2.1290533542633057,0.6950819492340088,-3.8244996070861816,7.648997783660889,-0.5526661276817322,-0.18603995442390442,2.6634271144866943,1.8697404861450195,-2.8182315826416016,-4.261892318725586,4.810311317443848,4.845418930053711,1.7436320781707764,-2.781989812850952,3.4218621253967285,2.155266761779785,4.729747295379639,2.3732869625091553,1.8618085384368896,-3.1530227661132812,0.9509681463241577,0.6013237833976746,4.801219940185547,0.5391192436218262,0.20286016166210175,2.284064769744873,-0.1707531362771988,1.2735109329223633,0.3264048993587494,0.025401394814252853,0.03509979695081711,0.04010949283838272,0.04225488007068634,0.04841991513967514,0.06491032242774963,0.08766770362854004,0.10698925703763962,0.11484450101852417,0.10596086084842682,0.07971487939357758,0.04534678906202316,0.03357464075088501,0.05424495041370392,0.06619451940059662,0.05823080241680145,0.049852512776851654,0.07926829159259796,0.09205712378025055,0.06636857241392136,0.052731823176145554,0.07101225852966309,0.09981466084718704,0.1679115742444992,0.1701585352420807,0.11455030739307404,0.10883298516273499,0.18053780496120453,0.20973661541938782,0.16774651408195496,0.19448848068714142,0.22926120460033417,0.21531346440315247,0.2584383189678192,0.27897903323173523,0.27017027139663696,0.2812662422657013,0.2740582823753357,0.2618386745452881,0.2508721649646759,0.25464218854904175,0.2607074975967407,0.2560245394706726,0.23091340065002441,0.1888059377670288,0.1516394168138504,0.13563907146453857,0.1320958137512207,0.13412557542324066,0.13611845672130585,0.1261989027261734,0.16913458704948425,0.1759655475616455,0.14717674255371094,0.08522170782089233,0.10472957044839859,0.20918981730937958,0.26121294498443604,0.31694474816322327,0.3157563805580139,AS
../data/DWT_NEW/AS/New_AS_014.wav,140.0236358642578,-51.39060592651367,13.219615936279297,-6.38519287109375,4.445749759674072,-7.028445243835449,3.7594990730285645,-2.580825090408325,7.704120635986328,-1.716935634613037,0.5857805609703064,-2.367309093475342,4.633467674255371,0.8449245691299438,-3.0566341876983643,4.535628318786621,1.8585939407348633,-1.449014663696289,3.31538462638855,5.307254791259766,-0.2861275374889374,-4.228156089782715,-2.3983311653137207,4.035778999328613,-3.9125757217407227,-1.8389837741851807,-0.3464026153087616,-1.7285771369934082,2.970503330230713,1.621546983718872,-0.7226648926734924,-3.5849974155426025,-0.8311725854873657,-0.7664659023284912,1.9275891780853271,-1.983030080795288,-0.0747188925743103,-0.7366953492164612,-1.1273927688598633,2.553574800491333,0.4457418620586395,0.15363287925720215,0.09326651692390442,0.04055079072713852,0.08134162425994873,0.1432952880859375,0.18623951077461243,0.1973213255405426,0.17585083842277527,0.15399649739265442,0.1944170594215393,0.2747514843940735,0.33156144618988037,0.3275415301322937,0.25096186995506287,0.13902467489242554,0.10966280847787857,0.15903368592262268,0.16633053123950958,0.19991925358772278,0.2760528326034546,0.3013228476047516,0.24245038628578186,0.1560100018978119,0.13050056993961334,0.16630779206752777,0.23584404587745667,0.23105157911777496,0.15117676556110382,0.14574822783470154,0.20399948954582214,0.2032342553138733,0.19545456767082214,0.23931491374969482,0.26833513379096985,0.27602076530456543,0.29922300577163696,0.3112902343273163,0.31551605463027954,0.34013134241104126,0.37598252296447754,0.3961430490016937,0.3886234164237976,0.3454843759536743,0.28835439682006836,0.30016857385635376,0.362333744764328,0.42713189125061035,0.48114800453186035,0.5035751461982727,0.47923195362091064,0.4268665909767151,0.3838421702384949,0.3293018937110901,0.2159266620874405,0.1456652581691742,0.16805651783943176,0.21123141050338745,0.21679839491844177,0.3090404272079468,0.41885167360305786,AS
../data/DWT_NEW/AS/New_AS_164.wav,170.6915740966797,12.092771530151367,-7.537396430969238,8.884489059448242,-3.518307685852051,1.4984732866287231,3.476728916168213,5.968228340148926,3.3998756408691406,-1.9116549491882324,6.375990390777588,0.1762305051088333,-5.967612266540527,-5.524801254272461,-4.372097015380859,2.9836387634277344,-1.2917287349700928,1.3055269718170166,-4.696135997772217,5.295914173126221,4.243375301361084,-2.6350514888763428,4.893163681030273,-6.902329921722412,-0.4331347942352295,-2.005740165710449,2.715242624282837,-2.3245158195495605,-2.1593077182769775,1.8920066356658936,-1.2318475246429443,-2.1372756958007812,-1.6677865982055664,0.26729005575180054,-0.2212178111076355,-3.243563652038574,1.6766166687011719,-0.032412052154541016,-0.7322781682014465,0.1909525990486145,0.3201356530189514,0.8811088800430298,0.8547272682189941,0.7438229322433472,0.5565077066421509,0.34093141555786133,0.25052064657211304,0.3292059898376465,0.3274461627006531,0.1733897626399994,0.3403588831424713,0.7714261412620544,1.0967178344726562,1.1364012956619263,0.8541920781135559,0.4573339819908142,0.3660585284233093,0.27920442819595337,0.6194889545440674,1.056452751159668,1.0529491901397705,0.6544468402862549,0.32268068194389343,0.5065317153930664,0.8570547699928284,0.869786262512207,0.6073062419891357,0.45801347494125366,0.6938960552215576,0.7878673076629639,0.6693650484085083,0.5009756684303284,0.7736961841583252,0.6944143772125244,0.4914563298225403,0.6715918779373169,0.3501600921154022,0.42157530784606934,0.21371549367904663,0.18125219643115997,0.06922266632318497,0.1941545605659485,0.22347751259803772,0.2768248915672302,0.2740592956542969,0.3769451975822449,0.5819602012634277,0.7973484992980957,0.9652162790298462,1.0138375759124756,0.954986035823822,0.8142826557159424,0.719416081905365,0.7473429441452026,0.7487747073173523,0.6934452652931213,0.6654143333435059,0.6638437509536743,0.6297852396965027,0.5403066277503967,0.41069820523262024,AS
../data/DWT_NEW/AS/New_AS_168.wav,214.02586364746094,0.13231635093688965,1.6616721153259277,5.410877227783203,-1.868651032447815,-0.7658425569534302,-4.951468467712402,5.561408996582031,-1.5422219038009644,-2.179049491882324,5.690770149230957,4.793990612030029,-2.707892656326294,0.6808286905288696,-1.4386074542999268,-2.7980551719665527,4.660462379455566,-1.2718613147735596,-1.2895504236221313,-0.8719629645347595,3.4311327934265137,-0.4711194932460785,3.9047811031341553,-8.632736206054688,-0.02382415533065796,0.15300780534744263,4.666007995605469,-4.9511189460754395,0.1983821988105774,1.421294927597046,0.08453738689422607,-0.5482431054115295,-4.8840532302856445,3.956578493118286,-0.7401684522628784,-4.249436855316162,4.622505187988281,-1.3524595499038696,-0.8762523531913757,1.3314656019210815,0.5113838315010071,0.2649810314178467,0.5265132784843445,0.8492233753204346,1.1316642761230469,1.2967482805252075,1.2892844676971436,1.0755335092544556,0.679964542388916,0.25823816657066345,0.3910478949546814,0.5158076882362366,0.3217233419418335,0.4925426244735718,1.1460891962051392,1.5519096851348877,1.4101461172103882,0.8075500726699829,0.3118509352207184,0.28721699118614197,0.7520021200180054,1.3261339664459229,1.3008935451507568,0.7122395038604736,0.360573947429657,0.8925416469573975,1.1454956531524658,0.7613939046859741,0.5202454328536987,0.9896191954612732,0.9221944808959961,0.7793144583702087,1.082268238067627,1.0854809284210205,1.128184199333191,1.2522351741790771,1.2402242422103882,1.256800889968872,1.274670124053955,1.1757166385650635,1.1521564722061157,1.0427042245864868,0.9655065536499023,0.9160870313644409,0.8745657205581665,0.9313172101974487,1.1321383714675903,1.4154083728790283,1.61525559425354,1.5395432710647583,1.2057749032974243,0.8258915543556213,0.7141956090927124,0.7988197207450867,0.8483880162239075,0.7110956907272339,0.5716997385025024,0.40958353877067566,0.24673351645469666,0.46553748846054077,0.5517838001251221,AS
../data/DWT_NEW/AS/New_AS_018.wav,144.7139892578125,-51.141151428222656,13.370542526245117,-0.5719630122184753,11.705381393432617,-4.399048805236816,3.8461482524871826,-2.2006261348724365,7.620038032531738,3.2365362644195557,1.993539571762085,-5.8609161376953125,-2.4985032081604004,-0.16396385431289673,-3.647569179534912,8.58846664428711,-0.04090535640716553,-0.02074068784713745,2.835261821746826,4.599306106567383,-1.130660057067871,-5.776712417602539,1.3282289505004883,4.788565635681152,-0.4978179931640625,-2.3481063842773438,0.18326394259929657,-0.6790142059326172,1.9246538877487183,1.3072822093963623,-0.358994722366333,-2.7187423706054688,-3.1595306396484375,0.4874684810638428,-0.2329503893852234,2.112466335296631,-2.8578717708587646,-0.14776255190372467,-0.6461617946624756,2.5141687393188477,0.45326679944992065,0.19813105463981628,0.1894424557685852,0.18054421246051788,0.17600396275520325,0.1845150589942932,0.2138795405626297,0.25814568996429443,0.3007534146308899,0.32709646224975586,0.3273741900920868,0.30395448207855225,0.2836688160896301,0.2880805432796478,0.2923891544342041,0.26473790407180786,0.21915800869464874,0.23185938596725464,0.28327643871307373,0.2901037931442261,0.27797672152519226,0.29493752121925354,0.25462600588798523,0.14944866299629211,0.20351853966712952,0.2097238004207611,0.2274944931268692,0.22681239247322083,0.21930798888206482,0.22045592963695526,0.208970844745636,0.2635470926761627,0.30513542890548706,0.2871522009372711,0.3243975043296814,0.34954407811164856,0.33337458968162537,0.3437379002571106,0.3250853717327118,0.3056981563568115,0.2867780029773712,0.2580853998661041,0.22230690717697144,0.18985450267791748,0.17686566710472107,0.1928388625383377,0.22072532773017883,0.22849276661872864,0.22792011499404907,0.23205994069576263,0.28181058168411255,0.3241991400718689,0.3104701340198517,0.22154982388019562,0.2894318103790283,0.24639253318309784,0.24569398164749146,0.3200233280658722,0.3120936453342438,0.3703702688217163,0.39066755771636963,AS
../data/DWT_NEW/AS/New_AS_080.wav,122.42369079589844,-46.92812728881836,18.79885482788086,0.669582724571228,8.265739440917969,-5.635335922241211,1.4820536375045776,-11.043072700500488,1.265498161315918,-3.666527271270752,-0.41286522150039673,-3.3241562843322754,2.541543960571289,1.0586578845977783,-5.181040287017822,4.601660251617432,-1.427311897277832,-1.383345127105713,0.12308645248413086,-0.08179879188537598,-4.350575923919678,-6.199110984802246,-1.8133851289749146,5.015493392944336,0.13219189643859863,-0.5410455465316772,0.18167564272880554,0.8201916217803955,0.18634817004203796,1.1962454319000244,-0.5328086614608765,0.46103930473327637,-0.670466959476471,3.174844980239868,2.3650002479553223,-0.9760909676551819,0.3289574682712555,0.09531490504741669,1.1300015449523926,-0.5192567706108093,0.35375550389289856,0.0966053456068039,0.05280302092432976,0.03678807616233826,0.08801259100437164,0.14139564335346222,0.1768428534269333,0.18048521876335144,0.14437957108020782,0.08252166956663132,0.09540845453739166,0.17542213201522827,0.216359481215477,0.18180900812149048,0.08773830533027649,0.12447038292884827,0.20037925243377686,0.17149591445922852,0.12230436503887177,0.24260370433330536,0.271771103143692,0.18956434726715088,0.20127946138381958,0.21168257296085358,0.26367896795272827,0.34174829721450806,0.2972143888473511,0.24149753153324127,0.24207767844200134,0.31499916315078735,0.2890472412109375,0.22818320989608765,0.2023497074842453,0.22585657238960266,0.20027725398540497,0.14796186983585358,0.16900354623794556,0.14630794525146484,0.14450156688690186,0.15754064917564392,0.17374178767204285,0.18619205057621002,0.1992502510547638,0.19740594923496246,0.17789962887763977,0.14696654677391052,0.13950197398662567,0.1489306092262268,0.17603835463523865,0.17805247008800507,0.1552523374557495,0.14916455745697021,0.14718252420425415,0.16551543772220612,0.2512781322002411,0.35259008407592773,0.4381033778190613,0.4109307825565338,0.2623533606529236,0.2927458882331848,0.43467122316360474,AS
../data/DWT_NEW/AS/New_AS_157.wav,127.14852142333984,-26.022680282592773,23.537782669067383,-4.401393890380859,-8.058209419250488,-2.188478469848633,-9.820707321166992,9.132627487182617,7.09493350982666,8.6998291015625,0.0965660810470581,-1.0757133960723877,6.377990245819092,1.7150371074676514,8.012298583984375,6.763324737548828,-9.719913482666016,3.3944506645202637,1.0269994735717773,5.601938724517822,-2.200371026992798,-7.534984588623047,2.355070114135742,-1.715002417564392,-9.199762344360352,5.473824501037598,10.046292304992676,-0.517779529094696,-3.0833001136779785,7.533112525939941,5.1640424728393555,2.9240798950195312,-0.7832781672477722,-3.422523260116577,1.0145816802978516,3.600088119506836,2.2613606452941895,-3.395869493484497,-0.3128744065761566,-0.420984148979187,0.2926207184791565,0.1414821296930313,0.2422250509262085,0.32292038202285767,0.36372268199920654,0.35193538665771484,0.2908288836479187,0.2095930129289627,0.20747800171375275,0.3122960925102234,0.40889787673950195,0.4266242980957031,0.34456998109817505,0.19032970070838928,0.10385605692863464,0.2282552570104599,0.2763633131980896,0.22735744714736938,0.20118719339370728,0.25766122341156006,0.26573824882507324,0.26526689529418945,0.2820558547973633,0.2238837480545044,0.13834859430789948,0.1730700135231018,0.2521752119064331,0.2787492275238037,0.17255350947380066,0.14426957070827484,0.20726802945137024,0.2323341965675354,0.194244384765625,0.21312226355075836,0.22663922607898712,0.1906132698059082,0.1491103172302246,0.14131397008895874,0.22613313794136047,0.3634577989578247,0.4837587773799896,0.5597361326217651,0.5744049549102783,0.5302594900131226,0.4697825312614441,0.43277227878570557,0.42951565980911255,0.43674761056900024,0.4695984423160553,0.5898653268814087,0.6074524521827698,0.5594388246536255,0.5064443945884705,0.3865680396556854,0.20618154108524323,0.1934630423784256,0.25315845012664795,0.21268488466739655,0.1186058521270752,0.060821741819381714,0.09977573901414871,AS
../data/DWT_NEW/AS/New_AS_199.wav,186.53485107421875,-47.475868225097656,-14.194930076599121,40.166236877441406,-16.681880950927734,-20.124984741210938,7.356327056884766,-1.267960548400879,-9.54056453704834,3.5201334953308105,3.1358742713928223,-2.574906587600708,1.5531660318374634,7.92225456237793,2.112241268157959,-2.498507261276245,1.1111353635787964,6.382598876953125,4.104432106018066,6.604560852050781,-3.2145981788635254,2.0247979164123535,0.2437085509300232,-4.0804314613342285,-1.7044780254364014,4.361491680145264,-0.7012777924537659,-1.585065245628357,-4.237013816833496,-1.6764190196990967,1.053053379058838,-3.0311012268066406,-2.6178054809570312,-1.052655816078186,0.18137142062187195,-3.0909810066223145,1.626490592956543,0.3018314838409424,-1.6046643257141113,1.0341575145721436,0.6990476250648499,0.2717941105365753,0.2489280253648758,0.24250631034374237,0.2595200836658478,0.28640928864479065,0.3024479150772095,0.29170307517051697,0.2568092942237854,0.23417580127716064,0.26126614212989807,0.3029041886329651,0.30598878860473633,0.2791162133216858,0.2936527729034424,0.37794017791748047,0.394540011882782,0.30937063694000244,0.2752308249473572,0.28758886456489563,0.18220862746238708,0.33086255192756653,0.3860586881637573,0.27291882038116455,0.18712037801742554,0.14509090781211853,0.22663596272468567,0.22633971273899078,0.159638911485672,0.10592284798622131,0.24105757474899292,0.21744182705879211,0.3140309453010559,0.44028693437576294,0.3673824667930603,0.5378472805023193,0.49950432777404785,0.5446599721908569,0.5152952671051025,0.49591392278671265,0.5009961128234863,0.5097687244415283,0.5318858623504639,0.5468397736549377,0.5206571817398071,0.43498122692108154,0.3504190742969513,0.46089640259742737,0.5637732744216919,0.5384615659713745,0.45967787504196167,0.3583908677101135,0.29075032472610474,0.27430590987205505,0.3640683889389038,0.3769643008708954,0.33560338616371155,0.28505146503448486,0.38419046998023987,0.41388750076293945,0.39446043968200684,AS
../data/DWT_NEW/AS/New_AS_095.wav,126.76631927490234,-45.55986785888672,18.87468147277832,-3.169509172439575,7.749572277069092,-9.588769912719727,-2.133854389190674,-13.074308395385742,-0.5753900408744812,-4.460484504699707,-1.5882689952850342,-1.2914925813674927,1.6491382122039795,-0.9504793286323547,-2.1858062744140625,6.652765274047852,-0.6224451065063477,-3.8249168395996094,-2.582216262817383,0.7974509000778198,-2.591646909713745,-2.2082126140594482,2.0887959003448486,2.414292097091675,-3.069209575653076,-0.7174888849258423,0.8750061392784119,0.7515698075294495,-0.02230018377304077,1.728735327720642,0.48775410652160645,-1.245604395866394,-1.3380887508392334,3.6377453804016113,0.7624526023864746,-0.13502299785614014,0.050986871123313904,-1.0737508535385132,1.1815855503082275,0.4208877980709076,0.3806324303150177,0.2058897167444229,0.2200869619846344,0.221485435962677,0.20692333579063416,0.1754097044467926,0.13195453584194183,0.08332625031471252,0.039392922073602676,0.019537044689059258,0.04361748322844505,0.08174584805965424,0.13120093941688538,0.17768260836601257,0.20109012722969055,0.18692314624786377,0.13801608979701996,0.09601788967847824,0.15064004063606262,0.19653600454330444,0.1911129355430603,0.1544351577758789,0.10797600448131561,0.16076380014419556,0.27739545702934265,0.2799372971057892,0.16503453254699707,0.11553934216499329,0.2727372944355011,0.32373523712158203,0.2286394089460373,0.21812400221824646,0.3027071952819824,0.2831445336341858,0.2760205566883087,0.2956637144088745,0.28755730390548706,0.3228394687175751,0.3392215669155121,0.3616357147693634,0.37395143508911133,0.3837548792362213,0.4169732332229614,0.4346601366996765,0.4277397394180298,0.3979993462562561,0.35490238666534424,0.29710447788238525,0.25311654806137085,0.25860828161239624,0.29193514585494995,0.33469873666763306,0.3659343123435974,0.3351954221725464,0.23919419944286346,0.12309033423662186,0.0686592161655426,0.20576037466526031,0.25461825728416443,0.2294650375843048,0.18430033326148987,AS
../data/DWT_NEW/AS/New_AS_016.wav,140.472900390625,-59.987186431884766,12.01012897491455,-7.499617576599121,11.106220245361328,-3.0429484844207764,5.81857967376709,0.6592293381690979,8.786277770996094,9.026344299316406,1.0667331218719482,2.956552028656006,5.691573619842529,4.463423252105713,-7.461978912353516,8.782450675964355,0.16903507709503174,1.321241855621338,-0.7927676439285278,2.38797664642334,-3.191244125366211,-2.333681106567383,2.804849147796631,3.8333828449249268,-1.2015411853790283,-1.5898375511169434,1.3673806190490723,-3.041943073272705,0.9372672438621521,1.5317661762237549,-1.5022623538970947,-3.5375633239746094,-3.783531665802002,0.7317574620246887,0.11747531592845917,0.12227801978588104,-0.9097182154655457,-1.0042215585708618,-1.4560303688049316,1.793999433517456,0.49638113379478455,0.328407347202301,0.37879490852355957,0.39690101146698,0.37399718165397644,0.3099210262298584,0.2306538075208664,0.20532111823558807,0.2710089385509491,0.3390544652938843,0.3399959206581116,0.24286305904388428,0.09483900666236877,0.20073266327381134,0.3547581136226654,0.3887385427951813,0.2908749580383301,0.21451544761657715,0.3072541058063507,0.2845117449760437,0.18143481016159058,0.24080514907836914,0.261759877204895,0.19270098209381104,0.21957778930664062,0.19873671233654022,0.1844591200351715,0.17388342320919037,0.14343571662902832,0.14004473388195038,0.17234782874584198,0.15282367169857025,0.11413964629173279,0.16297101974487305,0.1629883497953415,0.12604737281799316,0.1411290466785431,0.12941429018974304,0.1332797110080719,0.16140121221542358,0.19451403617858887,0.2202606499195099,0.24542704224586487,0.25205373764038086,0.24059900641441345,0.21776382625102997,0.20668652653694153,0.23074094951152802,0.2652563452720642,0.28233760595321655,0.2858610153198242,0.2829590439796448,0.3073667287826538,0.36257874965667725,0.415303111076355,0.4247233271598816,0.4182637333869934,0.4462168216705322,0.47701266407966614,0.4947258234024048,0.48276475071907043,AS
../data/DWT_NEW/AS/New_AS_102.wav,122.77233123779297,-49.913333892822266,12.448795318603516,-4.0034966468811035,6.1433539390563965,-7.700038909912109,-0.9969112873077393,-8.211406707763672,1.5573768615722656,-0.6080835461616516,-2.7976951599121094,-1.8702385425567627,0.09832018613815308,3.2620773315429688,-1.1884926557540894,10.026802062988281,0.5680076479911804,1.1709609031677246,4.447817802429199,0.39511874318122864,-1.6558265686035156,-3.8012046813964844,-0.36413419246673584,2.186007499694824,4.071080684661865,-1.641851544380188,3.3526499271392822,-1.2012008428573608,2.954397678375244,1.8879398107528687,-1.5291615724563599,-0.40754640102386475,-0.3634059429168701,3.070354461669922,-1.775939702987671,2.8461732864379883,-2.2548437118530273,0.8364512920379639,0.5101724863052368,0.3559540808200836,0.3481803834438324,0.082475945353508,0.10117374360561371,0.11650983989238739,0.11762047559022903,0.09871627390384674,0.06240050494670868,0.04281061515212059,0.09677573293447495,0.15955619513988495,0.20668645203113556,0.22499682009220123,0.21575702726840973,0.1896461546421051,0.1541898250579834,0.11122515797615051,0.0739387571811676,0.06275124847888947,0.04956869035959244,0.11598503589630127,0.19172212481498718,0.1957772970199585,0.1270725280046463,0.0654837116599083,0.07592702656984329,0.16695009171962738,0.18966016173362732,0.14112471044063568,0.09052804112434387,0.17231488227844238,0.20476676523685455,0.1753661334514618,0.1817018985748291,0.2316858172416687,0.2466292828321457,0.2570732533931732,0.2801426351070404,0.28957605361938477,0.28550657629966736,0.3071398437023163,0.36749136447906494,0.40074414014816284,0.4010780453681946,0.36333104968070984,0.30614757537841797,0.2608761787414551,0.22601132094860077,0.22935156524181366,0.2762574553489685,0.324897438287735,0.37080734968185425,0.3934224247932434,0.35829615592956543,0.26113155484199524,0.13128533959388733,0.09204527735710144,0.13034847378730774,0.17208516597747803,0.16883046925067902,0.19954989850521088,0.21699722111225128,AS
../data/DWT_NEW/AS/New_AS_057.wav,63.70404052734375,-73.39868927001953,14.978135108947754,2.8551502227783203,3.607163906097412,16.487812042236328,1.239271879196167,-1.0283892154693604,5.915243148803711,0.16819888353347778,-2.5505528450012207,-6.6921234130859375,-1.0137284994125366,-2.150629758834839,-0.008672475814819336,-5.2768025398254395,3.3612542152404785,2.815568447113037,5.016310691833496,-6.260439872741699,-0.018346428871154785,-3.812074899673462,-0.031584322452545166,-10.597179412841797,-6.230314254760742,0.8990904092788696,2.6956048011779785,1.6847569942474365,-2.3189964294433594,8.657014846801758,-0.341345876455307,6.897618293762207,-3.6404123306274414,-2.1774420738220215,-3.240889072418213,0.7433401346206665,-3.060450315475464,-0.37603336572647095,-1.4548110961914062,-2.882086992263794,0.2501028776168823,0.07666973769664764,0.056684963405132294,0.03153975307941437,0.007362145930528641,0.022968051955103874,0.03647145628929138,0.034693725407123566,0.026179540902376175,0.06041138246655464,0.11410918831825256,0.15659716725349426,0.1645674705505371,0.12766988575458527,0.05915618687868118,0.05755741149187088,0.07259264588356018,0.054731760174036026,0.12404320389032364,0.17054301500320435,0.12969958782196045,0.10035853087902069,0.11131641268730164,0.11183660477399826,0.13806313276290894,0.13710977137088776,0.14650976657867432,0.13838043808937073,0.12016377598047256,0.14306341111660004,0.15475225448608398,0.12104770541191101,0.11407077312469482,0.12480267137289047,0.09307698905467987,0.06475582718849182,0.06499221920967102,0.04970035329461098,0.04216909781098366,0.05410280451178551,0.056634657084941864,0.06066601723432541,0.05554120987653732,0.04477396979928017,0.03300933539867401,0.0438791885972023,0.07118762284517288,0.09550759196281433,0.11308518797159195,0.1156720444560051,0.10073324292898178,0.09208850562572479,0.08237694948911667,0.07061560451984406,0.06922870129346848,0.11832669377326965,0.13537366688251495,0.1086912602186203,0.06779696047306061,0.11277763545513153,0.1887655258178711,AS
../data/DWT_NEW/AS/New_AS_130.wav,132.94847106933594,-22.633193969726562,10.159830093383789,-11.577675819396973,-1.9038348197937012,-1.514845848083496,-5.48996639251709,16.31510353088379,-2.9568161964416504,-3.795436382293701,7.390566825866699,3.9886631965637207,9.495766639709473,5.918757438659668,-1.5173821449279785,3.663015842437744,7.383047103881836,6.046099662780762,-0.42007410526275635,5.472958564758301,-4.443611145019531,1.0177419185638428,-1.7059437036514282,-4.635308265686035,-2.7983970642089844,5.159095287322998,8.287073135375977,-2.9399547576904297,-4.639027118682861,5.077455520629883,-6.207677841186523,-2.8090124130249023,-3.38486385345459,0.5743086338043213,-0.6725776195526123,1.895474910736084,-3.7521378993988037,0.9043487906455994,-0.6729507446289062,0.15751013159751892,0.2860439419746399,0.0796070396900177,0.027800261974334717,0.08558076620101929,0.1271381676197052,0.13239869475364685,0.10274584591388702,0.10755551606416702,0.22684496641159058,0.3850422501564026,0.528887152671814,0.6052117347717285,0.5802263617515564,0.44467613101005554,0.2418912649154663,0.08445161581039429,0.12330259382724762,0.10570936650037766,0.2078673541545868,0.3921697735786438,0.45968109369277954,0.3587592840194702,0.18290039896965027,0.09179461002349854,0.10884130746126175,0.19901278614997864,0.2074810266494751,0.1426161825656891,0.10041122883558273,0.11625999212265015,0.1504511833190918,0.18494662642478943,0.19410695135593414,0.22238373756408691,0.2590782940387726,0.24159766733646393,0.24375827610492706,0.22958390414714813,0.20968613028526306,0.15476498007774353,0.21518531441688538,0.3213510513305664,0.38010373711586,0.3806542754173279,0.3328668773174286,0.2801382541656494,0.24732740223407745,0.19358986616134644,0.21791502833366394,0.39981722831726074,0.49296483397483826,0.46283143758773804,0.37669846415519714,0.3168933093547821,0.34716102480888367,0.45579835772514343,0.5477427244186401,0.5498283505439758,0.40877944231033325,0.17310968041419983,0.12162639945745468,AS
../data/DWT_NEW/AS/New_AS_171.wav,175.3533477783203,18.374141693115234,3.414517402648926,12.309497833251953,-1.4517474174499512,-1.1342134475708008,-3.973125696182251,7.454564571380615,3.187849521636963,-1.1163502931594849,5.60549259185791,1.1885602474212646,-1.0377181768417358,-2.7114052772521973,-3.250816583633423,-2.3647260665893555,1.6524131298065186,-0.21286261081695557,1.5620787143707275,-1.6665031909942627,3.047830581665039,-0.868945837020874,3.370699882507324,-4.02235746383667,-4.408927917480469,-0.8517186641693115,5.317989349365234,1.682357907295227,-4.5664801597595215,0.7402549386024475,0.9428105354309082,-3.1134462356567383,-2.5079197883605957,2.7629942893981934,2.3840317726135254,-4.978560924530029,3.01816725730896,0.6537529230117798,-3.667093276977539,2.6807806491851807,0.32984626293182373,0.24970118701457977,0.5574259757995605,0.9030294418334961,1.1878455877304077,1.3315662145614624,1.2801880836486816,1.0103809833526611,0.5761798024177551,0.2836417555809021,0.5745229721069336,0.6555858850479126,0.3791255056858063,0.5027531981468201,1.1953678131103516,1.5912551879882812,1.379549264907837,0.7185566425323486,0.4751203656196594,0.5159651637077332,0.763237714767456,1.369896411895752,1.3277148008346558,0.834221363067627,0.6155070066452026,0.8564136028289795,1.1907157897949219,1.0505478382110596,0.776841402053833,0.8941162824630737,1.0631656646728516,0.9173920154571533,0.8683069944381714,0.9842525720596313,0.8875366449356079,0.8734227418899536,0.9107462167739868,0.9057066440582275,0.9320644736289978,0.8855708241462708,0.8641378879547119,0.8365317583084106,0.884639322757721,0.9552264213562012,1.0184704065322876,1.043985366821289,0.9847357273101807,0.7983818054199219,0.5158326625823975,0.4641903042793274,0.3835875988006592,0.2916293740272522,0.2598161995410919,0.2570720613002777,0.29887500405311584,0.3449057936668396,0.27217110991477966,0.3077353239059448,0.3164108991622925,0.3280123770236969,0.27677008509635925,AS
../data/DWT_NEW/AS/New_AS_067.wav,70.05215454101562,-74.1607894897461,12.164152145385742,-1.5119050741195679,-7.474451065063477,3.7813291549682617,6.345242977142334,-5.724522590637207,-3.556560754776001,-6.859984397888184,2.76161527633667,-0.4873642921447754,-0.2390003204345703,2.4351234436035156,1.03672194480896,-5.288848400115967,-0.42126864194869995,-1.6282987594604492,-1.5504872798919678,7.584202289581299,0.7437485456466675,-0.9742922782897949,3.119166135787964,1.2583414316177368,-6.574003219604492,-0.6107132434844971,-4.28661584854126,4.372397422790527,-1.6879329681396484,1.015454888343811,2.601196050643921,2.9389045238494873,0.8046301007270813,1.0626640319824219,-0.08595073223114014,-0.24477237462997437,2.6839065551757812,-1.11720871925354,0.0806417241692543,0.6696175336837769,0.2623540163040161,0.034741781651973724,0.03304849937558174,0.03212477266788483,0.03434537351131439,0.042012445628643036,0.054319366812705994,0.06741436570882797,0.07650364190340042,0.07834100723266602,0.07121272385120392,0.05629923194646835,0.04166398569941521,0.03909911960363388,0.044442445039749146,0.04714673012495041,0.05544986575841904,0.07177171111106873,0.08041418343782425,0.06862825900316238,0.04083678126335144,0.044557616114616394,0.05547468736767769,0.06203440949320793,0.09782926738262177,0.09342260658740997,0.0746154934167862,0.07849130034446716,0.11169765889644623,0.11194399744272232,0.08875107020139694,0.09779861569404602,0.09550239145755768,0.08133615553379059,0.07677412033081055,0.0607575923204422,0.08360384404659271,0.08694624900817871,0.09875686466693878,0.10158930718898773,0.09894507378339767,0.08920957148075104,0.08774054050445557,0.10602736473083496,0.13188554346561432,0.1612587571144104,0.1859489232301712,0.1929520219564438,0.1769186109304428,0.1384410709142685,0.09475219249725342,0.06365982443094254,0.1228129118680954,0.17509794235229492,0.19115480780601501,0.19601960480213165,0.2163960188627243,0.23775026202201843,0.2296741008758545,0.17966806888580322,0.08473362028598785,AS
../data/DWT_NEW/AS/New_AS_174.wav,211.4722900390625,-2.671738862991333,0.5806659460067749,6.756521701812744,-0.17967694997787476,3.9938342571258545,0.20070385932922363,2.2074027061462402,-5.740273475646973,-3.428987503051758,6.1195502281188965,-0.8597665429115295,-4.999248504638672,1.1154388189315796,4.027506351470947,-4.68766450881958,1.9435819387435913,-0.2934797704219818,-8.38526439666748,-0.5396702289581299,2.4591493606567383,2.0073790550231934,4.378475666046143,-5.494775295257568,-1.708457112312317,1.9576451778411865,-2.341942071914673,-3.0490288734436035,-2.4811322689056396,1.3722604513168335,2.3121728897094727,-3.4905452728271484,-2.47979474067688,1.8621070384979248,0.18904750049114227,-6.605592727661133,4.42783260345459,0.3037117123603821,-1.8714866638183594,2.0098299980163574,0.4982370436191559,0.6910948157310486,0.722644567489624,0.7613165378570557,0.829657256603241,0.9180623292922974,0.9847425222396851,0.959581732749939,0.7798475027084351,0.4466691017150879,0.2103089988231659,0.5997965931892395,0.923446774482727,1.0441888570785522,1.0860508680343628,1.1938098669052124,1.159902572631836,0.764725923538208,0.5277678966522217,0.9909693002700806,1.1027617454528809,1.029975414276123,1.0103697776794434,0.7042540311813354,0.9948668479919434,1.0860337018966675,0.805997371673584,0.6782834529876709,1.028365135192871,1.0583621263504028,0.6829866766929626,0.9630801677703857,1.1413123607635498,0.9539221525192261,1.2059531211853027,1.2540926933288574,1.2539336681365967,1.309720516204834,1.2551088333129883,1.1683485507965088,1.0963866710662842,1.0398128032684326,1.054494857788086,1.128300428390503,1.2054940462112427,1.275002121925354,1.3244383335113525,1.2671047449111938,1.0743293762207031,0.8458660840988159,0.6715006828308105,0.4652780294418335,0.4149792790412903,0.5322047472000122,0.5885465145111084,0.46216756105422974,0.3362811207771301,0.23470798134803772,0.5084496140480042,0.6659076809883118,0.5173150897026062,AS
../data/DWT_NEW/AS/New_AS_189.wav,96.14320373535156,-51.718994140625,38.545799255371094,-2.3274481296539307,-8.7562255859375,-4.081851005554199,3.0634093284606934,-1.247323751449585,11.849481582641602,3.61956787109375,-9.06912899017334,-2.6134707927703857,3.6742942333221436,-8.495899200439453,1.261749267578125,4.307806015014648,1.7224376201629639,-1.326683759689331,-2.915173053741455,4.376376152038574,2.760810136795044,5.732460021972656,-2.1274642944335938,0.04426521062850952,8.432153701782227,9.771631240844727,1.77242910861969,-8.277803421020508,-0.8591747283935547,2.465811252593994,-4.793233394622803,-2.119901180267334,-8.923606872558594,-2.9206349849700928,-0.4498504102230072,-11.18581771850586,-8.347905158996582,6.541342258453369,-1.975611686706543,6.193824768066406,0.34338250756263733,0.10334163904190063,0.08550828695297241,0.06169785559177399,0.06056356430053711,0.10404711961746216,0.1638546586036682,0.22066767513751984,0.25905323028564453,0.2698594033718109,0.2506997585296631,0.21398603916168213,0.20103609561920166,0.23478376865386963,0.2664417028427124,0.2474970519542694,0.1709647923707962,0.11118771880865097,0.17384889721870422,0.18253487348556519,0.15123353898525238,0.23904091119766235,0.2698477804660797,0.1968889832496643,0.10216367244720459,0.07638721168041229,0.05998283624649048,0.04651327431201935,0.10576128959655762,0.18896892666816711,0.2106386125087738,0.2250519096851349,0.2698627710342407,0.3062952160835266,0.3145464360713959,0.3166466951370239,0.2828028202056885,0.23595494031906128,0.1834007054567337,0.12315051257610321,0.11111021041870117,0.16962029039859772,0.2239552140235901,0.23942157626152039,0.20456433296203613,0.14483878016471863,0.12375768274068832,0.12193083018064499,0.10691745579242706,0.15116360783576965,0.22755642235279083,0.26267656683921814,0.246456116437912,0.2029353678226471,0.18777921795845032,0.20108625292778015,0.18972772359848022,0.16186484694480896,0.16550129652023315,0.1894637942314148,0.1769597828388214,AS
../data/DWT_NEW/AS/New_AS_083.wav,112.81688690185547,-54.15502166748047,14.677818298339844,-4.792418479919434,12.488358497619629,4.10460090637207,8.049809455871582,0.7380756139755249,12.618946075439453,7.616937160491943,-4.362498760223389,-3.9647834300994873,3.191197395324707,4.4319000244140625,-1.6548831462860107,5.528318405151367,-2.2229323387145996,-2.089887857437134,2.1332380771636963,0.9061274528503418,-2.183319568634033,-2.3788845539093018,-1.8469282388687134,3.2275965213775635,-1.93461275100708,-1.20947265625,4.165900707244873,0.7966387867927551,2.350524425506592,1.450539231300354,-1.1742099523544312,-3.121840715408325,-0.6118554472923279,-0.5005386471748352,0.7619967460632324,-2.9314606189727783,-0.6715555191040039,0.011702768504619598,1.8563601970672607,-0.16438761353492737,0.34424325823783875,0.16862408816814423,0.13598787784576416,0.10252470523118973,0.08081662654876709,0.09381820261478424,0.13666808605194092,0.18852035701274872,0.23672384023666382,0.2763167917728424,0.30528420209884644,0.32175976037979126,0.3266703486442566,0.31395041942596436,0.2698483467102051,0.193191796541214,0.10880553722381592,0.12337513267993927,0.19193977117538452,0.24949681758880615,0.3025658130645752,0.31633809208869934,0.2501298189163208,0.1335606873035431,0.10143081843852997,0.16419804096221924,0.2460155189037323,0.2369292676448822,0.15490886569023132,0.11577221006155014,0.19637584686279297,0.2179136723279953,0.1853652000427246,0.1925903856754303,0.20943669974803925,0.1916322559118271,0.18097952008247375,0.1621389091014862,0.13756796717643738,0.11294175684452057,0.10186979919672012,0.10162157565355301,0.1142818033695221,0.12746039032936096,0.1286599487066269,0.11429129540920258,0.09344187378883362,0.08526511490345001,0.10897807776927948,0.1655430942773819,0.22528046369552612,0.2764342427253723,0.29814717173576355,0.24556180834770203,0.21947234869003296,0.22390049695968628,0.15709704160690308,0.1871243715286255,0.1981474608182907,0.16537970304489136,0.16111421585083008,AS
